time,freq,util
.155361510,600000,55.9322
.352725625,600000,57.1429
.544948333,600000,55.5556
.738815364,600000,57.1429
.933403020,600000,56
1.128768333,600000,59.4937
1.321594374,600000,55.4054
1.518218697,600000,57.1429
1.717124322,600000,57.1429
1.921127864,600000,58.0247
2.119719530,600000,56.962
2.321099686,600000,57.1429
2.522138332,600000,56.962
2.715733228,600000,49.3333
2.898851613,600000,30.9859
3.083053280,600000,30.9859
3.266376300,600000,32.3944
3.451074686,600000,32.8767
3.635275363,600000,30
3.820098748,600000,31.9444
4.003448852,600000,30
4.185813488,600000,31.4286
4.369234425,600000,31.9444
4.552381352,600000,30
4.735600310,600000,33.3333
4.921144008,600000,30
5.103873019,600000,30.4348
5.286748331,600000,33.3333
5.469304060,600000,32.8767
5.651860154,600000,30.9859
5.835280727,600000,29.4118
6.018223852,600000,33.7838
6.201889893,600000,30.9859
6.385360310,600000,34.2466
6.567995049,600000,34.2466
6.749924528,600000,32.8767
6.933583643,600000,30
7.117990882,600000,32.8767
7.301135882,600000,34.2466
7.485252757,600000,30
7.668518538,600000,33.7838
7.854255726,600000,32.8767
8.037490778,600000,33.7838
8.219226299,600000,32.3944
8.402758226,600000,31.9444
8.600827809,600000,32.4675
8.782444736,600000,32.3944
8.966471611,600000,32.8767
9.150366611,600000,30.9859
9.334934892,600000,30.9859
9.517314684,600000,34.2466
9.703152704,600000,36.9863
9.929706558,600000,55.1724
10.114775673,600000,30.9859
10.297498017,600000,35.5263
10.480319527,600000,33.3333
10.663783329,600000,30.9859
10.848243225,600000,34.2466
11.029894943,600000,34.2466
11.214772235,600000,30
11.399133745,600000,34.6667
11.583691089,600000,29.5775
11.767908797,600000,34.2466
11.949653901,600000,32.8767
12.133724839,600000,31.9444
12.317490672,600000,35.1351
12.500371609,600000,32.3944
12.685437391,600000,29.5775
12.868870047,600000,31.9444
13.052595307,600000,31.4286
13.237360255,600000,32.8767
13.418886609,600000,32.3944
13.602375619,600000,30.9859
13.787119057,600000,34.6667
13.970137859,600000,32.3944
14.156872963,600000,31.4286
14.339760723,600000,32.8767
14.523463171,600000,30.9859
14.707733171,600000,33.7838
14.901217650,600000,33.7838
15.084880202,600000,31.4286
15.266940515,600000,34.6667
15.450628900,600000,32.3944
15.632910567,600000,30.9859
15.815744629,600000,33.3333
16.008231452,600000,32.4324
16.191003483,600000,32.3944
16.374756608,600000,30
16.558394212,600000,33.7838
16.742484420,600000,30.9859
16.928200045,600000,33.7838
17.111272858,600000,32.3944
17.293965878,600000,28.9855
17.477752128,600000,33.7838
17.660795566,600000,31.4286
17.845619212,600000,30.9859
18.029498274,600000,32.8767
18.212068118,600000,30
18.395313743,600000,34.2466
18.576675618,600000,35.1351
18.759674263,600000,32.3944
18.941370409,600000,31.9444
19.126315669,600000,30.9859
19.309995461,600000,30.9859
19.492102909,600000,31.4286
19.674544680,600000,29.4118
19.858636867,600000,33.7838
20.041610305,600000,32.3944
20.224060148,600000,30
20.408155565,600000,33.3333
20.589727648,600000,32.3944
20.778956190,600000,28.169
20.961230460,600000,34.2466
21.144008169,600000,28.9855
21.328092856,600000,35.1351
21.511192960,600000,32.8767
21.695322387,600000,30.9859
21.878872960,600000,33.3333
22.063118012,600000,30.9859
22.247054158,600000,31.9444
22.429025564,600000,32.8767
22.611870616,600000,30.4348
22.795569314,600000,32.8767
22.980196501,600000,31.9444
23.163984991,600000,30
23.349649939,600000,33.7838
23.534749991,600000,30
23.720139782,600000,31.5068
23.904142803,600000,29.4118
24.087971084,600000,34.6667
24.271230928,600000,31.9444
24.457959522,600000,35.5263
24.640436397,600000,30.9859
24.823760980,600000,30.4348
25.006668740,600000,31.9444
25.190849469,600000,33.3333
25.373238688,600000,30
25.557232125,600000,32.8767
25.740163792,600000,31.4286
25.925856396,600000,32.8767
26.108290094,600000,36
26.289873948,600000,31.9444
26.472745979,600000,32.3944
26.656234989,600000,30
26.839225250,600000,32.8767
27.022418427,600000,30.4348
27.207144521,600000,31.9444
27.392906760,600000,30.5556
27.575824677,600000,31.4286
27.759033374,600000,30.9859
27.942826395,600000,30
28.126259624,600000,33.3333
28.309270145,600000,31.9444
28.492275874,600000,30
28.675033739,600000,30.4348
28.860060249,600000,33.7838
29.042762176,600000,31.4286
29.226859884,600000,32.8767
29.409339520,600000,31.9444
29.591813426,600000,30.4348
29.776424207,600000,31.9444
29.962936707,600000,30.5556
30.149468061,600000,32.8767
30.335092228,600000,31.9444
30.520383321,600000,32.8767
30.705017175,600000,29.5775
30.887870769,600000,34.2466
31.069270404,600000,34.2466
31.252227123,600000,31.4286
31.434536290,600000,28.9855
31.617404519,600000,36.8421
31.799348373,600000,35.1351
31.985910144,600000,30.5556
32.169766967,600000,31.4286
32.352541966,600000,31.9444
32.535762956,600000,32.3944
32.717058581,600000,33.3333
32.899075873,600000,32.8767
33.081216862,600000,32.3944
33.264096185,600000,29.4118
33.449652383,600000,31.9444
33.632084101,600000,30.9859
33.816671758,600000,31.9444
33.998658476,600000,33.3333
34.180566862,600000,31.4286
34.362791028,600000,30
34.545453476,600000,31.4286
34.728167330,600000,34.2466
34.913499205,600000,32.4324
35.098640195,600000,30.9859
35.280593997,600000,31.4286
35.463925403,600000,30
35.648749934,600000,30.9859
35.831472538,600000,32.3944
36.014514569,600000,30
36.198301132,600000,34.6667
36.385376757,600000,31.9444
36.568436913,600000,36
36.751599829,600000,31.9444
36.935253840,600000,30
37.118994517,600000,34.2466
37.302559256,600000,30
37.485033475,600000,32.8767
37.668147746,600000,34.2466
37.851121391,600000,31.4286
38.034212641,600000,30.9859
38.218126964,600000,32.8767
38.400268579,600000,33.3333
38.584429308,600000,30.9859
38.767327485,600000,38.4615
38.948805401,600000,32.3944
39.136638422,600000,36.8421
39.319587849,600000,32.8767
39.527736807,600000,55
39.718068057,600000,46.25
39.899918109,600000,32.3944
40.082080089,600000,32.3944
40.264517380,600000,28.9855
40.447285870,600000,35.1351
40.629424932,600000,32.3944
40.812020817,600000,30
40.995673630,600000,31.4286
41.178502067,600000,31.4286
41.360654671,600000,32.8767
41.544213942,600000,30.4348
41.727487119,600000,35.5263
41.909589254,600000,32.3944
42.093941807,600000,28.9855
42.279060296,600000,32.8767
42.463032431,600000,30
42.647419983,600000,33.3333
42.830909410,600000,31.9444
43.015504931,600000,30.9859
43.198894150,600000,35.1351
43.386742639,600000,32.4324
43.570748368,600000,31.4286
43.755261389,600000,31.9444
43.939733108,600000,31.9444
44.123924827,600000,30
44.306691493,600000,35.1351
44.501241285,600000,31.5068
44.683809722,600000,30
44.867531962,600000,32.8767
45.051838264,600000,31.9444
45.234085347,600000,29.4118
45.420943055,600000,32.4324
45.605259461,600000,30.4348
45.788120711,600000,32.8767
45.970042690,600000,32.3944
46.152431076,600000,30
46.335446492,600000,31.4286
46.517791024,600000,36
46.699578211,600000,31.9444
46.886558836,600000,32.8767
47.068639096,600000,33.7838
47.251397065,600000,35.1351
47.434544148,600000,30
47.617707794,600000,36.8421
47.799891909,600000,32.8767
47.985939200,600000,32.3944
48.170120815,600000,33.3333
48.354496492,600000,31.4286
48.537247377,600000,34.6667
48.719571856,600000,32.3944
48.903486752,600000,31.9444
49.088693106,600000,32.8767
49.272713158,600000,31.9444
49.456313210,600000,32.8767
49.645560293,600000,32.4675
49.829002220,600000,32.3944
50.013641595,600000,31.9444
50.197362533,600000,34.6667
50.380020918,600000,34.2466
50.564056960,600000,30
50.748841230,600000,31.9444
50.932828782,600000,31.9444
51.116873001,600000,31.9444
51.299242897,600000,34.6667
51.484504511,600000,30
51.668423470,600000,35.1351
51.850930605,600000,32.8767
52.033925240,600000,30.4348
52.217402323,600000,33.7838
52.400063157,600000,31.9444
52.583398990,600000,30.4348
52.767990292,600000,33.7838
52.954107844,600000,30.5556
53.137807531,600000,34.2466
53.320490813,600000,30.9859
53.503928938,600000,30
53.687653469,600000,35.1351
53.871556177,600000,32.8767
54.054921437,600000,30.9859
54.238127010,600000,34.6667
54.425428156,600000,34.6667
54.608990916,600000,32.8767
54.792920083,600000,31.4286
54.976360187,600000,30.9859
55.160655499,600000,30.9859
55.344473624,600000,30
55.527593260,600000,35.1351
55.711486958,600000,31.9444
55.895935968,600000,30
56.078947582,600000,32.3944
56.262841124,600000,30.9859
56.446329301,600000,30.9859
56.629492791,600000,32.3944
56.813150811,600000,30.9859
56.997425082,600000,33.7838
57.180275447,600000,31.9444
57.368859717,600000,30.5556
57.551559249,600000,32.8767
57.734892946,600000,30.4348
57.918069196,600000,34.6667
58.101870238,600000,30.9859
58.285378415,600000,30.9859
58.468969300,600000,32.3944
58.651749456,600000,30.9859
58.835801071,600000,30.9859
59.019579352,600000,32.3944
59.202897998,600000,30
59.385350289,600000,31.4286
59.569166019,600000,31.9444
59.752265758,600000,28.9855
59.936338518,600000,33.3333
60.120918258,600000,30.5556
60.303481695,600000,29.4118
60.491507112,600000,33.3333
60.673880602,600000,30
60.857001539,600000,33.3333
61.039978726,600000,30.9859
61.223750028,600000,31.4286
61.407436695,600000,32.8767
61.589819507,600000,33.7838
61.772975237,600000,30.4348
61.957883153,600000,33.7838
62.140706226,600000,32.8767
62.324034143,600000,29.4118
62.507327788,600000,32.8767
62.689849872,600000,33.3333
62.872909403,600000,30
63.056468309,600000,31.9444
63.240557788,600000,30
63.426187111,600000,31.9444
63.609912059,600000,31.4286
63.793064350,600000,31.9444
63.977801694,600000,32.8767
64.160729506,600000,30.9859
64.344187371,600000,28.3582
64.528115652,600000,32.8767
64.710690183,600000,31.9444
64.893529767,600000,32.3944
65.079404766,600000,32.8767
65.261197787,600000,32.3944
65.450302527,600000,30.5556
65.633501902,600000,30.9859
65.816893881,600000,34.6667
65.998802162,600000,33.3333
66.182032891,600000,31.9444
66.366647422,600000,32.3944
66.548424089,600000,32.3944
66.732813985,600000,30.5556
66.916857995,600000,33.3333
67.099808932,600000,31.9444
67.283158880,600000,30
67.467465599,600000,34.6667
67.649107578,600000,33.3333
67.832772265,600000,30
68.020513567,600000,35.6164
68.202623724,600000,30.4348
68.385115338,600000,30.9859
68.570764713,600000,36.4865
68.752385338,600000,31.4286
68.935285078,600000,30
69.119300546,600000,33.7838
69.303602786,600000,30
69.487132838,600000,34.2466
69.668962525,600000,31.4286
69.853898098,600000,30.9859
70.038698931,600000,35.5263
70.222061900,600000,33.3333
70.405803983,600000,30.9859
70.595798671,600000,31.5789
70.779222212,600000,31.9444
70.964422941,600000,30
71.147606431,600000,36
71.329082785,600000,32.3944
71.511776118,600000,30
71.696227889,600000,30.9859
71.878154712,600000,33.3333
72.061842680,600000,31.9444
72.245821535,600000,31.9444
72.432310180,600000,31.9444
72.615659764,600000,31.9444
72.799685493,600000,30.9859
72.983275076,600000,32.3944
73.167704815,600000,34.6667
73.349712055,600000,32.8767
73.534969815,600000,30.9859
73.719367992,600000,31.9444
73.903394190,600000,32.3944
74.086858773,600000,32.8767
74.269852888,600000,31.4286
74.452933409,600000,30
74.635625440,600000,32.8767
74.824737732,600000,30
75.008556794,600000,31.9444
75.194602940,600000,31.9444
75.378344398,600000,36
75.559953669,600000,32.3944
75.751480908,600000,30.137
75.935873877,600000,31.9444
76.121019814,600000,30.5556
76.304168773,600000,31.4286
76.487704554,600000,34.6667
76.669828877,600000,34.2466
76.853955700,600000,30
77.040493199,600000,31.5068
77.224568720,600000,30
77.407794970,600000,35.1351
77.590896220,600000,31.9444
77.773910595,600000,30.4348
77.957360855,600000,33.7838
78.138548407,600000,34.2466
78.321148668,600000,36
78.504440647,600000,31.9444
78.687797105,600000,35.1351
78.871513563,600000,30
79.054265386,600000,31.4286
79.238780230,600000,30.9859
79.422841949,600000,31.5068
79.606410646,600000,32.3944
79.789570438,600000,31.9444
79.977244657,600000,35.0649
80.161188354,600000,33.3333
80.344604396,600000,30
80.528817209,600000,32.8767
80.711025750,600000,32.3944
80.895320333,600000,30
81.077975906,600000,32.3944
81.260581219,600000,33.7838
81.444250229,600000,32.3944
81.628000281,600000,32.8767
81.810265021,600000,33.3333
81.994377208,600000,30
82.177790645,600000,34.2466
82.360056999,600000,30.9859
82.542798822,600000,30.4348
82.725498145,600000,30.9859
82.909246999,600000,33.3333
83.092356166,600000,30
83.275043926,600000,31.4286
83.459226895,600000,33.7838
83.643155384,600000,33.3333
83.827478926,600000,34.2466
84.010680176,600000,32.8767
84.193599395,600000,30.9859
84.377139811,600000,32.3944
84.560049967,600000,33.3333
84.743489499,600000,30
84.927084342,600000,32.8767
85.110726478,600000,32.3944
85.292590957,600000,30.9859
85.475382675,600000,31.4286
85.659510071,600000,31.9444
85.843172363,600000,30
86.027541477,600000,34.2466
86.211504290,600000,30
86.394899029,600000,30
86.577831946,600000,32.8767
86.760254185,600000,31.4286
86.942915644,600000,28.9855
87.126547206,600000,32.3944
87.308943821,600000,30.9859
87.492405123,600000,33.3333
87.675376216,600000,30.9859
87.859025747,600000,33.3333
88.048172831,600000,30.9859
88.231391164,600000,31.4286
88.413917987,600000,28.9855
88.597783716,600000,34.6667
88.780067987,600000,31.4286
88.964871268,600000,32.8767
89.148305799,600000,33.3333
89.330565070,600000,30.9859
89.513879393,600000,29.4118
89.696902674,600000,33.7838
89.879107153,600000,32.3944
90.062436111,600000,30
90.245936163,600000,33.3333
90.430514653,600000,30.9859
90.613933923,600000,30
90.797880746,600000,33.7838
90.979915225,600000,33.3333
91.162892517,600000,32.3944
91.347121527,600000,31.9444
91.535037361,600000,32.4324
91.717579392,600000,34.6667
91.904819913,600000,29.5775
92.087764079,600000,35.1351
92.269467256,600000,35.1351
92.451140589,600000,32.3944
92.634274027,600000,30
92.818628714,600000,31.9444
93.002711162,600000,32.8767
93.186774443,600000,32.8767
93.370412516,600000,32.3944
93.554170224,600000,28.9855
93.738352985,600000,33.7838
93.921220745,600000,33.3333
94.105762255,600000,31.9444
94.288840849,600000,30.9859
94.472844130,600000,30
94.657388141,600000,34.6667
94.839550484,600000,33.3333
95.025583453,600000,28.9855
95.209438713,600000,32.8767
95.393858140,600000,30
95.577521994,600000,33.7838
95.758908713,600000,32.3944
95.943215223,600000,31.9444
96.127758036,600000,34.2466
96.310495796,600000,30.9859
96.493456942,600000,31.4286
96.682135119,600000,31.0811
96.866205379,600000,32.8767
97.050250431,600000,30
97.235080692,600000,30
97.418809702,600000,32.8767
97.603172254,600000,31.9444
97.786333035,600000,32.8767
97.970669546,600000,31.4286
98.153325327,600000,30
98.335900483,600000,33.3333
98.519005900,600000,31.9444
98.701615639,600000,32.3944
98.884364493,600000,30.4348
99.067629910,600000,35.5263
99.250761993,600000,31.4286
99.438787618,600000,30.137
99.621694232,600000,32.3944
99.805156784,600000,30
99.988040482,600000,33.3333
100.172011107,600000,31.9444
100.355236524,600000,28.9855
100.538008451,600000,34.2466
100.719889649,600000,31.4286
100.906996888,600000,32.4324
101.089223659,600000,34.2466
101.272004076,600000,30
101.454926992,600000,31.4286
101.637675482,600000,34.6667
101.821448138,600000,32.3944
102.003745638,600000,30
102.187965482,600000,34.2466
102.370733502,600000,32.8767
102.554501783,600000,30.4348
102.738110794,600000,31.9444
102.920342721,600000,33.3333
103.102543814,600000,28.9855
103.285515950,600000,32.3944
103.467437825,600000,36
103.649976939,600000,31.9444
103.833508502,600000,31.4286
104.017349491,600000,32.8767
104.200778866,600000,32.3944
104.383510637,600000,30.9859
104.567520220,600000,34.6667
104.749985428,600000,34.2466
104.939849751,600000,31.9444
105.124135532,600000,30
105.307784022,600000,35.1351
105.493784334,600000,30.5556
105.678166157,600000,33.7838
105.860178761,600000,32.3944
106.043236730,600000,30.9859
106.225782876,600000,34.2466
106.410033292,600000,31.9444
106.593372251,600000,30
106.777409803,600000,32.8767
106.960894178,600000,34.2466
107.144214698,600000,30
107.327100011,600000,34.2466
107.509930271,600000,30.9859
107.693178813,600000,30
107.877355792,600000,33.7838
108.065730167,600000,33.3333
108.249101104,600000,32.3944
108.432905792,600000,30.9859
108.616274489,600000,31.4286
108.800136104,600000,30.9859
108.984178708,600000,30.9859
109.167823812,600000,33.3333
109.350008395,600000,30.9859
109.533587510,600000,30
109.717168968,600000,33.3333
109.899722770,600000,33.3333
110.083287874,600000,30
110.266185010,600000,32.3944
110.448481833,600000,32.8767
110.632585270,600000,32.8767
110.814991207,600000,31.4286
110.997774489,600000,33.7838
111.180226676,600000,32.3944
111.363771051,600000,30
111.547519280,600000,35.1351
111.730262665,600000,30.9859
111.914225790,600000,31.9444
112.098254019,600000,33.3333
112.281045530,600000,33.3333
112.463874332,600000,33.3333
112.646731832,600000,31.9444
112.828960165,600000,34.6667
113.012538602,600000,31.4286
113.196302248,600000,32.8767
113.378238967,600000,33.3333
113.560708758,600000,33.3333
113.743846883,600000,28.9855
113.927281154,600000,35.1351
114.110310321,600000,31.9444
114.294120269,600000,30.9859
114.477935946,600000,34.2466
114.660638654,600000,31.9444
114.843666414,600000,30.4348
115.026986414,600000,31.9444
115.210506622,600000,30.9859
115.392703966,600000,30.4348
115.575144695,600000,31.4286
115.757862976,600000,32.8767
115.944920633,600000,31.9444
116.129434695,600000,32.8767
116.311693809,600000,30
116.494310268,600000,31.4286
116.677763653,600000,33.7838
116.860107090,600000,32.3944
117.042394538,600000,30
117.226323809,600000,33.3333
117.411100319,600000,31.9444
117.594191934,600000,30
117.777183080,600000,32.8767
117.959387819,600000,34.2466
118.143010840,600000,30
118.324842663,600000,30.4348
118.507821882,600000,32.8767
118.689290059,600000,35.1351
118.871733288,600000,33.3333
119.055530267,600000,32.3944
119.238441152,600000,31.9444
119.421262819,600000,30.9859
119.604230319,600000,31.4286
119.787441985,600000,34.6667
119.969781933,600000,32.3944
120.154419589,600000,30.9859
120.336636412,600000,35.1351
120.522239277,600000,28.9855
120.704732922,600000,30.4348
120.887136724,600000,33.3333
121.070130995,600000,32.8767
121.252546724,600000,31.4286
121.436548703,600000,31.9444
121.619564693,600000,31.9444
121.802171672,600000,30.4348
121.989170214,600000,32.4324
122.171253286,600000,33.3333
122.353443338,600000,28.9855
122.536252661,600000,34.2466
122.719072401,600000,33.7838
122.902290630,600000,30.4348
123.085476099,600000,32.3944
123.268202973,600000,33.7838
123.451813650,600000,32.3944
123.634928494,600000,28.9855
123.818459171,600000,34.2466
124.001227921,600000,32.8767
124.185216879,600000,28.9855
124.368406775,600000,33.3333
124.551315473,600000,32.8767
124.735025421,600000,30
124.919829067,600000,35.1351
125.102695264,600000,30
125.285803702,600000,32.3944
125.467822296,600000,34.2466
125.650870785,600000,30.4348
125.833444535,600000,30.9859
126.016766097,600000,32.8767
126.199463754,600000,32.3944
126.381757504,600000,30.4348
126.565096983,600000,30.9859
126.748954743,600000,32.8767
126.932310732,600000,30.4348
127.115285993,600000,30.9859
127.298318389,600000,34.2466
127.481849899,600000,30.9859
127.666304899,600000,30.9859
127.850122190,600000,31.9444
128.036263597,600000,30.9859
128.228513649,600000,34.2105
128.411618597,600000,32.3944
128.598140003,600000,33.3333
128.780587086,600000,32.3944
128.964534794,600000,30.9859
129.148654794,600000,34.6667
129.331861409,600000,31.9444
129.515032242,600000,31.4286
129.698648752,600000,33.3333
129.882250054,600000,31.9444
130.065628492,600000,31.9444
130.249219690,600000,32.3944
130.432451044,600000,30
130.615763491,600000,30.9859
130.799212971,600000,32.3944
130.983033491,600000,32.8767
131.165325575,600000,31.4286
131.348738283,600000,32.8767
131.531981668,600000,32.3944
131.715699949,600000,31.9444
131.899280939,600000,31.9444
132.084720262,600000,30
132.267661512,600000,35.1351
132.450170053,600000,31.4286
132.632649793,600000,30
132.814988491,600000,30.4348
132.997594793,600000,34.2466
133.179892397,600000,31.9444
133.362806876,600000,31.9444
133.546256824,600000,29.4118
133.729604480,600000,30.9859
133.914758699,600000,30.4348
134.097974532,600000,33.7838
134.279982084,600000,33.3333
134.463658125,600000,30
134.647512084,600000,33.7838
134.830786459,600000,30.9859
135.013424167,600000,30.4348
135.200633490,600000,32.3944
135.383785104,600000,30
135.567350052,600000,35.1351
135.749092865,600000,35.1351
135.932980677,600000,30
136.117904791,600000,34.6667
136.300381458,600000,31.4286
136.483219583,600000,30
136.666550208,600000,34.2466
136.849603958,600000,31.9444
137.036260312,600000,33.7838
137.218598697,600000,31.9444
137.401163385,600000,31.4286
137.583227395,600000,29.4118
137.766623801,600000,32.8767
137.949356093,600000,31.9444
138.133081822,600000,30.4348
138.316298072,600000,30.9859
138.501892603,600000,30.9859
138.684366249,600000,29.4118
138.869210468,600000,32.4324
139.051859738,600000,30.4348
139.235405415,600000,30
139.419813332,600000,32.8767
139.602918488,600000,30
139.787192759,600000,33.7838
139.970322394,600000,33.3333
140.156367134,600000,33.3333
140.338782446,600000,31.9444
140.520938175,600000,32.3944
140.703609738,600000,31.9444
140.887414581,600000,33.7838
141.070520988,600000,31.4286
141.253752706,600000,30.9859
141.436947289,600000,34.2466
141.619425414,600000,31.9444
141.803065779,600000,30.4348
141.986781873,600000,31.9444
142.170197914,600000,30
142.354266612,600000,30.9859
142.538859581,600000,31.9444
142.722775414,600000,30.9859
142.906749060,600000,32.3944
143.090304633,600000,30.9859
143.274848591,600000,30.9859
143.459379372,600000,32.8767
143.643143278,600000,30
143.826371768,600000,32.3944
144.010274476,600000,32.8767
144.195965361,600000,32.8767
144.380436976,600000,31.9444
144.564117653,600000,29.4118
144.748436351,600000,32.8767
144.932145309,600000,31.9444
145.115264111,600000,31.9444
145.298547184,600000,33.3333
145.480859788,600000,32.3944
145.664149527,600000,30
145.848513590,600000,33.7838
146.032847861,600000,30.9859
146.215748329,600000,33.3333
146.399423017,600000,32.8767
146.582330360,600000,31.9444
146.766370256,600000,33.3333
146.949888225,600000,30.9859
147.133982131,600000,30
147.316735881,600000,32.8767
147.501809162,600000,30
147.685236714,600000,29.4118
147.869020933,600000,33.7838
148.052475933,600000,30
148.242533485,600000,33.3333
148.425103381,600000,30.4348
148.608363172,600000,33.7838
148.790660151,600000,31.4286
148.977767755,600000,32.4324
149.160447339,600000,34.2466
149.343604214,600000,30
149.527328068,600000,33.3333
149.710892807,600000,30
149.895018172,600000,30
150.078982703,600000,33.7838
150.264374109,600000,30
150.448849213,600000,34.6667
150.632339161,600000,29.4118
150.815784265,600000,31.9444
150.999373275,600000,33.7838
151.182118900,600000,30
151.365799421,600000,30.4348
151.548693952,600000,31.9444
151.732140515,600000,31.9444
151.915888900,600000,32.3944
152.101827754,600000,30.9859
152.287791348,600000,32.8767
152.471017598,600000,32.8767
152.654223744,600000,30.4348
152.838217806,600000,32.8767
153.020879889,600000,30.9859
153.204968327,600000,30
153.388364941,600000,33.3333
153.574686972,600000,30.5556
153.758605774,600000,33.7838
153.942434993,600000,32.3944
154.125475097,600000,30.9859
154.309602857,600000,31.9444
154.492513534,600000,31.9444
154.676400514,600000,33.3333
154.859938743,600000,31.9444
155.043464159,600000,33.3333
155.228138118,600000,33.7838
155.411005670,600000,31.4286
155.594457597,600000,30
155.778416138,600000,32.8767
155.960835409,600000,31.4286
156.145587805,600000,32.3944
156.328605409,600000,31.9444
156.512770721,600000,31.4286
156.696352961,600000,30.9859
156.879990148,600000,31.9444
157.063310304,600000,31.4286
157.247082752,600000,32.8767
157.429303013,600000,32.3944
157.612449731,600000,30.9859
157.795306971,600000,31.9444
157.979343325,600000,34.2466
158.162035460,600000,30.4348
158.345968325,600000,31.9444
158.528649887,600000,30.9859
158.711348637,600000,35.1351
158.894951866,600000,30
159.079302751,600000,32.8767
159.262794158,600000,30
159.446872960,600000,34.2466
159.629262074,600000,31.9444
159.812566449,600000,31.4286
159.996855616,600000,32.8767
160.182247386,600000,30.9859
160.365628011,600000,30.9859
160.548550251,600000,32.3944
160.731534053,600000,33.7838
160.914788324,600000,30.4348
161.099183897,600000,31.9444
161.282067542,600000,30.4348
161.465552855,600000,30.9859
161.649925355,600000,30.9859
161.833418688,600000,30.9859
162.018052230,600000,32.8767
162.201099365,600000,31.9444
162.384994521,600000,30.4348
162.569584208,600000,33.7838
162.752648635,600000,30.9859
162.935907437,600000,31.4286
163.119380823,600000,31.9444
163.303347542,600000,30.9859
163.486940250,600000,31.9444
163.669326916,600000,33.3333
163.853150927,600000,28.9855
164.038187333,600000,34.2466
164.223391864,600000,31.9444
164.406299624,600000,32.3944
164.589580822,600000,32.8767
164.772742072,600000,32.3944
164.956736239,600000,31.9444
165.140332541,600000,30.9859
165.323897385,600000,32.3944
165.514668687,600000,30.9859
165.698529311,600000,32.8767
165.882740561,600000,32.8767
166.066382645,600000,30.9859
166.249521290,600000,31.4286
166.431986134,600000,30
166.615309259,600000,30
166.799284155,600000,32.8767
166.982803426,600000,31.4286
167.165858321,600000,31.4286
167.348716707,600000,32.8767
167.530888477,600000,32.3944
167.713241550,600000,28.9855
167.896519779,600000,32.3944
168.080372227,600000,31.9444
168.280217904,600000,30.6667
168.467628998,600000,32.4324
168.649968373,600000,32.3944
168.832375091,600000,30.9859
169.015872800,600000,34.2466
169.198971914,600000,31.9444
169.382524570,600000,30.4348
169.566151550,600000,30.9859
169.749057539,600000,31.9444
169.931894518,600000,34.2466
170.114889101,600000,31.9444
170.298178893,600000,34.2466
170.480553164,600000,32.3944
170.665305976,600000,29.5775
170.848188216,600000,34.2466
171.031195195,600000,31.9444
171.215253632,600000,31.9444
171.397605299,600000,35.1351
171.580413163,600000,35.1351
171.763872070,600000,30
171.948303632,600000,32.8767
172.134798476,600000,31.9444
172.321256705,600000,31.9444
172.505708059,600000,32.8767
172.689063892,600000,34.2466
172.872710611,600000,30.9859
173.056535767,600000,32.3944
173.239018527,600000,30.9859
173.422266027,600000,32.3944
173.606326236,600000,31.9444
173.789062590,600000,32.8767
173.972367121,600000,30.4348
174.156920819,600000,31.9444
174.339572694,600000,30
174.522933787,600000,32.3944
174.706656704,600000,32.8767
174.890069152,600000,30.9859
175.073771287,600000,30.4348
175.257225766,600000,32.8767
175.439449308,600000,34.2466
175.622179985,600000,30.9859
175.804489568,600000,31.4286
175.990433891,600000,34.2466
176.177388266,600000,34.6667
176.365902120,600000,33.3333
176.549333839,600000,31.9444
176.732622536,600000,29.4118
176.915805870,600000,30.9859
177.099190713,600000,34.6667
177.281907380,600000,31.4286
177.464861599,600000,29.4118
177.647798890,600000,34.6667
177.830751390,600000,31.4286
178.014557119,600000,30
178.197089828,600000,36
178.379681807,600000,30.9859
178.562874411,600000,30.9859
178.746922588,600000,30.9859
178.929958265,600000,32.3944
179.113287223,600000,31.4286
179.298164463,600000,33.7838
179.480992327,600000,31.9444
179.665796233,600000,30.9859
179.848994358,600000,30
180.032237171,600000,31.4286
180.221604358,600000,31.5068
180.407255972,600000,31.9444
180.592021233,600000,32.3944
180.775948681,600000,30.9859
180.959329097,600000,32.3944
181.142780503,600000,30
181.330539358,600000,30.137
181.512978264,600000,32.3944
181.697917899,600000,34.2105
181.879501180,600000,32.3944
182.063409305,600000,29.4118
182.247027274,600000,32.8767
182.429563628,600000,34.2466
182.612834409,600000,30.9859
182.796556440,600000,31.9444
182.979192534,600000,33.3333
183.160733003,600000,32.3944
183.342510503,600000,30
183.526175815,600000,33.3333
183.708623888,600000,30.9859
183.892317586,600000,32.3944
184.075403627,600000,30.9859
184.261489044,600000,31.4286
184.446876804,600000,31.9444
184.629773158,600000,31.4286
184.812414096,600000,30.9859
184.995670762,600000,32.3944
185.178272846,600000,32.3944
185.359816335,600000,32.3944
185.541258939,600000,30.4348
185.724408575,600000,30
185.907426804,600000,36
186.090601595,600000,32.8767
186.273112481,600000,31.4286
186.463378366,600000,34.2105
186.646365033,600000,33.7838
186.827603470,600000,35.1351
187.009191699,600000,36
187.192975814,600000,30
187.376156126,600000,33.3333
187.558558314,600000,31.9444
187.741338366,600000,34.2466
187.925617740,600000,30.9859
188.110363730,600000,35.1351
188.298849876,600000,33.8028
188.482196126,600000,33.3333
188.676577271,600000,33.7662
188.860017115,600000,33.7838
189.043143521,600000,28.9855
189.225965813,600000,33.3333
189.409934719,600000,30
189.596629927,600000,31.9444
189.779328365,600000,34.6667
189.963566958,600000,30
190.147148417,600000,32.8767
190.331747167,600000,32.8767
190.514849875,600000,30.4348
190.698210552,600000,32.8767
190.881819979,600000,30
191.065533833,600000,33.3333
191.248375343,600000,31.9444
191.430704458,600000,33.3333
191.614834979,600000,30
191.797822166,600000,34.6667
191.981225447,600000,30.9859
192.167551801,600000,35.1351
192.356703989,600000,31.9444
192.546598676,600000,32.8767
192.732119353,600000,31.9444
192.913528780,600000,28.3582
193.096509197,600000,30.9859
193.280096020,600000,31.4286
193.463512843,600000,30
193.646783624,600000,32.8767
193.830202530,600000,30.9859
194.015339561,600000,33.3333
194.199087113,600000,34.6667
194.381770707,600000,30.9859
194.565603519,600000,33.3333
194.748920655,600000,31.9444
194.931566279,600000,34.6667
195.114353259,600000,30.4348
195.300741904,600000,32.4324
195.483886123,600000,32.3944
195.671072633,600000,35.1351
195.853009040,600000,31.4286
196.037211644,600000,34.6667
196.219060185,600000,30.9859
196.408021904,600000,36.3636
196.590930237,600000,32.3944
196.777850966,600000,33.7838
196.963338727,600000,33.8028
197.149108362,600000,30.9859
197.333038466,600000,33.3333
197.517218935,600000,35.5263
197.700156122,600000,32.3944
197.883928205,600000,30
198.067353674,600000,34.6667
198.249106487,600000,31.4286
198.432517216,600000,32.8767
198.615543413,600000,32.3944
198.799187684,600000,32.8767
198.981929820,600000,30.4348
199.165452320,600000,30
199.349102632,600000,33.7838
199.532365809,600000,30.4348
199.716389923,600000,32.8767
199.900235965,600000,30.9859
200.088062215,600000,35.0649
200.274648882,600000,31.5068
200.461924454,600000,31.9444
200.648278256,600000,33.7838
200.835338361,600000,31.9444
201.020912475,600000,32.3944
201.205629975,600000,30.9859
201.392610860,600000,30
201.581483621,600000,31.5068
201.764661589,600000,30.4348
201.947696173,600000,34.6667
202.130781277,600000,30.9859
202.314066277,600000,28.9855
202.497711433,600000,34.6667
202.680343985,600000,31.4286
202.863623933,600000,30
203.047301276,600000,35.1351
203.229606068,600000,31.4286
203.411796745,600000,31.9444
203.595336432,600000,28.9855
203.779011589,600000,32.8767
203.963269766,600000,30
204.145965234,600000,34.2466
204.333840547,600000,30.9859
204.527583099,600000,33.3333
204.715382109,600000,32.8767
204.900929192,600000,30.4348
205.084657994,600000,30
205.269088463,600000,32.8767
205.451479400,600000,33.3333
205.635420286,600000,30.9859
205.819403307,600000,33.7838
206.002831119,600000,31.4286
206.185237786,600000,30.4348
206.367136119,600000,32.8767
206.549614608,600000,32.3944
206.733080702,600000,30
206.915630650,600000,31.4286
207.099335285,600000,34.6667
207.283329660,600000,28.9855
207.468593671,600000,32.8767
207.651699243,600000,33.3333
207.834880806,600000,28.9855
208.017481535,600000,34.2466
208.199584087,600000,31.9444
208.383022628,600000,30.4348
208.576876222,600000,37.6623
208.764368878,600000,31.9444
208.952935337,600000,35.1351
209.136171066,600000,33.3333
209.320109295,600000,30.9859
209.504845545,600000,30.5556
209.688918201,600000,32.3944
209.873136326,600000,30.5556
210.056993097,600000,34.2466
210.239736013,600000,30.9859
210.424099086,600000,30
210.607456534,600000,36
210.789801690,600000,32.3944
210.973760075,600000,30
211.155914763,600000,33.3333
211.338967836,600000,30.9859
211.521622940,600000,33.3333
211.704143044,600000,30
211.887941846,600000,32.8767
212.070492158,600000,34.2466
212.254442992,600000,30.4348
212.438585439,600000,33.7838
212.623185700,600000,33.3333
212.810084918,600000,32.8767
213.002523043,600000,32
213.187882627,600000,34.2466
213.374176533,600000,31.5068
213.562282054,600000,30
213.746613616,600000,33.3333
213.931597210,600000,31.4286
214.117481064,600000,31.9444
214.304603460,600000,28.9855
214.491682887,600000,31.5068
214.679663512,600000,33.7838
214.867506324,600000,34.2105
215.051423511,600000,33.3333
215.236509345,600000,30.9859
215.420096011,600000,30.9859
215.602784240,600000,32.3944
215.786451115,600000,31.9444
215.969045803,600000,31.4286
216.153457626,600000,30.9859
216.338304709,600000,35.5263
216.522098980,600000,30.9859
216.704699657,600000,29.4118
216.888969031,600000,33.7838
217.073361427,600000,32.8767
217.255952208,600000,32.8767
217.439672313,600000,30.9859
217.623077208,600000,32.3944
217.805556010,600000,30.9859
217.994348198,600000,32
218.181398771,600000,31.4286
218.367155489,600000,34.6667
218.550486791,600000,33.3333
218.738511375,600000,32.4324
218.926795072,600000,31.9444
219.114950958,600000,30.5556
219.300234395,600000,31.9444
219.489007260,600000,35.5263
219.674939291,600000,32.8767
219.859052989,600000,35.1351
220.046248666,600000,30.5556
220.232124239,600000,31.4286
220.417956999,600000,35.1351
220.600063509,600000,31.9444
220.784229395,600000,30.9859
220.969455853,600000,33.3333
221.151864759,600000,30
221.334633353,600000,29.4118
221.517926373,600000,33.7838
221.700385748,600000,32.3944
221.883522519,600000,30
222.067772727,600000,34.6667
222.250093977,600000,32.3944
222.433628404,600000,30
222.621233665,600000,31.5068
222.804560123,600000,30
222.987884238,600000,34.2466
223.170986842,600000,32.3944
223.354200071,600000,28.9855
223.538428977,600000,35.1351
223.724630748,600000,33.3333
223.912464550,600000,36
224.098024289,600000,36.4865
224.284277102,600000,33.7838
224.469128456,600000,33.8028
224.653898716,600000,31.4286
224.835367726,600000,32.3944
225.018334028,600000,33.7838
225.201709237,600000,32.3944
225.385092362,600000,31.9444
225.568420382,600000,34.2466
225.751680174,600000,31.9444
225.937827778,600000,33.3333
226.120499288,600000,31.4286
226.304470486,600000,30.9859
226.487773715,600000,33.7838
226.670334444,600000,31.4286
226.852831371,600000,28.9855
227.035323090,600000,33.3333
227.218390746,600000,33.3333
227.400770225,600000,31.9444
227.583863090,600000,30.4348
227.766927569,600000,34.6667
227.949292517,600000,33.8028
228.133037881,600000,30.4348
228.319425277,600000,32.4324
228.506934912,600000,32.8767
228.692245173,600000,31.4286
228.877797569,600000,32.8767
229.061626683,600000,32.3944
229.245931162,600000,31.9444
229.429986475,600000,31.4286
229.615330068,600000,31.4286
229.799621370,600000,33.3333
229.985302672,600000,31.9444
230.169888193,600000,32.3944
230.356222776,600000,31.9444
230.538627620,600000,32.3944
230.723822047,600000,30.9859
230.907494599,600000,35.5263
231.089359182,600000,36
231.272015901,600000,31.4286
231.455482880,600000,31.9444
231.640106838,600000,30.9859
231.823347359,600000,30.4348
232.007633140,600000,32.8767
232.191276630,600000,31.9444
232.374581942,600000,30
232.556811890,600000,36
232.739026213,600000,32.3944
232.922476838,600000,30
233.108732411,600000,32.8767
233.291440327,600000,33.7838
233.475036161,600000,30
233.658832358,600000,33.3333
233.846623035,600000,36.3636
234.032675431,600000,30.9859
234.218757098,600000,33.3333
234.402977566,600000,32.8767
234.588231421,600000,35.1351
234.772887671,600000,30.9859
234.959951316,600000,30.9859
235.146754181,600000,33.7838
235.342131160,600000,30.5556
235.526580014,600000,32.3944
235.712233035,600000,30
235.898265899,600000,36.3636
236.084862149,600000,31.9444
236.269418035,600000,31.4286
236.452436524,600000,30
236.634923034,600000,30.4348
236.818030691,600000,33.7838
237.000845326,600000,32.3944
237.183603763,600000,28.9855
237.367201159,600000,35.1351
237.550337982,600000,30.9859
237.732429753,600000,29.4118
237.915665221,600000,32.3944
238.099071159,600000,32.8767
238.282427617,600000,30
238.465414700,600000,31.4286
238.648884544,600000,30.9859
238.832315429,600000,30.9859
239.019884804,600000,32.8767
239.204511054,600000,30.9859
239.389055898,600000,33.3333
239.575594908,600000,32.3944
239.761628450,600000,31.8841
239.949803762,600000,33.7838
240.137550116,600000,34.6667
240.327877460,600000,32.8767
240.516738502,600000,31.4286
240.703776366,600000,30.9859
240.892126106,600000,31.4286
241.081182616,600000,31.9444
241.270899231,600000,33.7838
241.457870949,600000,32.8767
241.640800220,600000,32.8767
241.823622095,600000,30.4348
242.007573189,600000,35.5263
242.190560168,600000,33.3333
242.374058918,600000,28.9855
242.557729595,600000,33.7838
242.740735532,600000,32.3944
242.923815740,600000,28.9855
243.107492407,600000,34.6667
243.290282615,600000,32.3944
243.479599230,600000,31.5068
243.662368761,600000,30
243.845524125,600000,30.9859
244.028946417,600000,34.2466
244.212849542,600000,31.9444
244.397870167,600000,32.8767
244.580626000,600000,30.9859
244.763568188,600000,31.4286
244.947646885,600000,34.6667
245.134411156,600000,32.3944
245.319953031,600000,33.7838
245.505382146,600000,30.4348
245.690334489,600000,32.8767
245.877830218,600000,33.7838
246.062614281,600000,31.9444
246.247255687,600000,31.4286
246.433884281,600000,30.5556
246.622292666,600000,33.7838
246.808789697,600000,34.6667
246.992431728,600000,31.4286
247.178562353,600000,33.7838
247.362087666,600000,31.4286
247.547714593,600000,33.7838
247.734083030,600000,30
247.919934072,600000,33.3333
248.107325843,600000,37.9747
248.292941936,600000,30.9859
248.478313342,600000,34.6667
248.668454280,600000,38.4615
248.854997665,600000,31.9444
249.041435894,600000,31.9444
249.226452561,600000,31.4286
249.412374540,600000,30.9859
249.602940582,600000,30.5556
249.788465321,600000,32.3944
249.972657613,600000,32.8767
250.158704592,600000,32.8767
250.342857925,600000,34.2466
250.524300373,600000,29.4118
250.707164956,600000,34.6667
250.890273654,600000,33.7838
251.073500216,600000,30.4348
251.256633966,600000,34.2466
251.438766675,600000,31.9444
251.621115320,600000,33.3333
251.803499643,600000,29.4118
251.986545841,600000,34.6667
252.169405060,600000,32.3944
252.352883810,600000,30
252.540629226,600000,29.5775
252.723332039,600000,30
252.906621830,600000,33.3333
253.094970841,600000,30.9859
253.282160788,600000,31.4286
253.471966726,600000,30.5556
253.661538184,600000,31.4286
253.847160580,600000,33.3333
254.036382611,600000,35.1351
254.224397663,600000,31.9444
254.412921048,600000,30.9859
254.602868965,600000,30
254.791792507,600000,31.9444
254.977459017,600000,33.3333
255.165552246,600000,32.8767
255.350041361,600000,30
255.533378496,600000,32.3944
255.716431725,600000,33.3333
255.899534537,600000,30.9859
256.082282142,600000,32.3944
256.269077454,600000,36
256.452350266,600000,30
256.635452298,600000,31.9444
256.818505735,600000,33.3333
257.002012818,600000,33.3333
257.184141464,600000,27.9412
257.367927297,600000,34.2466
257.550398287,600000,31.9444
257.733044745,600000,30.4348
257.916616985,600000,32.8767
258.099448964,600000,31.9444
258.282855474,600000,32.3944
258.467240630,600000,34.6667
258.649856255,600000,33.3333
258.834607818,600000,32.3944
259.022553182,600000,31.5068
259.207478651,600000,35.1351
259.392733599,600000,30
259.578218755,600000,32.8767
259.762074484,600000,31.4286
259.945135005,600000,30.4348
260.131460838,600000,34.2466
260.318142609,600000,33.7838
260.502398911,600000,31.4286
260.688216411,600000,32.8767
260.872295525,600000,31.4286
261.056893077,600000,33.3333
261.242511827,600000,31.9444
261.428119900,600000,32.8767
261.619563442,600000,34.2105
261.803822296,600000,30.4348
261.990031879,600000,33.7838
262.175182556,600000,30.9859
262.361473597,600000,30.9859
262.546434170,600000,31.4286
262.731380368,600000,32.8767
262.916519951,600000,33.3333
263.102816097,600000,31.9444
263.287952608,600000,31.9444
263.473231201,600000,30.4348
263.657465993,600000,33.3333
263.843289222,600000,31.9444
264.030955524,600000,29.5775
264.214439847,600000,32.3944
264.396808440,600000,32.8767
264.581081565,600000,31.4286
264.764558649,600000,30
264.947526357,600000,33.3333
265.129298492,600000,32.8767
265.312814690,600000,30.9859
265.495658857,600000,30.4348
265.679729221,600000,30.9859
265.861451617,600000,31.4286
266.048968023,600000,31.5068
266.232441356,600000,30
266.415100419,600000,30.9859
266.598206460,600000,33.3333
266.780496877,600000,30.9859
266.964110523,600000,30.9859
267.147616981,600000,35.1351
267.331506252,600000,32.3944
267.515931043,600000,30.4348
267.701230158,600000,30.9859
267.887082189,600000,34.2466
268.070190262,600000,32.3944
268.255055626,600000,32.8767
268.441240106,600000,33.3333
268.625879012,600000,31.8841
268.811377345,600000,32.3944
268.999395678,600000,36
269.187714689,600000,35.5263
269.375736511,600000,32.3944
269.564226563,600000,35.2113
269.751651147,600000,33.7838
269.939509793,600000,35.1351
270.123913022,600000,33.3333
270.309146772,600000,33.7838
270.492160626,600000,31.4286
270.674762501,600000,29.4118
270.858131719,600000,34.6667
271.040096980,600000,32.3944
271.223056302,600000,30.4348
271.405924636,600000,33.7838
271.589482031,600000,31.9444
271.772027761,600000,30.4348
271.955529583,600000,33.7838
272.138800729,600000,33.3333
272.322360365,600000,32.8767
272.505236823,600000,30.4348
272.688134635,600000,32.8767
272.870282604,600000,31.4286
273.052993437,600000,30
273.237049010,600000,31.9444
273.420090364,600000,33.3333
273.606631354,600000,32.3944
273.792903906,600000,32.3944
273.979688697,600000,33.8028
274.166466562,600000,31.9444
274.352031978,600000,30.9859
274.540451510,600000,31.9444
274.727332603,600000,33.7838
274.911876926,600000,30.9859
275.099217916,600000,36
275.284758020,600000,30.9859
275.469693957,600000,32.8767
275.655361769,600000,31.4286
275.841040051,600000,30
276.027547603,600000,34.6667
276.214278436,600000,32.8767
276.400586092,600000,31.9444
276.588491196,600000,37.1795
276.774101457,600000,32.8767
276.962231404,600000,31.5068
277.148216561,600000,31.9444
277.334275154,600000,34.6667
277.521778488,600000,32.8767
277.708273800,600000,35.5263
277.894866873,600000,30.9859
278.080906821,600000,31.9444
278.267521821,600000,32.8767
278.451917914,600000,31.4286
278.637426716,600000,34.6667
278.823459893,600000,30
279.010327810,600000,32.8767
279.196180883,600000,31.9444
279.381829216,600000,31.9444
279.570326247,600000,30.4348
279.755975101,600000,34.2105
279.941957132,600000,31.4286
280.127944320,600000,32.8767
280.312114528,600000,33.3333
280.499104111,600000,32.8767
280.683801299,600000,30.9859
280.870478226,600000,33.7838
281.056931351,600000,32.3944
281.242353851,600000,31.9444
281.427718226,600000,31.9444
281.611877236,600000,30.9859
281.796438278,600000,30.4348
281.982343017,600000,30.9859
282.168481090,600000,33.7838
282.353804163,600000,31.9444
282.540834059,600000,32.3944
282.727396871,600000,33.7838
282.911958746,600000,31.9444
283.098284944,600000,33.3333
283.281737183,600000,30.9859
283.468364892,600000,32.8767
283.655381194,600000,31.9444
283.841511454,600000,31.9444
284.027613433,600000,33.3333
284.213640047,600000,30.9859
284.401569370,600000,32.8767
284.590199787,600000,34.6667
284.778588849,600000,35.5263
284.966548068,600000,32.8767
285.150114735,600000,32.3944
285.332760307,600000,30
285.519460307,600000,31.9444
285.703105151,600000,30
285.885774630,600000,32.3944
286.069377807,600000,31.9444
286.251840411,600000,30.4348
286.436673797,600000,33.8028
286.619487182,600000,32.8767
286.802574057,600000,31.4286
286.986344942,600000,32.8767
287.168521036,600000,33.3333
287.351454265,600000,33.3333
287.534616505,600000,30
287.718194942,600000,34.6667
287.900522181,600000,31.4286
288.084046140,600000,30
288.267468483,600000,34.6667
288.449599317,600000,33.3333
288.636697598,600000,32.3944
288.824943327,600000,30.9859
289.012742441,600000,32.3944
289.201894108,600000,32.8767
289.389827181,600000,33.7838
289.576387910,600000,32.3944
289.764994420,600000,31.9444
289.951743327,600000,32.3944
290.140568431,600000,32.3944
290.328214785,600000,32.8767
290.513534368,600000,32.8767
290.697992753,600000,36
290.882774107,600000,30.9859
291.067584003,600000,34.2466
291.257061659,600000,31.0811
291.440599055,600000,34.2466
291.624618586,600000,34.7222
291.810586607,600000,30.9859
291.996376867,600000,31.9444
292.182039003,600000,32.8767
292.366984315,600000,33.3333
292.551190773,600000,32.8767
292.734542128,600000,30.4348
292.921808638,600000,33.7838
293.111443221,600000,32.4324
293.296571034,600000,32.3944
293.481591190,600000,31.9444
293.666722752,600000,33.7838
293.851615981,600000,31.4286
294.037326971,600000,31.9444
294.221561814,600000,32.3944
294.405610669,600000,31.4286
294.592109627,600000,30.9859
294.775400721,600000,30.4348
294.960828481,600000,31.9444
295.146603689,600000,32.3944
295.331930616,600000,31.9444
295.517974314,600000,33.7838
295.703207231,600000,31.4286
295.888061189,600000,34.2466
296.078719730,600000,36.25
296.269158064,600000,31.5068
296.455010720,600000,30
296.638985095,600000,34.2466
296.822642178,600000,32.3944
297.007318897,600000,35.1351
297.192201188,600000,31.9444
297.375755303,600000,31.4286
297.566665772,600000,32
297.751648636,600000,32.3944
297.936230771,600000,32.8767
298.121431344,600000,32.3944
298.306410511,600000,31.9444
298.488745355,600000,33.8028
298.674015719,600000,31.9444
298.858710719,600000,34.6667
299.044886761,600000,33.3333
299.230047698,600000,31.9444
299.414115406,600000,31.4286
299.597956917,600000,34.2466
299.782937177,600000,30.9859
299.966859364,600000,33.3333
300.150495875,600000,31.4286
300.334827073,600000,30
300.518622020,600000,34.2466
300.700085875,600000,31.9444
300.884084156,600000,31.4286
301.068261395,600000,34.6667
301.249846395,600000,32.3944
301.438811499,600000,28.7671
301.622566551,600000,31.9444
301.806215874,600000,33.3333
301.989920666,600000,31.9444
302.175145822,600000,30
302.358607801,600000,32.8767
302.542641343,600000,31.9444
302.730559155,600000,32.8767
302.917091655,600000,35.1351
303.105831134,600000,33.7838
303.292704832,600000,30.9859
303.482453009,600000,31.9444
303.674660248,600000,31.5068
303.861906030,600000,31.4286
304.049271394,600000,34.2466
304.236747904,600000,32.8767
304.425104467,600000,30.9859
304.612396967,600000,32.3944
304.801641706,600000,33.7838
304.988640144,600000,34.2466
305.180484258,600000,33.3333
305.374253008,600000,31.5068
305.562933112,600000,31.9444
305.751169935,600000,34.2466
305.941735195,600000,31.5068
306.129429466,600000,34.2466
306.313411341,600000,30
306.503984101,600000,36.3636
306.690311706,600000,32.8767
306.873957903,600000,32.3944
307.060034518,600000,30.9859
307.244212799,600000,31.9444
307.428626080,600000,34.2466
307.611829309,600000,33.3333
307.797183007,600000,33.3333
307.982949622,600000,30.9859
308.172168736,600000,33.3333
308.355839570,600000,34.2466
308.542207382,600000,31.9444
308.730577434,600000,34.7222
308.914249621,600000,30
309.101228580,600000,32.3944
309.285029725,600000,30.4348
309.468956705,600000,33.7838
309.653935923,600000,31.4286
309.840313736,600000,31.9444
310.024575715,600000,30.4348
310.209885975,600000,33.7838
310.395842642,600000,33.3333
310.580962694,600000,31.9444
310.765546496,600000,33.3333
310.950880298,600000,32.8767
311.135463683,600000,34.2466
311.317444725,600000,37.6623
311.505003579,600000,32.8947
311.688215193,600000,34.2466
311.870184829,600000,32.8767
312.053852901,600000,31.4286
312.236619308,600000,31.9444
312.419831130,600000,33.3333
312.603128630,600000,30.4348
312.786486443,600000,31.9444
312.968779984,600000,32.3944
313.153462484,600000,31.5068
313.337722328,600000,33.7838
313.519704880,600000,31.4286
313.703388526,600000,30.9859
313.887023682,600000,35.1351
314.071921182,600000,31.9444
314.255764984,600000,31.4286
314.441542796,600000,31.9444
314.625909880,600000,33.3333
314.811700348,600000,32.3944
314.996241390,600000,32.8767
315.180955973,600000,30.4348
315.366842900,600000,32.8767
315.552392483,600000,33.3333
315.737348994,600000,33.7838
315.922092067,600000,31.4286
316.106820973,600000,32.8767
316.291442535,600000,33.3333
316.479613577,600000,32.8767
316.679529931,600000,35.443
316.867379618,600000,34.2466
317.061203056,600000,32.4324
317.251490972,600000,31.5068
317.439900451,600000,35.1351
317.628090295,600000,34.6667
317.815634253,600000,35.1351
318.003626910,600000,31.9444
318.193892847,600000,32.8767
318.383433628,600000,31.9444
318.573394774,600000,31.9444
318.763198420,600000,32.8767
318.952562274,600000,32.8767
319.142264253,600000,32.8767
319.331636284,600000,31.9444
319.521600086,600000,32.8767
319.711528367,600000,31.5068
319.901935711,600000,31.9444
320.093878471,600000,31.5068
320.283432221,600000,32.8767
320.473338888,600000,30.9859
320.663765606,600000,30.9859
320.852642013,600000,31.9444
321.038198940,600000,33.7838
321.220464096,600000,32.3944
321.403539565,600000,30
321.589806492,600000,30.9859
321.777627221,600000,30.5556
321.959024981,600000,32.3944
322.143712064,600000,30.5556
322.327499773,600000,35.1351
322.509081022,600000,31.9444
322.692053574,600000,31.4286
322.876213054,600000,32.8767
323.059445866,600000,34.2466
323.242897220,600000,30
323.425900605,600000,31.9444
323.608859928,600000,31.4286
323.793397949,600000,30.9859
323.977734824,600000,32.8767
324.160217272,600000,31.9444
324.346418782,600000,34.2466
324.535474043,600000,33.3333
324.720669980,600000,32.8767
324.904369511,600000,32.3944
325.090173990,600000,33.7838
325.274107323,600000,31.4286
325.459815657,600000,32.3944
325.643746907,600000,32.8767
325.828135917,600000,34.2466
326.012269875,600000,31.4286
326.197727063,600000,34.2466
326.381723469,600000,32.3944
326.567346594,600000,33.7838
326.752031594,600000,31.9444
326.941521750,600000,31.5068
327.125407687,600000,31.4286
327.310343469,600000,32.8767
327.496390552,600000,31.9444
327.684687895,600000,30.9859
327.869771541,600000,33.3333
328.053618052,600000,31.9444
328.237903156,600000,33.3333
328.422543051,600000,34.2466
328.606786593,600000,36.3636
328.791417062,600000,32.3944
328.975846176,600000,31.9444
329.164262478,600000,34.2466
329.350114405,600000,30.9859
329.534865811,600000,31.9444
329.721115134,600000,33.7838
329.905606957,600000,32.3944
330.091670811,600000,30
330.277376124,600000,33.3333
330.461547842,600000,31.4286
330.647767842,600000,33.7838
330.834165967,600000,30.9859
331.018378884,600000,34.2466
331.201480342,600000,30.4348
331.386351748,600000,33.7838
331.571531071,600000,32.3944
331.757057894,600000,33.7838
331.948247217,600000,32.4324
332.136640654,600000,34.2105
332.322074821,600000,32.3944
332.511842529,600000,31.5068
332.701789977,600000,31.9444
332.891580081,600000,31.9444
333.083107737,600000,30.5556
333.271592320,600000,30.9859
333.461886487,600000,31.9444
333.653101018,600000,30.9859
333.838989872,600000,33.3333
334.034167633,600000,36.4865
334.222205341,600000,31.9444
334.409788414,600000,34.2466
334.594279664,600000,31.9444
334.777721382,600000,36
334.959835601,600000,32.8767
335.144326538,600000,34.2466
335.329509038,600000,35.5263
335.512032320,600000,30
335.694534559,600000,29.4118
335.876812007,600000,34.6667
336.058929351,600000,33.3333
336.242049767,600000,31.4286
336.425267580,600000,30
336.613117319,600000,31.5068
336.796162319,600000,30.9859
336.978811277,600000,34.2466
337.161948517,600000,32.8767
337.344546902,600000,29.4118
337.527588881,600000,34.6667
337.711711069,600000,32.8767
337.894978517,600000,30.4348
338.080565339,600000,33.3333
338.267127371,600000,33.7838
338.452214975,600000,33.3333
338.638154245,600000,31.9444
338.823743777,600000,30.9859
339.008894610,600000,33.3333
339.191974141,600000,31.4286
339.377634401,600000,33.7838
339.562124558,600000,31.9444
339.747248828,600000,33.3333
339.933018724,600000,32.8767
340.118407995,600000,34.2466
340.304814245,600000,29.5775
340.490085755,600000,34.2466
340.675259818,600000,30
340.860349401,600000,31.4286
341.050169870,600000,31.5068
341.236703672,600000,33.7838
341.421057213,600000,30.9859
341.606532786,600000,31.4286
341.791521901,600000,30.9859
341.976771848,600000,32.3944
342.162114140,600000,33.3333
342.351189192,600000,32.4324
342.536998150,600000,31.4286
342.723270025,600000,30
342.909178358,600000,33.7838
343.094013879,600000,33.3333
343.278242577,600000,34.6667
343.464247785,600000,32.8767
343.650405337,600000,30.9859
343.836366743,600000,31.9444
344.022714608,600000,34.6667
344.209662108,600000,33.7838
344.395294556,600000,30.9859
344.580624035,600000,32.3944
344.765836483,600000,31.9444
344.953576535,600000,32.4324
345.141000233,600000,31.9444
345.326939920,600000,32.3944
345.513200962,600000,30.9859
345.701827941,600000,31.5068
345.888347368,600000,34.6667
346.074436378,600000,30
346.260758513,600000,31.9444
346.446340232,600000,32.3944
346.631714920,600000,32.8767
346.817929034,600000,36.3636
347.008486586,600000,37.1795
347.194697784,600000,32.3944
347.381558200,600000,33.3333
347.566223617,600000,34.6667
347.752143982,600000,34.6667
347.941750857,600000,32.4324
348.127798877,600000,35.1351
348.315134294,600000,29.5775
348.505762575,600000,32.8767
348.692927627,600000,31.4286
348.884033460,600000,31.9444
349.077148564,600000,32.8947
349.267340283,600000,35.5263
349.455400335,600000,30.4348
349.645628304,600000,32.4324
349.833439033,600000,31.4286
350.022473616,600000,33.3333
350.213773251,600000,32.3944
350.405800856,600000,31.5068
350.595839866,600000,31.5068
350.785539605,600000,33.7838
350.975916637,600000,31.9444
351.166946584,600000,32.4324
351.356559761,600000,31.9444
351.548174605,600000,33.7838
351.734058876,600000,31.4286
351.927245230,600000,34.2105
352.114962730,600000,32.3944
352.305507365,600000,32.4324
352.496898824,600000,31.5068
352.686459032,600000,34.2466
352.874426063,600000,30
353.066334396,600000,31.9444
353.256874344,600000,32.4324
353.448944552,600000,34.6667
353.640078979,600000,33.3333
353.828837156,600000,32.8767
354.018902781,600000,34.6667
354.206452729,600000,32.8767
354.395160385,600000,29.5775
354.581772625,600000,32.8767
354.766415073,600000,30.9859
354.952749448,600000,34.2466
355.136347156,600000,32.3944
355.320739708,600000,30.9859
355.508848979,600000,32.8767
355.696166531,600000,31.5068
355.882285281,600000,31.9444
356.070774916,600000,32.8767
356.255472051,600000,31.9444
356.440973353,600000,30.9859
356.625066634,600000,30
356.807681530,600000,35.1351
356.990330801,600000,30.9859
357.174081843,600000,29.4118
357.357625592,600000,33.7838
357.544848092,600000,30.5556
357.727410592,600000,35.1351
357.910367363,600000,31.9444
358.092650853,600000,30
358.276609030,600000,30
358.459431009,600000,32.3944
358.643934967,600000,28.9855
358.826434290,600000,32.8767
359.008974134,600000,32.3944
359.195181321,600000,32.3944
359.380431060,600000,32.8767
359.566184862,600000,31.9444
359.752984081,600000,30
359.940562050,600000,31.9444
360.126795019,600000,31.9444
360.315560800,600000,30.5556
360.503401633,600000,30
360.692815018,600000,31.5068
360.878175122,600000,33.7838
361.062533768,600000,31.4286
361.249046841,600000,32.8767
361.433619653,600000,31.9444
361.619998924,600000,32.8767
361.805249132,600000,30
361.991648091,600000,30.9859
362.179045851,600000,36
362.364662153,600000,30.9859
362.549736111,600000,32.8767
362.734906788,600000,30
362.920415434,600000,33.3333
363.104773038,600000,30.4348
363.288692101,600000,33.3333
363.475304288,600000,33.3333
363.661794757,600000,32.3944
363.848152882,600000,31.9444
364.034320277,600000,30.9859
364.221173923,600000,31.5068
364.408742100,600000,34.2466
364.598757361,600000,36.3636
364.790203194,600000,34.2105
364.979863298,600000,33.3333
365.172013142,600000,32.8767
365.361349287,600000,31.9444
365.550439912,600000,32.8767
365.740289652,600000,34.6667
365.929655068,600000,33.7838
366.120593766,600000,30.5556
366.309629547,600000,34.2466
366.498612829,600000,35.5263
366.687984808,600000,32.8767
366.876938766,600000,32.3944
367.065917568,600000,30.9859
367.255225172,600000,30
367.445444703,600000,31.9444
367.635521578,600000,30.9859
367.825167411,600000,29.5775
368.014783609,600000,30.9859
368.203503140,600000,32.3944
368.394460901,600000,31.5068
368.595661161,600000,32.4675
368.784457359,600000,30.9859
368.975546317,600000,30.9859
369.167387098,600000,31.5068
369.357031942,600000,32.8767
369.546969234,600000,32.8767
369.735798504,600000,32.8767
369.924007306,600000,32.3944
370.112429911,600000,31.9444
370.296390796,600000,32.3944
370.483195275,600000,28.5714
370.668346160,600000,33.3333
370.852023035,600000,33.3333
371.037451889,600000,33.7662
371.225658139,600000,32.3944
371.411436004,600000,30.9859
371.595454181,600000,31.4286
371.781667514,600000,30
371.967278920,600000,34.2466
372.151773764,600000,30.9859
372.337682774,600000,31.9444
372.522169441,600000,31.4286
372.710184910,600000,32.8767
372.894642722,600000,31.4286
373.077820274,600000,34.2466
373.261844805,600000,35.1351
373.449050534,600000,30.9859
373.638750274,600000,31.5068
373.825222305,600000,33.3333
374.009576107,600000,35.1351
374.200622357,600000,32.4324
374.384111263,600000,30.9859
374.567392826,600000,35.1351
374.751394596,600000,34.2466
374.936309388,600000,32.3944
375.121232669,600000,31.9444
375.307016731,600000,31.9444
375.492670742,600000,32.8767
375.678234648,600000,34.2466
375.862174231,600000,31.4286
376.047412721,600000,33.7838
376.232950429,600000,30.9859
376.420662408,600000,31.9444
376.605310846,600000,30.4348
376.791202200,600000,30.9859
376.976936210,600000,32.8767
377.171866575,600000,35.0649
377.355447252,600000,32.3944
377.541704491,600000,31.9444
377.727639856,600000,33.3333
377.911002147,600000,34.6667
378.094684335,600000,31.4286
378.278086314,600000,36
378.461386834,600000,31.9444
378.650026001,600000,30.9859
378.834131001,600000,30
379.018544595,600000,32.8767
379.200762042,600000,32.3944
379.384260740,600000,30.9859
379.568566938,600000,30.9859
379.752491782,600000,31.9444
379.935613084,600000,30.9859
380.119778500,600000,32.3944
380.302079907,600000,32.3944
380.484983500,600000,30.9859
380.666987667,600000,34.2466
380.848855479,600000,31.4286
381.035449802,600000,32.3944
381.225366885,600000,31.9444
381.414343760,600000,30
381.606744802,600000,33.3333
381.793280583,600000,30.4348
381.983252875,600000,34.6667
382.173392979,600000,30.9859
382.360491520,600000,35.1351
382.548190375,600000,34.6667
382.736766104,600000,32.3944
382.925133708,600000,31.9444
383.111892979,600000,34.2466
383.297577249,600000,35.6164
383.486305739,600000,32.8767
383.674693968,600000,30.9859
383.862076207,600000,32.3944
384.053583551,600000,32.4324
384.242137457,600000,34.2466
384.428424645,600000,35.1351
384.616964645,600000,36
384.804975061,600000,30.9859
384.993164853,600000,31.9444
385.182150478,600000,32.8767
385.371698811,600000,31.4286
385.558013082,600000,34.2466
385.748681571,600000,35.0649
385.937337977,600000,35.1351
386.129216832,600000,34.2105
386.315095217,600000,30.9859
386.501339592,600000,31.9444
386.686609956,600000,32.3944
386.871627300,600000,31.9444
387.058518706,600000,31.9444
387.242419748,600000,30.9859
387.427796310,600000,34.6667
387.618537091,600000,32.8767
387.804110060,600000,32.8767
387.990037247,600000,34.6667
388.176186154,600000,32.8767
388.362155893,600000,31.9444
388.546644018,600000,33.3333
388.731645268,600000,31.9444
388.921244539,600000,31.0811
389.108439695,600000,34.2466
389.293077299,600000,31.4286
389.477659955,600000,31.9444
389.662218236,600000,31.4286
389.848117611,600000,32.8767
390.034253445,600000,31.9444
390.218480997,600000,35.1351
390.403072455,600000,30.4348
390.588708132,600000,35.1351
390.772307455,600000,32.3944
390.955931726,600000,32.3944
391.141164955,600000,31.9444
391.325041882,600000,29.4118
391.510782559,600000,34.6667
391.694188184,600000,31.4286
391.879428131,600000,33.7838
392.064210058,600000,34.7222
392.249360840,600000,33.7838
392.434942923,600000,30.9859
392.619071777,600000,35.1351
392.802406829,600000,30.4348
392.986922454,600000,33.7838
393.173184277,600000,31.9444
393.357960787,600000,33.3333
393.543992922,600000,31.9444
393.733463027,600000,31.5068
393.925635110,600000,31.5068
394.111764328,600000,32.8767
394.296747453,600000,32.3944
394.481881516,600000,30.9859
394.667638807,600000,31.9444
394.851686307,600000,32.3944
395.037126620,600000,33.7838
395.222773859,600000,30
395.407959588,600000,33.3333
395.593798286,600000,30
395.777827453,600000,33.3333
395.962502349,600000,31.4286
396.147675786,600000,32.8767
396.332899380,600000,31.4286
396.521789953,600000,31.9444
396.711180577,600000,32.3944
396.897866098,600000,32.8767
397.087906254,600000,35.5263
397.275618129,600000,34.2466
397.464294744,600000,30.9859
397.651501671,600000,33.7838
397.841261046,600000,31.9444
398.024993025,600000,29.4118
398.212794587,600000,32.4324
398.396750525,600000,31.9444
398.578731879,600000,33.3333
398.762770629,600000,31.9444
398.952267920,600000,30.6667
399.136897347,600000,32.3944
399.318628076,600000,32.3944
399.501831097,600000,32.8767
399.688170108,600000,35.0649
399.870561670,600000,31.4286
400.054250420,600000,30
400.238705212,600000,33.7838
400.422024899,600000,32.3944
400.603602868,600000,30.9859
400.787010888,600000,35.1351
400.969052295,600000,32.3944
401.153421045,600000,31.9444
401.342087815,600000,30.5556
401.528152138,600000,36
401.716414065,600000,33.3333
401.903325576,600000,30.9859
402.092108753,600000,32.8767
402.276454534,600000,34.2466
402.462071982,600000,31.9444
402.647823700,600000,34.2466
402.835165419,600000,30.9859
403.021467085,600000,31.9444
403.205281565,600000,31.4286
403.389716825,600000,35.5263
403.574085835,600000,29.4118
403.757887346,600000,34.6667
403.947991512,600000,31.5068
404.135662085,600000,33.3333
404.321436564,600000,31.9444
404.508011616,600000,34.6667
404.692917554,600000,33.3333
404.876600731,600000,32.8767
405.061651720,600000,31.4286
405.247117866,600000,32.8767
405.432741199,600000,32.8767
405.621107605,600000,33.7838
405.805198959,600000,30.4348
405.991350730,600000,33.7838
406.176990991,600000,35.5263
406.363920365,600000,30.9859
406.547605470,600000,35.1351
406.732595574,600000,30.9859
406.918131980,600000,34.2466
407.103736615,600000,32.8767
407.288131251,600000,34.2466
407.477352084,600000,36
407.664461980,600000,30.5556
407.848180365,600000,34.2466
408.031013802,600000,33.3333
408.216370261,600000,33.3333
408.402083490,600000,30.9859
408.592793958,600000,34.2105
408.777299271,600000,33.3333
408.967337083,600000,30.5556
409.150549791,600000,33.3333
409.336263646,600000,32.3944
409.520836510,600000,30.9859
409.706188802,600000,31.9444
409.891351822,600000,34.2466
410.076835989,600000,32.3944
410.261662708,600000,33.7838
410.447468593,600000,34.2466
410.633107551,600000,32.8767
410.818200520,600000,34.2466
411.002471874,600000,28.9855
411.186258749,600000,33.3333
411.371478801,600000,32.8767
411.554955624,600000,30.4348
411.742992551,600000,33.7838
411.928855988,600000,33.7838
412.113661092,600000,31.4286
412.299202915,600000,34.6667
412.487824790,600000,36.8421
412.677509738,600000,33.7838
412.865367238,600000,31.9444
413.054066405,600000,30.9859
413.242719530,600000,33.3333
413.433715154,600000,31.5068
413.624374738,600000,32.8767
413.813288019,600000,32.8767
414.004484581,600000,34.2105
414.194722446,600000,30.9859
414.382516925,600000,31.9444
414.575424998,600000,32.4324
414.766310831,600000,32.8767
414.957148175,600000,33.3333
415.150201873,600000,36.7089
415.340371664,600000,34.2105
415.531555466,600000,33.7838
415.721857654,600000,33.3333
415.912225831,600000,31.9444
416.108151560,600000,32
416.298087393,600000,32.8767
416.489103382,600000,35.0649
416.681600778,600000,33.3333
416.870971247,600000,33.7838
417.062380674,600000,31.5068
417.253960257,600000,30.5556
417.443803903,600000,31.9444
417.634616663,600000,31.9444
417.824340205,600000,31.9444
418.014693017,600000,31.9444
418.203937913,600000,31.5068
418.390178903,600000,32.8767
418.574983017,600000,30.9859
418.757301663,600000,36
418.940261454,600000,30.9859
419.125166767,600000,31.4286
419.309425933,600000,34.6667
419.492258538,600000,30.9859
419.674353954,600000,31.4286
419.857244423,600000,34.2466
420.039269631,600000,31.9444
420.221722079,600000,30.4348
420.406678954,600000,28.9855
420.594274110,600000,31.5068
420.776607287,600000,34.6667
420.959701974,600000,31.4286
421.142967026,600000,30.9859
421.326179214,600000,32.3944
421.508657339,600000,30.9859
421.693754214,600000,32.3944
421.879602547,600000,33.7838
422.064893380,600000,30.9859
422.253600620,600000,31.9444
422.439501297,600000,31.9444
422.624414578,600000,30.9859
422.810467651,600000,35.1351
422.996576505,600000,32.8767
423.182759682,600000,31.5068
423.369140880,600000,34.6667
423.555623223,600000,30.9859
423.746421661,600000,32.4324
423.933098848,600000,30.9859
424.119601765,600000,32.8767
424.306887807,600000,30
424.493352859,600000,30.9859
424.679078640,600000,32.8767
424.862687754,600000,30
425.047984265,600000,31.9444
425.239236504,600000,31.5068
425.425951817,600000,30
425.612407494,600000,30
425.798992650,600000,35.5263
425.983882181,600000,30.4348
426.169373847,600000,35.5263
426.355069004,600000,31.9444
426.540989837,600000,31.9444
426.729447389,600000,32.8767
426.916795722,600000,28.5714
427.102823639,600000,30.9859
427.289931347,600000,33.7838
427.477406972,600000,31.9444
427.662469941,600000,31.9444
427.847947076,600000,31.9444
428.034191555,600000,32.8767
428.223373899,600000,33.7838
428.412042753,600000,32.8767
428.604614107,600000,35.1351
428.794542440,600000,30.5556
428.986676815,600000,30.5556
429.176839732,600000,32.8767
429.366777753,600000,30
429.557331502,600000,33.7838
429.750881867,600000,32.4324
429.940909940,600000,32.4324
430.128410408,600000,33.3333
430.318466658,600000,35.5263
430.509284158,600000,35.8974
430.700119523,600000,35.5263
430.890073846,600000,34.2105
431.081122804,600000,34.6667
431.269299523,600000,33.3333
431.459269523,600000,33.7838
431.650213325,600000,35.8974
431.841663064,600000,34.2105
432.035148481,600000,30.5556
432.225373012,600000,30.5556
432.417035564,600000,31.5068
432.610529678,600000,36.7089
432.800487387,600000,32.8767
432.988463220,600000,33.7838
433.177808324,600000,33.7838
433.369447022,600000,35.8974
433.561618897,600000,31.9444
433.752563115,600000,32.4324
433.943452074,600000,30.5556
434.133159834,600000,34.6667
434.317770876,600000,34.2466
434.503196605,600000,31.4286
434.687505928,600000,33.7838
434.872029886,600000,33.3333
435.059464834,600000,30
435.244318584,600000,30.9859
435.430711604,600000,33.7838
435.617845354,600000,35.1351
435.801863219,600000,33.3333
435.986899729,600000,31.4286
436.171730198,600000,30.9859
436.356276969,600000,33.3333
436.541561135,600000,30
436.725736500,600000,31.4286
436.911091239,600000,35.5263
437.101957177,600000,32.4324
437.287489989,600000,34.2466
437.471236864,600000,31.9444
437.657518687,600000,35.2113
437.841938062,600000,30.9859
438.026334155,600000,31.4286
438.211173582,600000,30
438.395942645,600000,32.3944
438.582409364,600000,30.9859
438.771075718,600000,30
438.957345509,600000,31.9444
