time,freq,util
.120757708,1200000,35.5556
.228287344,1200000,38.6364
.331392031,1200000,30.7692
.433304739,1200000,30.7692
.541002083,1200000,36.3636
.651465625,1200000,33.3333
.754465156,600000,27.027
.918227500,600000,29.6875
1.101925989,600000,34.6667
1.285313958,600000,31.4286
1.468443593,600000,30.9859
1.652132708,600000,34.6667
1.836093958,600000,32.3944
2.020992916,600000,32.8767
2.204118385,600000,33.3333
2.390768801,600000,35.1351
2.574226197,600000,31.9444
2.757607395,600000,30
2.941159270,600000,32.8767
3.124083020,600000,31.9444
3.308191613,600000,31.4286
3.491616926,600000,35.1351
3.675420311,600000,32.8767
3.858684269,600000,31.4286
4.042149998,600000,33.7838
4.224932863,600000,32.3944
4.408666717,1200000,30
4.510826196,1200000,30.7692
4.611693957,1200000,34.1463
4.712958227,1200000,32.5
4.814081613,1200000,30.7692
4.914792811,1200000,32.5
5.016216352,1200000,30.7692
5.118375571,600000,30.9524
5.302379998,600000,35.1351
5.484752133,600000,30.9859
5.668577654,600000,30.9859
5.853244685,600000,34.6667
6.052391039,600000,33.7838
6.238235623,1200000,33.8235
6.339150102,1200000,34.1463
6.441622758,1200000,32.5
6.543514008,1200000,30.7692
6.645274633,1200000,32.5
6.746439320,1200000,30
6.847733174,1200000,32.5
6.963951404,600000,30.4348
7.144066299,1200000,31.8841
7.245988799,1200000,34.1463
7.347326455,1200000,34.1463
7.448281924,1200000,34.1463
7.549627549,1200000,31.7073
7.651250570,1200000,30.7692
7.754421768,1200000,27.027
7.867353174,600000,31.9149
8.051425518,600000,33.3333
8.233567966,600000,33.7838
8.416174424,600000,29.4118
8.599312184,600000,31.9444
8.782254320,600000,32.8767
8.965502809,600000,31.9444
9.149900361,1200000,31.4286
9.253766246,1200000,30.7692
9.355200726,1200000,31.7073
9.456737340,1200000,30.7692
9.558385569,1200000,32.5
9.659669371,1200000,28.9474
9.760630673,1200000,30.7692
9.865720100,600000,32.5581
10.049147392,600000,30
10.232119736,600000,35.1351
10.415881090,600000,31.4286
10.599529371,1200000,30.9859
10.729102235,1200000,30.6122
10.830445517,1200000,28.9474
10.931547392,1200000,32.5
11.033084319,1200000,30.7692
11.134583850,1200000,30.7692
11.235911819,1200000,30.7692
11.337757496,600000,34.8837
11.498946506,600000,29.5082
11.682177548,600000,33.7838
11.865670152,600000,31.9444
12.048922287,1200000,30.4348
12.204865099,1200000,35.4839
12.306052547,1200000,28.9474
12.407096766,1200000,34.8837
12.508737287,1200000,28.9474
12.611655672,1200000,32.5
12.713183016,1200000,30.7692
12.814420516,600000,28.9474
12.947077078,600000,31.4815
13.130653016,600000,31.9444
13.313820255,600000,32.3944
13.496855099,600000,31.9444
13.679194943,600000,30
13.867229995,600000,31.5068
14.052131922,600000,32.8767
14.235272442,600000,31.9444
14.419457234,1200000,28.9855
14.552736974,1200000,30.6122
14.653969630,1200000,30.7692
14.755109005,1200000,31.7073
14.856364578,1200000,30.7692
14.957219421,1200000,32.5
15.058689942,1200000,28.9474
15.160114577,600000,27.027
15.316847546,600000,31.1475
15.501735723,600000,31.5068
15.686534369,600000,32.3944
15.870961661,600000,31.9444
16.054761817,600000,31.9444
16.222369212,1200000,32.3077
16.323648379,1200000,32.5
16.425015723,1200000,32.5
16.526309212,1200000,28.9474
16.627674733,1200000,34.1463
16.729631973,1200000,32.5
16.830949160,600000,32.5
16.953388327,600000,32
17.137565462,600000,30
17.321604577,600000,33.7838
17.504867441,600000,31.9444
17.689515566,1200000,30
17.845589004,1200000,31.6667
17.946786660,1200000,30.7692
18.048131660,1200000,30.7692
18.149358535,1200000,32.5
18.251657962,1200000,32.5
18.352909003,1200000,30.7692
18.454578222,600000,28.2051
18.591015149,600000,33.3333
18.774685045,600000,31.9444
18.957940670,600000,28.9855
19.141924628,600000,32.8767
19.325601711,600000,31.9444
19.509177180,600000,30
19.692800409,600000,32.3944
19.876939680,600000,31.9444
20.061433378,600000,32.8767
20.244202857,600000,32.8767
20.427463378,600000,30.4348
20.611924940,600000,33.7838
20.797962023,600000,29.5775
20.982321659,600000,32.8767
21.166191606,600000,30.9859
21.352180617,600000,34.6667
21.535867856,600000,30.9859
21.721092648,600000,33.3333
21.904778950,600000,30.9859
22.089281658,600000,30.9859
22.273594210,600000,32.8767
22.457675981,600000,29.5775
22.642043481,600000,34.6667
22.825781970,600000,34.2466
23.010295304,1200000,31.9444
23.137090981,1200000,31.25
23.238143272,1200000,32.5
23.339050981,1200000,32.5
23.440614366,1200000,28.9474
23.541466606,1200000,34.1463
23.643153428,1200000,30
23.744642022,600000,28.9474
23.907081918,600000,27.8689
24.091509522,600000,32.8767
24.274737387,600000,33.3333
24.458313584,1200000,30
24.615694730,1200000,33.871
24.717309678,1200000,34.1463
24.819676553,1200000,32.5
24.922340720,1200000,31.7073
25.024716240,1200000,30.7692
25.127135407,1200000,31.7073
25.229333219,600000,30
25.371941969,1200000,36.0656
25.525338792,1200000,31.0345
25.627724678,1200000,34.1463
25.730792490,1200000,32.5
25.838427438,1200000,27.5
25.939356969,1200000,33.3333
26.040840198,1200000,32.5
26.142350927,600000,32.5
26.285999573,600000,30.3571
26.470946344,600000,31.9444
26.653662386,600000,30.9859
26.836757073,600000,30
27.021337333,600000,33.7838
27.204484937,600000,31.4286
27.391628531,600000,33.3333
27.574630198,600000,30.9859
27.759028635,600000,30.4348
27.942427489,600000,31.9444
28.125361083,600000,32.3944
28.308646656,1200000,30
28.413962385,1200000,32.5
28.515331708,1200000,34.1463
28.616412749,1200000,28.2051
28.717603218,1200000,34.1463
28.819237697,1200000,32.5
28.920737645,1200000,30.7692
29.022659833,600000,31.7073
29.204654468,600000,32.3944
29.390080926,600000,30.5556
29.574556030,600000,30
29.760861186,600000,31.5068
29.944912124,600000,30.9859
30.129707124,1200000,32.3944
30.232839051,1200000,31.7073
30.334831603,1200000,30.7692
30.436500145,1200000,30.7692
30.537742436,1200000,34.1463
