time,freq,util
.081608750,1200000,33.3333
.186874166,1200000,35.7143
.288247291,1200000,28.9474
.388017916,1200000,29.7297
.487803177,1200000,27.027
.588008437,1200000,33.3333
.688113177,1200000,30.7692
.789124427,1200000,32.5
.889298385,1200000,33.3333
.989517916,1200000,32.5
1.089913593,1200000,32.5
1.190155833,1200000,30.7692
1.290644739,1200000,33.3333
1.391200885,1200000,30.7692
1.491338697,1200000,35.7143
1.592400885,1200000,28.9474
1.692517239,1200000,33.3333
1.793556822,1200000,28.9474
1.893489843,1200000,30.7692
1.993180416,1200000,31.5789
2.093640468,1200000,30.7692
2.193689322,1200000,27.027
2.293734530,1200000,27.7778
2.393556770,1200000,28.9474
2.493393280,1200000,31.5789
2.593178176,1200000,32.5
2.692908540,1200000,33.3333
2.792709374,1200000,30.7692
2.892649947,1200000,31.5789
2.992146405,1200000,32.5
3.091992186,1200000,33.3333
3.192222342,1200000,28.9474
3.293633384,1200000,30.7692
3.393234426,1200000,35
3.493123748,1200000,32.5
3.592850936,1200000,30.7692
3.692794790,1200000,31.5789
3.792733800,1200000,32.5
3.892472655,1200000,36.5854
3.992336717,1200000,30.7692
4.091808280,1200000,31.5789
4.191796404,1200000,30.7692
4.291631196,1200000,33.3333
4.391846456,1200000,28.9474
4.491793331,1200000,30.7692
4.592045779,1200000,33.3333
4.692541613,1200000,30.7692
4.792755363,1200000,32.5
4.892533488,1200000,36.5854
4.992549633,1200000,33.3333
5.093886456,1200000,32.5
5.193763592,1200000,29.7297
5.293919164,1200000,27.027
5.394048696,1200000,28.9474
5.493893175,1200000,27.7778
5.593646612,1200000,27.027
5.694259060,1200000,33.3333
5.793902446,1200000,28.9474
5.894192706,1200000,27.027
5.994863643,1200000,36.5854
6.094715622,1200000,32.5
6.195195310,1200000,35.7143
6.296458800,1200000,35
6.396727237,1200000,30.7692
6.496608279,1200000,32.5
6.596848279,1200000,31.5789
6.696915258,1200000,30.7692
6.796916612,1200000,30.7692
6.897791976,1200000,32.5
6.999262080,1200000,32.5
7.099634945,1200000,33.3333
7.199960674,1200000,30.7692
7.300592028,1200000,32.5
7.400389268,1200000,33.3333
7.500652497,1200000,32.5
7.600398695,1200000,33.3333
7.701123434,1200000,32.5
7.801346299,1200000,35.7143
7.901229632,1200000,35
8.001556091,1200000,34.1463
8.102088226,1200000,28.9474
8.202878070,1200000,30.7692
8.303190049,1200000,33.3333
8.403090674,1200000,35.7143
8.503169580,1200000,34.1463
8.603718174,1200000,28.9474
8.703683851,1200000,29.7297
8.803830986,1200000,27.027
8.903846819,1200000,29.7297
9.003880778,1200000,28.9474
9.104060465,1200000,27.027
9.204489111,1200000,31.5789
9.305298903,1200000,35.7143
9.405470152,1200000,34.1463
9.505606194,1200000,33.3333
9.605103173,1200000,32.5
9.705221402,1200000,36.5854
9.805104371,1200000,37.2093
9.904834996,1200000,33.3333
10.005781402,1200000,32.5
10.107273329,1200000,33.3333
10.207450621,1200000,31.5789
10.307129319,1200000,32.5
10.407276038,1200000,34.1463
10.507988590,1200000,29.7297
10.608198381,1200000,30.7692
10.708312704,1200000,30.7692
10.809891142,1200000,29.7297
10.909824996,1200000,28.9474
11.010447183,1200000,32.5
11.111052548,1200000,31.5789
11.211047235,1200000,34.1463
11.311258850,1200000,32.5
11.411151402,1200000,35
11.511084370,1200000,34.1463
11.611252443,1200000,33.3333
11.711520360,1200000,32.5
11.812164006,1200000,30.7692
11.912191558,1200000,31.5789
12.012713745,1200000,34.1463
12.112857079,1200000,32.5
12.213321401,1200000,32.5
12.314690568,1200000,31.5789
12.415225568,1200000,32.5
12.514777860,1200000,32.5
12.614435412,1200000,29.7297
12.714736297,1200000,34.1463
12.814879266,1200000,30.7692
12.914478901,1200000,29.7297
13.014647026,1200000,35.7143
13.114617911,1200000,31.5789
13.214764526,1200000,32.5
13.314611088,1200000,31.5789
13.414669005,1200000,32.5
13.514686818,1200000,34.1463
13.614861609,1200000,31.5789
13.714922703,1200000,30.7692
13.815870463,1200000,35
13.916261453,1200000,28.9474
14.016574369,1200000,32.5
14.116491401,1200000,32.5
14.216544890,1200000,33.3333
14.316748901,1200000,30.7692
14.417325151,1200000,34.1463
14.517233015,1200000,31.5789
14.617567182,1200000,28.9474
14.717889473,1200000,28.9474
14.818104942,1200000,29.7297
14.918365567,1200000,32.5
15.018909317,1200000,30.7692
15.123955879,1200000,33.3333
15.225328536,1200000,32.5
15.325791244,1200000,34.1463
15.426094265,1200000,29.7297
15.526489317,1200000,32.5
15.627590150,1200000,30.7692
15.727478483,1200000,27.7778
15.827471296,1200000,27.027
15.927432494,1200000,30.7692
16.027429785,1200000,31.5789
16.127894212,1200000,27.027
16.228139577,1200000,32.5
16.328182910,1200000,33.3333
16.428658796,1200000,30.7692
16.528233796,1200000,30.7692
16.628546816,1200000,33.3333
16.729315566,1200000,32.5
16.829188118,1200000,35
16.928529316,1200000,30.7692
17.028167129,1200000,35
17.128309108,1200000,28.9474
17.228002806,1200000,29.7297
17.328063170,1200000,28.9474
17.429333222,1200000,30.7692
17.529085879,1200000,32.5
17.630021608,1200000,33.3333
17.730356816,1200000,34.1463
17.829732181,1200000,30.7692
17.930152753,1200000,35
18.029961035,1200000,32.5
18.130035722,1200000,29.7297
18.230443066,1200000,28.9474
18.330335722,1200000,33.3333
18.431389368,1200000,30.7692
18.531587232,1200000,32.5
18.632138482,1200000,32.5
18.732535149,1200000,34.1463
18.832650253,1200000,33.3333
18.932933118,1200000,32.5
19.033746815,1200000,30.7692
19.134512232,1200000,27.027
19.234648170,1200000,31.5789
19.334745565,1200000,32.5
19.435476555,1200000,32.5
19.535281763,1200000,33.3333
19.635137597,1200000,34.1463
19.737636346,1200000,32.5
19.837352544,1200000,28.9474
19.937726711,1200000,28.9474
20.038615044,1200000,29.7297
20.140105461,1200000,34.1463
20.241266398,1200000,30.7692
20.341469992,1200000,33.3333
20.441874523,1200000,30.7692
20.542064523,1200000,30.7692
20.642333586,1200000,29.7297
20.742407440,1200000,32.5
20.842529731,1200000,32.5
20.942980200,1200000,33.3333
21.043553325,1200000,34.1463
21.143679158,1200000,30.7692
21.244799002,1200000,31.5789
21.344477492,1200000,28.9474
21.445051971,1200000,34.1463
21.545441815,1200000,35
21.645275252,1200000,28.9474
21.745566137,1200000,33.3333
21.845963950,1200000,28.9474
21.945655096,1200000,28.9474
22.046098377,1200000,31.5789
22.145930043,1200000,30.7692
22.246776450,1200000,28.9474
22.346951398,1200000,31.5789
22.447055356,1200000,34.1463
22.547421033,1200000,32.5
22.648019210,1200000,29.7297
22.750020512,1200000,32.5
22.850683168,1200000,28.9474
22.951003116,1200000,32.5
23.051720251,1200000,32.5
23.152103168,1200000,29.7297
23.252905356,1200000,32.5
23.352572283,1200000,30.7692
23.452767751,1200000,33.3333
23.552832387,1200000,30.7692
23.652636918,1200000,33.3333
23.752628637,1200000,32.5
23.853463741,1200000,32.5
23.954126397,1200000,27.027
24.054347022,1200000,33.3333
24.154475928,1200000,34.1463
24.255737543,1200000,35.7143
24.356145095,1200000,31.5789
24.456103115,1200000,32.5
24.555667959,1200000,31.5789
24.655992699,1200000,28.9474
24.755981345,1200000,34.1463
24.857456240,1200000,33.3333
24.957745303,1200000,27.027
25.058252542,1200000,27.027
25.157590563,1200000,35
25.257806969,1200000,32.5
25.358199469,1200000,28.9474
25.459799730,1200000,33.3333
25.559144573,1200000,30.7692
25.659393688,1200000,33.3333
25.759980615,1200000,35.7143
25.859863063,1200000,29.7297
25.960845198,1200000,34.1463
26.060952125,1200000,30.7692
26.161187750,1200000,31.5789
26.261625563,1200000,34.1463
26.361979000,1200000,28.9474
26.461871292,1200000,29.7297
26.562199208,1200000,27.027
26.662247750,1200000,31.5789
26.762167854,1200000,35.7143
26.862781031,1200000,34.1463
26.962967958,1200000,30.7692
27.063339000,1200000,35
27.164125354,1200000,30.7692
27.266125875,1200000,35.7143
27.366616864,1200000,34.1463
27.466343635,1200000,33.3333
27.565995041,1200000,32.5
27.667312229,1200000,30.7692
27.767196291,1200000,31.5789
27.867917177,1200000,30.7692
27.967624937,1200000,29.7297
28.067888479,1200000,27.027
28.168597072,1200000,30.7692
28.269136031,1200000,33.3333
28.368956343,1200000,34.1463
28.469300562,1200000,34.1463
28.569585458,1200000,33.3333
28.670241447,1200000,34.1463
28.772449468,1200000,30.7692
28.872541499,1200000,32.5
28.972584833,1200000,33.3333
29.072126030,1200000,32.5
29.173370614,1200000,30.7692
29.273225874,1200000,31.5789
29.373142228,1200000,32.5
29.473996030,1200000,32.5
29.573825249,1200000,27.7778
29.674323374,1200000,27.027
29.774878530,1200000,32.5
29.874828322,1200000,35
29.975019572,1200000,30.7692
30.076589468,1200000,34.1463
30.176973842,1200000,30.7692
30.278803061,1200000,33.3333
30.379531967,1200000,32.5
30.479312176,1200000,35
30.579939936,1200000,32.5
30.679891394,1200000,28.9474
30.781059519,1200000,33.3333
30.881435405,1200000,32.5
30.981556394,1200000,35.7143
31.082392905,1200000,29.7297
31.182434675,1200000,30.7692
31.283736498,1200000,32.5
31.384748998,1200000,28.9474
31.484893946,1200000,31.5789
31.585486342,1200000,32.5
31.685915144,1200000,30.7692
31.788676342,1200000,27.027
31.888896863,1200000,32.5
31.988671811,1200000,31.5789
32.089386081,1200000,32.5
32.189442488,1200000,34.1463
32.289896967,1200000,33.3333
32.390470508,1200000,30.7692
32.490217487,1200000,35.7143
32.591103217,1200000,29.7297
32.691201446,1200000,32.5
32.791460769,1200000,34.1463
32.891885144,1200000,33.3333
32.991757435,1200000,28.9474
33.092562175,1200000,28.9474
33.192413789,1200000,33.3333
33.293238320,1200000,32.5
33.393214310,1200000,33.3333
33.493228685,1200000,32.5
33.593065143,1200000,34.1463
33.694338633,1200000,29.7297
33.794836289,1200000,34.1463
33.894766862,1200000,33.3333
33.994906393,1200000,30.7692
34.095039258,1200000,32.5
34.195103008,1200000,35
34.295071653,1200000,34.1463
34.394849570,1200000,33.3333
34.495046497,1200000,32.5
34.595001080,1200000,30.7692
34.695513268,1200000,33.3333
34.796202955,1200000,32.5
34.896125247,1200000,33.3333
34.996170716,1200000,32.5
35.096062955,1200000,35
35.196652851,1200000,37.2093
35.296641341,1200000,31.5789
35.396199570,1200000,32.5
35.496485715,1200000,32.5
35.596349361,1200000,32.5
35.697416965,1200000,31.5789
35.798696705,1200000,27.027
35.898149413,1200000,33.3333
35.997870194,1200000,27.027
36.097932799,1200000,29.7297
36.197488007,1200000,27.027
36.299858163,1200000,32.5
36.399973892,1200000,33.3333
36.500308007,1200000,28.9474
36.600570194,1200000,32.5
36.700780194,1200000,33.3333
36.801365455,1200000,32.5
36.901409465,1200000,32.5
37.001333215,1200000,35
37.101268371,1200000,35.7143
37.201793527,1200000,33.3333
37.302017173,1200000,32.5
37.402229465,1200000,34.1463
37.502322173,1200000,35
37.601912538,1200000,32.5
37.701941079,1200000,33.3333
37.803802329,1200000,28.9474
37.904757433,1200000,34.1463
38.004758892,1200000,32.5
38.105184256,1200000,35
38.205145298,1200000,34.1463
38.305073527,1200000,34.1463
38.406286808,1200000,35
38.506349412,1200000,32.5
38.606466443,1200000,34.1463
38.706331391,1200000,35
38.806766652,1200000,32.5
38.906879308,1200000,31.5789
39.006760089,1200000,32.5
39.106388943,1200000,33.3333
39.206644256,1200000,32.5
39.307903370,1200000,27.027
39.408890454,1200000,33.3333
39.508044204,1200000,30.7692
39.607540297,1200000,31.5789
39.708017641,1200000,28.9474
39.807936130,1200000,27.027
39.908313474,1200000,27.7778
40.008274255,1200000,30.7692
40.109696182,1200000,32.5
40.209696964,1200000,31.5789
40.310417953,1200000,32.5
40.412453214,1200000,28.9474
40.512557484,1200000,35
40.612986130,1200000,36.5854
40.713326755,1200000,30.7692
40.813581703,1200000,27.7778
40.914191859,1200000,32.5
41.015360349,1200000,36.5854
