time,freq,util
.086766771,1200000,38.2353
.192969739,1200000,34.1463
.300403073,1200000,34.8837
.405863646,1200000,34.1463
.510948437,1200000,34.1463
.617817656,1200000,32.5
.724666666,1200000,34.8837
.830799270,1200000,30.7692
.936226614,1200000,32.5
1.042822708,1200000,34.8837
1.148442552,1200000,37.2093
1.252321562,1200000,32.5
1.360470364,1200000,34.8837
1.465207968,1200000,34.1463
1.568267551,1200000,34.1463
1.672156145,1200000,30.7692
1.776300833,1200000,34.1463
1.881998958,1200000,33.3333
1.985215155,1200000,35.7143
2.085889218,1200000,32.5
2.194103489,1200000,31.7073
2.300090520,1200000,34.1463
2.407316926,1200000,31.7073
2.510270051,1200000,30.7692
2.611090780,1200000,30.7692
2.711141822,1200000,33.3333
2.813571874,1200000,32.5
2.919940676,1200000,34.8837
3.025901353,1200000,34.1463
3.130800884,1200000,32.5
3.237505259,1200000,34.8837
3.342787759,1200000,30.7692
3.447812134,1200000,38.6364
3.552604842,1200000,30.7692
3.660175207,1200000,41.3043
3.766563176,1200000,32.5
3.873417342,1200000,30
3.978883644,1200000,32.5
4.083945415,1200000,30.7692
4.188846040,1200000,34.1463
4.295580155,1200000,33.3333
4.401554321,1200000,32.5
4.505868175,1200000,35
4.609137498,1200000,30.7692
4.714015467,1200000,32.5
4.819731665,1200000,32.5
4.925870779,1200000,34.8837
5.034731613,1200000,32.5581
5.142389581,1200000,37.2093
5.246310571,1200000,37.2093
5.352595206,1200000,30.7692
5.459453592,1200000,36.3636
5.564624998,1200000,32.5
5.670461248,1200000,35.7143
5.775853331,1200000,34.1463
5.881037914,1200000,35.7143
5.986731091,1200000,30.7692
6.093251612,1200000,30
6.196845935,1200000,35
6.302370466,1200000,31.7073
6.407425050,1200000,38.6364
6.514459060,1200000,30.7692
6.621403383,1200000,37.7778
6.726183747,1200000,32.5
6.831310258,1200000,35.7143
6.936828331,1200000,34.8837
7.042574372,1200000,32.5
7.148386872,1200000,37.7778
7.254997237,1200000,30
7.359646351,1200000,36.5854
7.463707393,1200000,28.9474
7.569411247,1200000,32.5
7.676218851,1200000,37.7778
7.782366143,1200000,32.5
7.885300101,1200000,35.7143
7.989808486,1200000,33.3333
8.094525830,1200000,30.7692
8.199604007,1200000,35
8.304656403,1200000,28.9474
8.408497653,1200000,35.7143
8.514085986,1200000,32.5
8.618754788,1200000,38.6364
8.724043695,1200000,32.5
8.831876247,1200000,31.7073
8.941618017,1200000,38.6364
9.049600674,1200000,34.1463
9.156698486,1200000,33.3333
9.263332809,1200000,34.1463
9.372408173,1200000,37.2093
9.478883746,1200000,35.7143
9.581607236,1200000,32.5
9.688960465,1200000,31.7073
9.796101142,1200000,34.1463
9.901274944,1200000,34.1463
10.005957444,1200000,35.7143
10.113339423,1200000,31.7073
10.217102444,1200000,32.5
10.321588798,1200000,38.0952
10.427678642,1200000,36.3636
10.532255829,1200000,32.5
10.636502496,1200000,36.3636
10.741345152,1200000,30.7692
10.845659319,1200000,33.3333
10.948831715,1200000,33.3333
11.054565100,1200000,30
11.158930152,1200000,35
11.265086037,1200000,31.7073
11.371338121,1200000,31.7073
11.476154579,1200000,34.1463
11.582138693,1200000,28.9474
11.684757391,1200000,31.7073
11.789989162,1200000,34.1463
11.897609943,1200000,28.2051
12.002375672,1200000,30.7692
12.108279579,1200000,36.3636
12.212051402,1200000,34.1463
12.315507495,1200000,35.7143
12.419238329,1200000,34.1463
12.523056766,1200000,30.7692
12.630661974,1200000,40
12.737324683,1200000,33.3333
12.843527651,1200000,30
12.946756401,1200000,34.1463
13.050362495,1200000,32.5
13.156315464,1200000,28.2051
13.260901349,1200000,32.5
13.364520464,1200000,30.7692
13.467511349,1200000,39.5349
13.572055307,1200000,31.7073
13.676133953,1200000,34.1463
13.781478380,1200000,35.7143
13.885869734,1200000,34.1463
13.991093745,1200000,34.1463
14.095094370,1200000,33.3333
14.199876297,1200000,34.1463
14.303109109,1200000,32.5
14.407140255,1200000,35.7143
14.511499578,1200000,34.1463
14.614708171,1200000,30.7692
14.717705463,1200000,34.1463
14.821501088,1200000,34.1463
14.925882390,1200000,31.7073
15.034390046,1200000,30
15.140350880,1200000,34.8837
15.243985723,1200000,30.7692
15.349692598,1200000,33.3333
15.452118952,1200000,30.7692
15.557257390,1200000,37.7778
15.662447650,1200000,32.5
15.765367598,1200000,35.7143
15.870140931,1200000,31.7073
15.978276713,1200000,30
16.082947963,1200000,30.7692
16.188403848,1200000,34.8837
16.291719317,1200000,34.1463
16.398544421,1200000,33.3333
16.504012337,1200000,30.7692
16.608948327,1200000,34.8837
16.713509473,1200000,32.5
16.816505098,1200000,35.7143
16.920996608,1200000,34.1463
17.026674473,1200000,34.8837
17.131362129,1200000,34.1463
17.235029681,1200000,32.5
17.339938691,1200000,35.7143
17.445462129,1200000,31.7073
17.549810983,1200000,30.7692
17.652412754,1200000,30.7692
17.756557389,1200000,35.7143
17.860197441,1200000,33.3333
17.964982493,1200000,30
18.068923378,1200000,32.5
18.172646243,1200000,32.5
18.276568535,1200000,37.2093
18.380804576,1200000,31.7073
18.485469889,1200000,34.1463
18.593860097,1200000,33.3333
18.699168118,1200000,37.2093
18.801135618,1200000,34.1463
18.906845045,1200000,31.7073
19.009601191,1200000,35
19.114202180,1200000,28.2051
19.217218951,1200000,35.7143
19.321726347,1200000,28.9474
19.426704836,1200000,33.3333
19.531950826,1200000,32.5
19.634887388,1200000,34.1463
19.738507440,1200000,34.1463
19.843382492,1200000,32.5
19.948054836,1200000,34.1463
20.052586919,1200000,34.1463
20.158493794,1200000,36.3636
20.263972857,1200000,30.7692
20.370885565,1200000,41.8605
20.475537909,1200000,37.2093
20.580352909,1200000,35.7143
20.686132544,1200000,35.7143
20.790667492,1200000,31.7073
20.894893429,1200000,30.7692
20.998789107,1200000,35.7143
21.104108950,1200000,31.7073
21.208280721,1200000,34.1463
21.313772388,1200000,32.5
21.416529940,1200000,32.5
21.519878481,1200000,34.1463
21.625245721,1200000,35.7143
21.730099887,1200000,32.5
21.835489523,1200000,30
21.941580096,1200000,34.8837
22.046001294,1200000,35.7143
22.150363950,1200000,31.7073
22.254373898,1200000,35.7143
22.357965200,1200000,37.2093
22.461856710,1200000,28.9474
22.566667908,1200000,32.5
22.671902648,1200000,31.7073
22.775530200,1200000,35.7143
22.880122595,1200000,30.7692
22.983897022,1200000,28.9474
23.088882595,1200000,36.3636
23.195087752,1200000,35.7143
23.300504939,1200000,35.7143
23.403430929,1200000,28.9474
23.508589574,1200000,36.3636
23.611734001,1200000,33.3333
23.714983376,1200000,34.1463
23.817986866,1200000,32.5
23.923269835,1200000,36.3636
24.027049991,1200000,32.5
24.130562595,1200000,30.7692
24.234318741,1200000,30.7692
24.337186970,1200000,39.5349
24.440891657,1200000,34.1463
24.544567699,1200000,28.9474
24.649176813,1200000,37.2093
24.753555720,1200000,32.5
24.858329053,1200000,31.7073
24.962568949,1200000,32.5
25.068701397,1200000,35.7143
25.171797803,1200000,35.7143
25.275222334,1200000,34.8837
25.379495199,1200000,32.5
25.482308324,1200000,35
25.588868167,1200000,33.3333
25.693361865,1200000,30.7692
25.795856084,1200000,30.7692
25.899816500,1200000,28.9474
26.002910355,1200000,32.5
26.105257177,1200000,35.7143
26.207253323,1200000,34.1463
26.307779730,1200000,32.5
26.408617750,1200000,28.9474
26.510509052,1200000,32.5
26.616242177,1200000,32.5
26.720925875,1200000,32.5
26.827444156,1200000,33.3333
26.932873115,1200000,34.1463
27.036440302,1200000,34.1463
27.140470823,1200000,38.6364
27.243326240,1200000,28.9474
27.346511969,1200000,32.5
27.449846187,1200000,28.9474
27.552457542,1200000,34.1463
27.660730614,1200000,39.1304
27.765172125,1200000,35.7143
27.869217646,1200000,32.5
27.973633427,1200000,28.9474
28.077025718,1200000,34.1463
28.181961708,1200000,34.8837
28.285009260,1200000,32.5
28.389203739,1200000,34.1463
28.493290354,1200000,32.5
28.597242645,1200000,32.5
28.702035614,1200000,33.3333
28.804411499,1200000,33.3333
28.906822697,1200000,33.3333
29.014822072,1200000,34.8837
29.118799260,1200000,35.7143
29.224523530,1200000,30.7692
29.328682749,1200000,37.2093
29.434195353,1200000,31.7073
29.538449728,1200000,32.5
29.642398634,1200000,33.3333
29.746820666,1200000,35.7143
29.849454416,1200000,28.9474
29.954099364,1200000,34.1463
30.062046238,1200000,32.5581
30.168653009,1200000,34.8837
