     0.200463281,10533505,,instructions,801102607,100.00,,
     0.200463281,39912,,cache-misses,801060939,100.00,,
     0.401347916,8478031,,instructions,802387893,100.00,,
     0.401347916,13718,,cache-misses,802303726,100.00,,
     0.601827135,8329852,,instructions,802241947,100.00,,
     0.601827135,11374,,cache-misses,802175592,100.00,,
     0.802273489,8358116,,instructions,802129664,100.00,,
     0.802273489,11779,,cache-misses,802079273,100.00,,
     1.002730104,8447590,,instructions,802065481,100.00,,
     1.002730104,13910,,cache-misses,802027887,100.00,,
     1.203187708,8319648,,instructions,802030072,100.00,,
     1.203187708,10731,,cache-misses,801995905,100.00,,
     1.403631197,8447728,,instructions,801992658,100.00,,
     1.403631197,11432,,cache-misses,801964087,100.00,,
     1.604115103,9346603,,instructions,801976708,100.00,,
     1.604115103,24304,,cache-misses,801959143,100.00,,
     1.804678645,8408252,,instructions,802014151,100.00,,
     1.804678645,12795,,cache-misses,801992508,100.00,,
     2.005141822,8344199,,instructions,801999736,100.00,,
     2.005141822,11368,,cache-misses,801979111,100.00,,
     2.205642239,9207010,,instructions,801991205,100.00,,
     2.205642239,28233,,cache-misses,801979514,100.00,,
     2.406384947,11563704,,instructions,802072854,100.00,,
     2.406384947,71255,,cache-misses,802062181,100.00,,
     2.607034478,11406466,,instructions,802112706,100.00,,
     2.607034478,79277,,cache-misses,802103175,100.00,,
     2.807662499,9609851,,instructions,802141323,100.00,,
     2.807662499,44224,,cache-misses,802132279,100.00,,
     3.010960415,14163753,,instructions,802877832,100.00,,
     3.010960415,102897,,cache-misses,802869613,100.00,,
     3.211629426,12766056,,instructions,802865012,100.00,,
     3.211629426,100811,,cache-misses,802857388,100.00,,
     3.412276978,14155656,,instructions,802849653,100.00,,
     3.412276978,113176,,cache-misses,802841993,100.00,,
     3.612920988,12890311,,instructions,802834750,100.00,,
     3.612920988,88110,,cache-misses,802827256,100.00,,
     3.813513853,8344260,,instructions,802814361,100.00,,
     3.813513853,11010,,cache-misses,802804108,100.00,,
     4.014022863,9214617,,instructions,802771403,100.00,,
     4.014022863,30962,,cache-misses,802764880,100.00,,
     4.214716925,49817307,,instructions,802769786,100.00,,
     4.214716925,546122,,cache-misses,802764717,100.00,,
     4.415385519,145331602,,instructions,802766583,100.00,,
     4.415385519,853345,,cache-misses,802761060,100.00,,
     4.616113800,40253161,,instructions,802770237,100.00,,
     4.616113800,203951,,cache-misses,802767606,100.00,,
     4.816712446,8435259,,instructions,802760818,100.00,,
     4.816712446,12729,,cache-misses,802752886,100.00,,
     5.017249217,13883803,,instructions,802731933,100.00,,
     5.017249217,77062,,cache-misses,802727848,100.00,,
     5.217966769,10088387,,instructions,802737951,100.00,,
     5.217966769,50805,,cache-misses,802733373,100.00,,
     5.418610831,10306574,,instructions,802731748,100.00,,
     5.418610831,52850,,cache-misses,802727440,100.00,,
     5.619259633,10878233,,instructions,802726972,100.00,,
     5.619259633,65534,,cache-misses,802722733,100.00,,
     5.819905518,9487776,,instructions,802722676,100.00,,
     5.819905518,35496,,cache-misses,802718202,100.00,,
     6.020529633,10674486,,instructions,802715111,100.00,,
     6.020529633,53604,,cache-misses,802710752,100.00,,
     6.221153487,10527864,,instructions,802707574,100.00,,
     6.221153487,56592,,cache-misses,802703683,100.00,,
     6.421804477,9512683,,instructions,802704208,100.00,,
     6.421804477,38028,,cache-misses,802700559,100.00,,
     6.622453956,10381834,,instructions,802700935,100.00,,
     6.622453956,52015,,cache-misses,802697429,100.00,,
     6.823108383,9614924,,instructions,802698671,100.00,,
     6.823108383,39226,,cache-misses,802695098,100.00,,
     7.023758695,9165215,,instructions,802695140,100.00,,
     7.023758695,29115,,cache-misses,802692390,100.00,,
     7.224408174,10765259,,instructions,802693082,100.00,,
     7.224408174,62941,,cache-misses,802689763,100.00,,
     7.425126247,9354224,,instructions,802698097,100.00,,
     7.425126247,33840,,cache-misses,802694749,100.00,,
     7.625777445,35777083,,instructions,802695017,100.00,,
     7.625777445,239358,,cache-misses,802692172,100.00,,
     7.826587757,18749761,,instructions,802709388,100.00,,
     7.826587757,131657,,cache-misses,802706440,100.00,,
     8.027193122,8205841,,instructions,802704891,100.00,,
     8.027193122,10871,,cache-misses,802699864,100.00,,
     8.227647965,8340176,,instructions,802683047,100.00,,
     8.227647965,13449,,cache-misses,802678390,100.00,,
     8.428117445,8262174,,instructions,802663940,100.00,,
     8.428117445,12614,,cache-misses,802659314,100.00,,
     8.628572444,8221489,,instructions,802644685,100.00,,
     8.628572444,10314,,cache-misses,802639893,100.00,,
     8.829012653,8275964,,instructions,802624434,100.00,,
     8.829012653,11570,,cache-misses,802619893,100.00,,
     9.029515726,9196037,,instructions,802608796,100.00,,
     9.029515726,23585,,cache-misses,802605979,100.00,,
     9.230102028,8565160,,instructions,802604169,100.00,,
     9.230102028,18635,,cache-misses,802600535,100.00,,
     9.430601923,8357833,,instructions,802592041,100.00,,
     9.430601923,12208,,cache-misses,802587892,100.00,,
     9.631123590,9312912,,instructions,802579225,100.00,,
     9.631123590,37311,,cache-misses,802576984,100.00,,
     9.831775986,10610379,,instructions,802580093,100.00,,
     9.831775986,57636,,cache-misses,802577540,100.00,,
