# Fri May 31 22:34:43 2019
abstime,time_stamp,volt,curr,pf,mul
1559367283899,0.08,122.3,0.05691,0.519,3.612288267
1559367283948,0.129,122.3,0.05691,0.519,3.612288267
1559367283994,0.175,122.3,0.05691,0.519,3.612288267
1559367284040,0.221,122.3,0.06477,0.534,4.230012114
1559367284085,0.266,122.3,0.06477,0.534,4.230012114
1559367284131,0.312,122.3,0.06477,0.534,4.230012114
1559367284175,0.356,122.3,0.06477,0.534,4.230012114
1559367284238,0.419,122.3,0.06409,0.537,4.209117159
1559367284284,0.465,122.3,0.06409,0.537,4.209117159
1559367284329,0.51,122.3,0.06409,0.537,4.209117159
1559367284375,0.556,122.3,0.06409,0.537,4.209117159
1559367284438,0.619,122.3,0.06407,0.537,4.207803657
1559367284484,0.665,122.3,0.06407,0.537,4.207803657
1559367284530,0.711,122.3,0.06407,0.537,4.207803657
1559367284576,0.757,122.3,0.06407,0.537,4.207803657
1559367284637,0.818,122.3,0.06366,0.541,4.212019338
1559367284683,0.864,122.3,0.06366,0.541,4.212019338
1559367284729,0.91,122.3,0.06366,0.541,4.212019338
1559367284775,0.956,122.3,0.06366,0.541,4.212019338
1559367284837,1.018,122.2,0.06407,0.539,4.220021806
1559367284883,1.064,122.2,0.06407,0.539,4.220021806
1559367284929,1.11,122.2,0.06407,0.539,4.220021806
1559367284976,1.157,122.2,0.06407,0.539,4.220021806
1559367285038,1.219,122.3,0.06392,0.541,4.229222056
1559367285084,1.265,122.3,0.06392,0.541,4.229222056
1559367285130,1.311,122.3,0.06392,0.541,4.229222056
1559367285176,1.357,122.3,0.06392,0.541,4.229222056
1559367285237,1.418,122.3,0.0637,0.541,4.21466591
1559367285284,1.465,122.3,0.0637,0.541,4.21466591
1559367285330,1.511,122.3,0.0637,0.541,4.21466591
1559367285376,1.557,122.3,0.0637,0.541,4.21466591
1559367285438,1.619,122.3,0.06403,0.538,4.213007522
1559367285484,1.665,122.3,0.06403,0.538,4.213007522
1559367285530,1.711,122.3,0.06403,0.538,4.213007522
1559367285576,1.757,122.3,0.06403,0.538,4.213007522
1559367285637,1.818,122.3,0.06357,0.542,4.213839162
1559367285684,1.865,122.3,0.06357,0.542,4.213839162
1559367285730,1.911,122.3,0.06357,0.542,4.213839162
1559367285776,1.957,122.3,0.06357,0.542,4.213839162
1559367285838,2.019,122.3,0.06366,0.542,4.219804956
1559367285884,2.065,122.3,0.06366,0.542,4.219804956
1559367285930,2.111,122.3,0.06366,0.542,4.219804956
1559367285977,2.158,122.3,0.06366,0.542,4.219804956
1559367286038,2.219,122.3,0.06365,0.542,4.21914209
1559367286084,2.265,122.3,0.06365,0.542,4.21914209
1559367286130,2.311,122.3,0.06365,0.542,4.21914209
1559367286176,2.357,122.3,0.06365,0.542,4.21914209
1559367286237,2.418,122.4,0.06402,0.539,4.223629872
1559367286283,2.464,122.4,0.06402,0.539,4.223629872
1559367286329,2.51,122.4,0.06402,0.539,4.223629872
1559367286375,2.556,122.4,0.06402,0.539,4.223629872
1559367286438,2.619,122.4,0.06455,0.538,4.25069496
1559367286484,2.665,122.4,0.06455,0.538,4.25069496
1559367286530,2.711,122.4,0.06455,0.538,4.25069496
1559367286576,2.757,122.4,0.06455,0.538,4.25069496
1559367286637,2.818,122.4,0.06897,0.549,4.634618472
1559367286683,2.864,122.4,0.06897,0.549,4.634618472
1559367286729,2.91,122.4,0.06897,0.549,4.634618472
1559367286775,2.956,122.4,0.06897,0.549,4.634618472
1559367286838,3.019,122.4,0.06397,0.54,4.22816112
1559367286884,3.065,122.4,0.06397,0.54,4.22816112
1559367286930,3.111,122.4,0.06397,0.54,4.22816112
1559367286976,3.157,122.4,0.06397,0.54,4.22816112
1559367287037,3.218,122.4,0.06442,0.536,4.226364288
1559367287083,3.264,122.4,0.06442,0.536,4.226364288
1559367287129,3.31,122.4,0.06442,0.536,4.226364288
1559367287175,3.356,122.4,0.06442,0.536,4.226364288
1559367287237,3.418,122.4,0.06462,0.536,4.239485568
1559367287284,3.465,122.4,0.06462,0.536,4.239485568
1559367287330,3.511,122.4,0.06462,0.536,4.239485568
1559367287376,3.557,122.4,0.06462,0.536,4.239485568
1559367287437,3.618,122.4,0.06548,0.542,4.343995584
1559367287483,3.664,122.4,0.06548,0.542,4.343995584
1559367287529,3.71,122.4,0.06548,0.542,4.343995584
1559367287575,3.756,122.4,0.06548,0.542,4.343995584
1559367287637,3.818,122.4,0.06538,0.543,4.345364016
1559367287684,3.865,122.4,0.06538,0.543,4.345364016
1559367287730,3.911,122.4,0.06538,0.543,4.345364016
1559367287776,3.957,122.4,0.06538,0.543,4.345364016
1559367287837,4.018,122.3,0.06623,0.54,4.37396166
1559367287883,4.064,122.3,0.06623,0.54,4.37396166
1559367287929,4.11,122.3,0.06623,0.54,4.37396166
1559367287975,4.156,122.3,0.06623,0.54,4.37396166
1559367288037,4.218,122.3,0.0657,0.539,4.33092429
1559367288083,4.264,122.3,0.0657,0.539,4.33092429
1559367288128,4.309,122.3,0.0657,0.539,4.33092429
1559367288174,4.355,122.3,0.0657,0.539,4.33092429
1559367288238,4.419,122.3,0.06329,0.534,4.133355978
1559367288284,4.465,122.3,0.06329,0.534,4.133355978
1559367288329,4.51,122.3,0.06329,0.534,4.133355978
1559367288374,4.555,122.3,0.06329,0.534,4.133355978
1559367288437,4.618,122.3,0.06488,0.536,4.253065664
1559367288483,4.664,122.3,0.06488,0.536,4.253065664
1559367288529,4.71,122.3,0.06488,0.536,4.253065664
1559367288574,4.755,122.3,0.06488,0.536,4.253065664
1559367288637,4.818,122.3,0.06445,0.536,4.22487796
1559367288683,4.864,122.3,0.06445,0.536,4.22487796
1559367288729,4.91,122.3,0.06445,0.536,4.22487796
1559367288775,4.956,122.3,0.06445,0.536,4.22487796
1559367288838,5.019,122.3,0.06465,0.535,4.230081825
1559367288884,5.065,122.3,0.06465,0.535,4.230081825
1559367288930,5.111,122.3,0.06465,0.535,4.230081825
1559367288976,5.157,122.3,0.06465,0.535,4.230081825
1559367289037,5.218,122.3,0.06439,0.536,4.220944792
1559367289083,5.264,122.3,0.06439,0.536,4.220944792
1559367289129,5.31,122.3,0.06439,0.536,4.220944792
1559367289175,5.356,122.3,0.06439,0.536,4.220944792
1559367289238,5.419,122.3,0.0643,0.538,4.23077282
1559367289284,5.465,122.3,0.0643,0.538,4.23077282
1559367289330,5.511,122.3,0.0643,0.538,4.23077282
1559367289376,5.557,122.3,0.0643,0.538,4.23077282
1559367289437,5.618,122.3,0.06423,0.538,4.226167002
1559367289483,5.664,122.3,0.06423,0.538,4.226167002
1559367289529,5.71,122.3,0.06423,0.538,4.226167002
1559367289575,5.756,122.3,0.06423,0.538,4.226167002
1559367289638,5.819,122.3,0.06426,0.538,4.228140924
1559367289684,5.865,122.3,0.06426,0.538,4.228140924
1559367289730,5.911,122.3,0.06426,0.538,4.228140924
1559367289776,5.957,122.3,0.06426,0.538,4.228140924
1559367289837,6.018,122.3,0.06389,0.54,4.21942338
1559367289883,6.064,122.3,0.06389,0.54,4.21942338
1559367289929,6.11,122.3,0.06389,0.54,4.21942338
1559367289975,6.156,122.3,0.06389,0.54,4.21942338
1559367290038,6.219,122.3,0.06415,0.539,4.228748755
1559367290084,6.265,122.3,0.06415,0.539,4.228748755
1559367290130,6.311,122.3,0.06415,0.539,4.228748755
1559367290176,6.357,122.3,0.06415,0.539,4.228748755
1559367290237,6.418,122.4,0.06437,0.538,4.238841744
1559367290283,6.464,122.4,0.06437,0.538,4.238841744
1559367290329,6.51,122.4,0.06437,0.538,4.238841744
1559367290376,6.557,122.4,0.06437,0.538,4.238841744
1559367290437,6.618,122.4,0.06393,0.54,4.22551728
1559367290483,6.664,122.4,0.06393,0.54,4.22551728
1559367290529,6.71,122.4,0.06393,0.54,4.22551728
1559367290575,6.756,122.4,0.06393,0.54,4.22551728
1559367290637,6.818,122.4,0.06408,0.541,4.243275072
1559367290683,6.864,122.4,0.06408,0.541,4.243275072
1559367290730,6.911,122.4,0.06408,0.541,4.243275072
1559367290776,6.957,122.4,0.06408,0.541,4.243275072
1559367290837,7.018,122.4,0.0639,0.541,4.23135576
1559367290883,7.064,122.4,0.0639,0.541,4.23135576
1559367290929,7.11,122.4,0.0639,0.541,4.23135576
1559367290975,7.156,122.4,0.0639,0.541,4.23135576
1559367291037,7.218,122.4,0.06401,0.541,4.238639784
1559367291083,7.264,122.4,0.06401,0.541,4.238639784
1559367291129,7.31,122.4,0.06401,0.541,4.238639784
1559367291176,7.357,122.4,0.06401,0.541,4.238639784
1559367291237,7.418,122.4,0.06375,0.542,4.229226
1559367291282,7.463,122.4,0.06375,0.542,4.229226
1559367291329,7.51,122.4,0.06375,0.542,4.229226
1559367291375,7.556,122.4,0.06375,0.542,4.229226
1559367291437,7.618,122.4,0.06387,0.541,4.229369208
1559367291483,7.664,122.4,0.06387,0.541,4.229369208
1559367291529,7.71,122.4,0.06387,0.541,4.229369208
1559367291575,7.756,122.4,0.06387,0.541,4.229369208
1559367291636,7.818,122.4,0.06478,0.533,4.226195376
1559367291682,7.863,122.4,0.06478,0.533,4.226195376
1559367291728,7.909,122.4,0.06478,0.533,4.226195376
1559367291775,7.956,122.4,0.06478,0.533,4.226195376
1559367291837,8.018,122.4,0.06383,0.541,4.226720472
1559367291885,8.066,122.4,0.06383,0.541,4.226720472
1559367291931,8.112,122.4,0.06383,0.541,4.226720472
1559367291977,8.158,122.4,0.06383,0.541,4.226720472
1559367292037,8.218,122.3,0.0638,0.542,4.22908508
1559367292082,8.263,122.3,0.0638,0.542,4.22908508
1559367292128,8.309,122.3,0.0638,0.542,4.22908508
1559367292174,8.355,122.3,0.0638,0.542,4.22908508
1559367292237,8.418,122.4,0.06403,0.54,4.23212688
1559367292283,8.464,122.4,0.06403,0.54,4.23212688
1559367292329,8.51,122.4,0.06403,0.54,4.23212688
1559367292375,8.556,122.4,0.06403,0.54,4.23212688
1559367292437,8.618,122.4,0.06408,0.539,4.227588288
1559367292482,8.663,122.4,0.06408,0.539,4.227588288
1559367292528,8.709,122.4,0.06408,0.539,4.227588288
1559367292574,8.755,122.4,0.06408,0.539,4.227588288
1559367292636,8.818,122.3,0.06467,0.535,4.231390435
1559367292683,8.864,122.3,0.06467,0.535,4.231390435
1559367292729,8.91,122.3,0.06467,0.535,4.231390435
1559367292775,8.956,122.3,0.06467,0.535,4.231390435
1559367292837,9.018,122.3,0.06428,0.537,4.221595428
1559367292883,9.064,122.3,0.06428,0.537,4.221595428
1559367292929,9.11,122.3,0.06428,0.537,4.221595428
1559367292976,9.157,122.3,0.06428,0.537,4.221595428
1559367293037,9.218,122.3,0.06404,0.539,4.221497588
1559367293083,9.264,122.3,0.06404,0.539,4.221497588
1559367293129,9.31,122.3,0.06404,0.539,4.221497588
1559367293175,9.356,122.3,0.06404,0.539,4.221497588
1559367293236,9.417,122.3,0.06429,0.543,4.269428181
1559367293282,9.463,122.3,0.06429,0.543,4.269428181
1559367293328,9.509,122.3,0.06429,0.543,4.269428181
1559367293375,9.556,122.3,0.06429,0.543,4.269428181
1559367293437,9.618,122.3,0.06461,0.541,4.274875423
1559367293483,9.664,122.3,0.06461,0.541,4.274875423
1559367293529,9.71,122.3,0.06461,0.541,4.274875423
1559367293575,9.756,122.3,0.06461,0.541,4.274875423
1559367293636,9.818,122.3,0.06423,0.539,4.234022331
1559367293683,9.864,122.3,0.06423,0.539,4.234022331
1559367293729,9.91,122.3,0.06423,0.539,4.234022331
1559367293775,9.956,122.3,0.06423,0.539,4.234022331
1559367293837,10.018,122.3,0.06434,0.539,4.241273498
