# Fri May 31 22:36:47 2019
abstime,time_stamp,volt,curr,pf,mul
1559367407531,0.079,122.4,0.05471,0.519,3.475485576
1559367407580,0.128,122.4,0.05471,0.519,3.475485576
1559367407626,0.174,122.4,0.06324,0.538,4.164429888
1559367407672,0.22,122.4,0.06324,0.538,4.164429888
1559367407718,0.266,122.4,0.06324,0.538,4.164429888
1559367407764,0.312,122.4,0.06324,0.538,4.164429888
1559367407825,0.373,122.4,0.0642,0.54,4.2433632
1559367407870,0.418,122.4,0.0642,0.54,4.2433632
1559367407916,0.464,122.4,0.0642,0.54,4.2433632
1559367407962,0.51,122.4,0.0642,0.54,4.2433632
1559367408025,0.573,122.3,0.06368,0.542,4.221130688
1559367408071,0.619,122.3,0.06368,0.542,4.221130688
1559367408117,0.666,122.3,0.06368,0.542,4.221130688
1559367408164,0.712,122.3,0.06368,0.542,4.221130688
1559367408225,0.773,122.3,0.06392,0.542,4.237039472
1559367408271,0.819,122.3,0.06392,0.542,4.237039472
1559367408317,0.865,122.3,0.06392,0.542,4.237039472
1559367408364,0.912,122.3,0.06392,0.542,4.237039472
1559367408425,0.973,122.3,0.06366,0.544,4.235376192
1559367408471,1.019,122.3,0.06366,0.544,4.235376192
1559367408517,1.066,122.3,0.06366,0.544,4.235376192
1559367408564,1.112,122.3,0.06366,0.544,4.235376192
1559367408625,1.173,122.3,0.06362,0.543,4.224934218
1559367408671,1.219,122.3,0.06362,0.543,4.224934218
1559367408717,1.265,122.3,0.06362,0.543,4.224934218
1559367408763,1.311,122.3,0.06362,0.543,4.224934218
1559367408825,1.373,122.3,0.06405,0.541,4.237823415
1559367408871,1.42,122.3,0.06405,0.541,4.237823415
1559367408918,1.466,122.3,0.06405,0.541,4.237823415
1559367408964,1.512,122.3,0.06405,0.541,4.237823415
1559367409025,1.573,122.3,0.06399,0.541,4.233853557
1559367409071,1.619,122.3,0.06399,0.541,4.233853557
1559367409117,1.665,122.3,0.06399,0.541,4.233853557
1559367409163,1.711,122.3,0.06399,0.541,4.233853557
1559367409224,1.772,122.3,0.06374,0.543,4.232903286
1559367409270,1.818,122.3,0.06374,0.543,4.232903286
1559367409316,1.864,122.3,0.06374,0.543,4.232903286
1559367409362,1.91,122.3,0.06374,0.543,4.232903286
1559367409425,1.973,122.3,0.06379,0.543,4.236223731
1559367409471,2.019,122.3,0.06379,0.543,4.236223731
1559367409517,2.065,122.3,0.06379,0.543,4.236223731
1559367409563,2.111,122.3,0.06379,0.543,4.236223731
1559367409625,2.173,122.3,0.06401,0.542,4.243005266
1559367409671,2.219,122.3,0.06401,0.542,4.243005266
1559367409717,2.265,122.3,0.06401,0.542,4.243005266
1559367409764,2.312,122.3,0.06401,0.542,4.243005266
1559367409825,2.373,122.3,0.06404,0.541,4.237161772
1559367409871,2.419,122.3,0.06404,0.541,4.237161772
1559367409917,2.465,122.3,0.06404,0.541,4.237161772
1559367409963,2.511,122.3,0.06404,0.541,4.237161772
1559367410024,2.572,122.3,0.06382,0.543,4.238215998
1559367410070,2.618,122.3,0.06382,0.543,4.238215998
1559367410116,2.664,122.3,0.06382,0.543,4.238215998
1559367410162,2.71,122.3,0.06382,0.543,4.238215998
1559367410225,2.773,122.3,0.06396,0.542,4.239690936
1559367410271,2.819,122.3,0.06396,0.542,4.239690936
1559367410317,2.865,122.3,0.06396,0.542,4.239690936
1559367410363,2.911,122.3,0.06396,0.542,4.239690936
1559367410425,2.973,122.4,0.0641,0.541,4.24459944
1559367410471,3.019,122.4,0.0641,0.541,4.24459944
1559367410518,3.066,122.4,0.0641,0.541,4.24459944
1559367410565,3.113,122.4,0.0641,0.541,4.24459944
1559367410624,3.172,122.4,0.06386,0.543,4.244339952
1559367410670,3.218,122.4,0.06386,0.543,4.244339952
1559367410716,3.264,122.4,0.06386,0.543,4.244339952
1559367410762,3.31,122.4,0.06386,0.543,4.244339952
1559367410825,3.373,122.4,0.06387,0.543,4.245004584
1559367410871,3.419,122.4,0.06387,0.543,4.245004584
1559367410917,3.465,122.4,0.06387,0.543,4.245004584
1559367410963,3.511,122.4,0.06387,0.543,4.245004584
1559367411024,3.572,122.4,0.064,0.541,4.2379776
1559367411070,3.618,122.4,0.064,0.541,4.2379776
1559367411116,3.664,122.4,0.064,0.541,4.2379776
1559367411163,3.711,122.4,0.064,0.541,4.2379776
1559367411225,3.773,122.4,0.06364,0.546,4.253086656
1559367411271,3.819,122.4,0.06364,0.546,4.253086656
1559367411317,3.865,122.4,0.06364,0.546,4.253086656
1559367411363,3.911,122.4,0.06364,0.546,4.253086656
1559367411424,3.972,122.4,0.06422,0.543,4.268266704
1559367411472,4.02,122.4,0.06422,0.543,4.268266704
1559367411518,4.066,122.4,0.06422,0.543,4.268266704
1559367411564,4.112,122.4,0.06422,0.543,4.268266704
1559367411625,4.173,122.4,0.07115,0.555,4.8333618
1559367411670,4.218,122.4,0.07115,0.555,4.8333618
1559367411716,4.264,122.4,0.07115,0.555,4.8333618
1559367411762,4.31,122.4,0.07115,0.555,4.8333618
1559367411824,4.372,122.4,0.06232,0.537,4.096218816
1559367411870,4.418,122.4,0.06232,0.537,4.096218816
1559367411915,4.463,122.4,0.06232,0.537,4.096218816
1559367411961,4.509,122.4,0.06232,0.537,4.096218816
1559367412025,4.573,122.4,0.06535,0.546,4.36736664
1559367412071,4.619,122.4,0.06535,0.546,4.36736664
1559367412117,4.665,122.4,0.06535,0.546,4.36736664
1559367412162,4.71,122.4,0.06535,0.546,4.36736664
1559367412224,4.772,122.3,0.06453,0.545,4.301150355
1559367412270,4.818,122.3,0.06453,0.545,4.301150355
1559367412316,4.864,122.3,0.06453,0.545,4.301150355
1559367412362,4.91,122.3,0.06453,0.545,4.301150355
1559367412425,4.973,122.3,0.06475,0.541,4.284138425
1559367412471,5.019,122.3,0.06475,0.541,4.284138425
1559367412517,5.065,122.3,0.06475,0.541,4.284138425
1559367412563,5.111,122.3,0.06475,0.541,4.284138425
1559367412624,5.172,122.3,0.06424,0.541,4.250394632
1559367412670,5.218,122.3,0.06424,0.541,4.250394632
1559367412716,5.264,122.3,0.06424,0.541,4.250394632
1559367412762,5.31,122.3,0.06424,0.541,4.250394632
1559367412825,5.373,122.3,0.06367,0.545,4.243828345
1559367412871,5.419,122.3,0.06367,0.545,4.243828345
1559367412917,5.465,122.3,0.06367,0.545,4.243828345
1559367412963,5.511,122.3,0.06367,0.545,4.243828345
1559367413024,5.572,122.3,0.06414,0.542,4.251622524
1559367413070,5.618,122.3,0.06414,0.542,4.251622524
1559367413116,5.664,122.3,0.06414,0.542,4.251622524
1559367413162,5.71,122.3,0.06414,0.542,4.251622524
1559367413225,5.773,122.3,0.06411,0.543,4.257474579
1559367413271,5.819,122.3,0.06411,0.543,4.257474579
1559367413317,5.865,122.3,0.06411,0.543,4.257474579
1559367413363,5.911,122.3,0.06411,0.543,4.257474579
1559367413424,5.972,122.3,0.06463,0.539,4.260390211
1559367413470,6.018,122.3,0.06463,0.539,4.260390211
1559367413516,6.064,122.3,0.06463,0.539,4.260390211
1559367413563,6.111,122.3,0.06463,0.539,4.260390211
1559367413625,6.173,122.3,0.06492,0.535,4.24774806
1559367413671,6.219,122.3,0.06492,0.535,4.24774806
1559367413717,6.265,122.3,0.06492,0.535,4.24774806
1559367413763,6.311,122.3,0.06492,0.535,4.24774806
1559367413824,6.372,122.4,0.06507,0.535,4.26104388
1559367413870,6.418,122.4,0.06507,0.535,4.26104388
1559367413916,6.464,122.4,0.06507,0.535,4.26104388
1559367413962,6.51,122.4,0.06507,0.535,4.26104388
1559367414025,6.573,122.3,0.06502,0.535,4.25429111
1559367414071,6.619,122.3,0.06502,0.535,4.25429111
1559367414117,6.665,122.3,0.06502,0.535,4.25429111
1559367414163,6.711,122.3,0.06502,0.535,4.25429111
1559367414224,6.772,122.3,0.06439,0.54,4.25244438
1559367414270,6.818,122.3,0.06439,0.54,4.25244438
1559367414316,6.864,122.3,0.06439,0.54,4.25244438
1559367414362,6.91,122.3,0.06439,0.54,4.25244438
1559367414424,6.972,122.3,0.06412,0.542,4.250296792
1559367414471,7.019,122.3,0.06412,0.542,4.250296792
1559367414517,7.065,122.3,0.06412,0.542,4.250296792
1559367414563,7.111,122.3,0.06412,0.542,4.250296792
1559367414624,7.172,122.4,0.06392,0.543,4.248327744
1559367414670,7.218,122.4,0.06392,0.543,4.248327744
1559367414716,7.264,122.4,0.06392,0.543,4.248327744
1559367414762,7.31,122.4,0.06392,0.543,4.248327744
1559367414824,7.372,122.4,0.0639,0.543,4.24699848
1559367414871,7.419,122.4,0.0639,0.543,4.24699848
1559367414917,7.465,122.4,0.0639,0.543,4.24699848
1559367414963,7.511,122.4,0.0639,0.543,4.24699848
1559367415024,7.572,122.4,0.06374,0.543,4.236364368
1559367415070,7.618,122.4,0.06374,0.543,4.236364368
1559367415116,7.664,122.4,0.06374,0.543,4.236364368
1559367415162,7.71,122.4,0.06374,0.543,4.236364368
1559367415225,7.773,122.4,0.06386,0.543,4.244339952
1559367415271,7.819,122.4,0.06386,0.543,4.244339952
1559367415317,7.865,122.4,0.06386,0.543,4.244339952
1559367415363,7.911,122.4,0.06386,0.543,4.244339952
1559367415424,7.972,122.4,0.06379,0.545,4.25530332
1559367415471,8.019,122.4,0.06379,0.545,4.25530332
1559367415517,8.065,122.4,0.06379,0.545,4.25530332
1559367415562,8.11,122.4,0.06379,0.545,4.25530332
1559367415624,8.172,122.4,0.06405,0.544,4.26480768
1559367415670,8.218,122.4,0.06405,0.544,4.26480768
1559367415717,8.265,122.4,0.06405,0.544,4.26480768
1559367415763,8.311,122.4,0.06405,0.544,4.26480768
1559367415824,8.372,122.4,0.06406,0.542,4.249791648
1559367415870,8.418,122.4,0.06406,0.542,4.249791648
1559367415916,8.464,122.4,0.06406,0.542,4.249791648
1559367415962,8.51,122.4,0.06406,0.542,4.249791648
1559367416024,8.572,122.4,0.06413,0.543,4.262285016
1559367416070,8.618,122.4,0.06413,0.543,4.262285016
1559367416116,8.664,122.4,0.06413,0.543,4.262285016
1559367416161,8.709,122.4,0.06413,0.543,4.262285016
1559367416225,8.773,122.3,0.06429,0.54,4.24584018
1559367416270,8.818,122.3,0.06429,0.54,4.24584018
1559367416317,8.865,122.3,0.06429,0.54,4.24584018
1559367416363,8.911,122.3,0.06429,0.54,4.24584018
1559367416424,8.972,122.3,0.06378,0.544,4.243359936
1559367416470,9.018,122.3,0.06378,0.544,4.243359936
1559367416516,9.064,122.3,0.06378,0.544,4.243359936
1559367416562,9.11,122.3,0.06378,0.544,4.243359936
1559367416625,9.173,122.3,0.06403,0.544,4.259992736
1559367416671,9.219,122.3,0.06403,0.544,4.259992736
1559367416717,9.265,122.3,0.06403,0.544,4.259992736
1559367416763,9.311,122.3,0.06403,0.544,4.259992736
1559367416824,9.372,122.4,0.06398,0.545,4.26797784
1559367416870,9.418,122.4,0.06398,0.545,4.26797784
1559367416916,9.464,122.4,0.06398,0.545,4.26797784
1559367416963,9.511,122.4,0.06398,0.545,4.26797784
1559367417024,9.572,122.3,0.06404,0.544,4.260658048
1559367417069,9.617,122.3,0.06404,0.544,4.260658048
1559367417116,9.664,122.3,0.06404,0.544,4.260658048
1559367417162,9.71,122.3,0.06404,0.544,4.260658048
1559367417224,9.772,122.3,0.06534,0.542,4.331166444
1559367417270,9.818,122.3,0.06534,0.542,4.331166444
1559367417316,9.864,122.3,0.06534,0.542,4.331166444
1559367417363,9.911,122.3,0.06534,0.542,4.331166444
1559367417424,9.972,122.3,0.06432,0.541,4.255687776
1559367417470,10.018,122.3,0.06432,0.541,4.255687776
