# Fri May 31 22:33:46 2019
abstime,time_stamp,volt,curr,pf,mul
1559367226917,0.08,122.3,0.05786,0.525,3.71504595
1559367226964,0.127,122.3,0.05786,0.525,3.71504595
1559367227010,0.173,122.3,0.05786,0.525,3.71504595
1559367227056,0.219,122.2,0.06065,0.529,3.92064647
1559367227102,0.265,122.2,0.06065,0.529,3.92064647
1559367227148,0.311,122.2,0.06065,0.529,3.92064647
1559367227193,0.356,122.2,0.06065,0.529,3.92064647
1559367227243,0.406,122.2,0.05487,0.514,3.446428596
1559367227289,0.452,122.2,0.05487,0.514,3.446428596
1559367227335,0.498,122.2,0.05487,0.514,3.446428596
1559367227380,0.543,122.2,0.05487,0.514,3.446428596
1559367227444,0.607,122.2,0.05439,0.519,3.449511702
1559367227490,0.653,122.2,0.05439,0.519,3.449511702
1559367227536,0.699,122.2,0.05439,0.519,3.449511702
1559367227582,0.745,122.2,0.05439,0.519,3.449511702
1559367227643,0.806,122.3,0.05446,0.516,3.436796328
1559367227689,0.852,122.3,0.05446,0.516,3.436796328
1559367227735,0.898,122.3,0.05446,0.516,3.436796328
1559367227781,0.944,122.3,0.05446,0.516,3.436796328
1559367227844,1.007,122.3,0.05466,0.515,3.44273277
1559367227890,1.053,122.3,0.05466,0.515,3.44273277
1559367227936,1.099,122.3,0.05466,0.515,3.44273277
1559367227982,1.145,122.3,0.05466,0.515,3.44273277
1559367228043,1.206,122.3,0.0547,0.516,3.45194196
1559367228089,1.252,122.3,0.0547,0.516,3.45194196
1559367228135,1.298,122.3,0.0547,0.516,3.45194196
1559367228181,1.344,122.3,0.0547,0.516,3.45194196
1559367228244,1.407,122.3,0.05438,0.517,3.438398458
1559367228290,1.453,122.3,0.05438,0.517,3.438398458
1559367228336,1.499,122.3,0.05438,0.517,3.438398458
1559367228382,1.545,122.3,0.05438,0.517,3.438398458
1559367228443,1.606,122.3,0.05459,0.515,3.438323855
1559367228489,1.652,122.3,0.05459,0.515,3.438323855
1559367228535,1.698,122.3,0.05459,0.515,3.438323855
1559367228581,1.744,122.3,0.05459,0.515,3.438323855
1559367228644,1.807,122.3,0.05468,0.514,3.437305096
1559367228690,1.853,122.3,0.05468,0.514,3.437305096
1559367228736,1.899,122.3,0.05468,0.514,3.437305096
1559367228782,1.945,122.3,0.05468,0.514,3.437305096
1559367228843,2.006,122.4,0.06215,0.529,4.02418764
1559367228889,2.052,122.4,0.06215,0.529,4.02418764
1559367228935,2.098,122.4,0.06215,0.529,4.02418764
1559367228981,2.144,122.4,0.06215,0.529,4.02418764
1559367229043,2.206,122.3,0.06452,0.532,4.197903472
1559367229089,2.252,122.3,0.06452,0.532,4.197903472
1559367229135,2.298,122.3,0.06452,0.532,4.197903472
1559367229181,2.344,122.3,0.06452,0.532,4.197903472
1559367229244,2.407,122.3,0.06433,0.533,4.193408947
1559367229290,2.453,122.3,0.06433,0.533,4.193408947
1559367229336,2.499,122.3,0.06433,0.533,4.193408947
1559367229382,2.545,122.3,0.06433,0.533,4.193408947
1559367229443,2.606,122.3,0.06425,0.535,4.203909625
1559367229490,2.653,122.3,0.06425,0.535,4.203909625
1559367229536,2.699,122.3,0.06425,0.535,4.203909625
1559367229582,2.745,122.3,0.06425,0.535,4.203909625
1559367229643,2.806,122.3,0.06391,0.538,4.205111834
1559367229689,2.852,122.3,0.06391,0.538,4.205111834
1559367229735,2.898,122.3,0.06391,0.538,4.205111834
1559367229781,2.944,122.3,0.06391,0.538,4.205111834
1559367229843,3.006,122.3,0.0639,0.538,4.20445386
1559367229890,3.053,122.3,0.0639,0.538,4.20445386
1559367229936,3.099,122.3,0.0639,0.538,4.20445386
1559367229982,3.145,122.3,0.0639,0.538,4.20445386
1559367230043,3.206,122.3,0.064,0.537,4.2032064
1559367230089,3.252,122.3,0.064,0.537,4.2032064
1559367230135,3.298,122.3,0.064,0.537,4.2032064
1559367230181,3.344,122.3,0.064,0.537,4.2032064
1559367230243,3.406,122.3,0.06416,0.536,4.205867648
1559367230289,3.452,122.3,0.06416,0.536,4.205867648
1559367230335,3.498,122.3,0.06416,0.536,4.205867648
1559367230381,3.544,122.3,0.06416,0.536,4.205867648
1559367230443,3.606,122.2,0.06393,0.538,4.202988348
1559367230490,3.653,122.2,0.06393,0.538,4.202988348
1559367230536,3.699,122.2,0.06393,0.538,4.202988348
1559367230582,3.745,122.2,0.06393,0.538,4.202988348
1559367230643,3.806,122.3,0.06403,0.538,4.213007522
1559367230689,3.852,122.3,0.06403,0.538,4.213007522
1559367230735,3.898,122.3,0.06403,0.538,4.213007522
1559367230781,3.944,122.3,0.06403,0.538,4.213007522
1559367230844,4.007,122.3,0.06406,0.538,4.214981444
1559367230890,4.053,122.3,0.06406,0.538,4.214981444
1559367230936,4.099,122.3,0.06406,0.538,4.214981444
1559367230982,4.145,122.3,0.06406,0.538,4.214981444
1559367231043,4.206,122.3,0.06417,0.536,4.206523176
1559367231089,4.252,122.3,0.06417,0.536,4.206523176
1559367231135,4.298,122.3,0.06417,0.536,4.206523176
1559367231180,4.343,122.3,0.06417,0.536,4.206523176
1559367231242,4.405,122.2,0.06428,0.537,4.218143592
1559367231288,4.452,122.2,0.06428,0.537,4.218143592
1559367231334,4.497,122.2,0.06428,0.537,4.218143592
1559367231379,4.542,122.2,0.06428,0.537,4.218143592
1559367231443,4.606,122.2,0.06155,0.532,4.00139012
1559367231489,4.652,122.2,0.06155,0.532,4.00139012
1559367231535,4.698,122.2,0.06155,0.532,4.00139012
1559367231580,4.743,122.2,0.06155,0.532,4.00139012
1559367231644,4.807,122.3,0.06416,0.539,4.229407952
1559367231690,4.853,122.3,0.06416,0.539,4.229407952
1559367231736,4.899,122.3,0.06416,0.539,4.229407952
1559367231782,4.945,122.3,0.06416,0.539,4.229407952
1559367231843,5.006,122.3,0.06442,0.535,4.21503281
1559367231889,5.052,122.3,0.06442,0.535,4.21503281
1559367231935,5.098,122.3,0.06442,0.535,4.21503281
1559367231981,5.144,122.3,0.06442,0.535,4.21503281
1559367232044,5.207,122.3,0.0645,0.535,4.22026725
1559367232090,5.253,122.3,0.0645,0.535,4.22026725
1559367232136,5.299,122.3,0.0645,0.535,4.22026725
1559367232182,5.345,122.3,0.0645,0.535,4.22026725
1559367232243,5.406,122.3,0.06416,0.538,4.221561184
1559367232289,5.452,122.3,0.06416,0.538,4.221561184
1559367232335,5.498,122.3,0.06416,0.538,4.221561184
1559367232381,5.544,122.3,0.06416,0.538,4.221561184
1559367232444,5.607,122.3,0.06515,0.541,4.310604145
1559367232490,5.653,122.3,0.06515,0.541,4.310604145
1559367232536,5.699,122.3,0.06515,0.541,4.310604145
1559367232582,5.745,122.3,0.06515,0.541,4.310604145
1559367232643,5.806,122.3,0.065,0.542,4.308629
1559367232689,5.852,122.3,0.065,0.542,4.308629
1559367232735,5.898,122.3,0.065,0.542,4.308629
1559367232781,5.944,122.3,0.065,0.542,4.308629
1559367232843,6.006,122.4,0.06402,0.538,4.215793824
1559367232890,6.053,122.4,0.06402,0.538,4.215793824
1559367232935,6.098,122.4,0.06402,0.538,4.215793824
1559367232981,6.144,122.4,0.06402,0.538,4.215793824
1559367233043,6.206,122.4,0.06406,0.537,4.210586928
1559367233089,6.252,122.4,0.06406,0.537,4.210586928
1559367233135,6.298,122.4,0.06406,0.537,4.210586928
1559367233181,6.344,122.4,0.06406,0.537,4.210586928
1559367233244,6.407,122.3,0.06389,0.539,4.211609633
1559367233290,6.453,122.3,0.06389,0.539,4.211609633
1559367233336,6.499,122.3,0.06389,0.539,4.211609633
1559367233383,6.546,122.3,0.06389,0.539,4.211609633
1559367233443,6.606,122.3,0.06384,0.54,4.21612128
1559367233489,6.652,122.3,0.06384,0.54,4.21612128
1559367233535,6.698,122.3,0.06384,0.54,4.21612128
1559367233581,6.744,122.3,0.06384,0.54,4.21612128
1559367233642,6.805,122.3,0.06398,0.54,4.22536716
1559367233689,6.852,122.3,0.06398,0.54,4.22536716
1559367233734,6.897,122.3,0.06398,0.54,4.22536716
1559367233780,6.943,122.3,0.06398,0.54,4.22536716
1559367233843,7.006,122.4,0.06393,0.539,4.217692248
1559367233889,7.052,122.4,0.06393,0.539,4.217692248
1559367233935,7.098,122.4,0.06393,0.539,4.217692248
1559367233981,7.144,122.4,0.06393,0.539,4.217692248
1559367234042,7.206,122.3,0.06405,0.538,4.21432347
1559367234089,7.252,122.3,0.06405,0.538,4.21432347
1559367234135,7.298,122.3,0.06405,0.538,4.21432347
1559367234181,7.344,122.3,0.06405,0.538,4.21432347
1559367234243,7.406,122.3,0.06401,0.539,4.219519997
1559367234290,7.453,122.3,0.06401,0.539,4.219519997
1559367234336,7.499,122.3,0.06401,0.539,4.219519997
1559367234382,7.545,122.3,0.06401,0.539,4.219519997
1559367234443,7.606,122.3,0.06401,0.538,4.211691574
1559367234489,7.652,122.3,0.06401,0.538,4.211691574
1559367234535,7.698,122.3,0.06401,0.538,4.211691574
1559367234581,7.744,122.3,0.06401,0.538,4.211691574
1559367234642,7.805,122.3,0.06422,0.537,4.217654922
1559367234688,7.851,122.3,0.06422,0.537,4.217654922
1559367234734,7.897,122.3,0.06422,0.537,4.217654922
1559367234780,7.943,122.3,0.06422,0.537,4.217654922
1559367234843,8.006,122.3,0.06419,0.537,4.215684669
1559367234889,8.052,122.3,0.06419,0.537,4.215684669
1559367234935,8.098,122.3,0.06419,0.537,4.215684669
1559367234981,8.144,122.3,0.06419,0.537,4.215684669
1559367235043,8.206,122.3,0.06426,0.538,4.228140924
1559367235089,8.252,122.3,0.06426,0.538,4.228140924
1559367235135,8.298,122.3,0.06426,0.538,4.228140924
1559367235181,8.344,122.3,0.06426,0.538,4.228140924
1559367235242,8.405,122.2,0.06448,0.536,4.223388416
1559367235288,8.451,122.2,0.06448,0.536,4.223388416
1559367235334,8.497,122.2,0.06448,0.536,4.223388416
1559367235380,8.543,122.2,0.06448,0.536,4.223388416
1559367235443,8.606,122.2,0.06456,0.535,4.22073912
1559367235489,8.652,122.2,0.06456,0.535,4.22073912
1559367235535,8.698,122.2,0.06456,0.535,4.22073912
1559367235581,8.744,122.2,0.06456,0.535,4.22073912
1559367235642,8.805,122.3,0.06419,0.539,4.231385543
1559367235688,8.851,122.3,0.06419,0.539,4.231385543
1559367235734,8.897,122.3,0.06419,0.539,4.231385543
1559367235780,8.943,122.3,0.06419,0.539,4.231385543
1559367235843,9.006,122.3,0.06462,0.535,4.22811891
1559367235889,9.052,122.3,0.06462,0.535,4.22811891
1559367235935,9.098,122.3,0.06462,0.535,4.22811891
1559367235981,9.144,122.3,0.06462,0.535,4.22811891
1559367236042,9.205,122.3,0.06445,0.536,4.22487796
1559367236088,9.251,122.3,0.06445,0.536,4.22487796
1559367236134,9.297,122.3,0.06445,0.536,4.22487796
1559367236180,9.343,122.3,0.06445,0.536,4.22487796
1559367236243,9.406,122.3,0.06452,0.536,4.229466656
1559367236289,9.452,122.3,0.06452,0.536,4.229466656
1559367236335,9.498,122.3,0.06452,0.536,4.229466656
1559367236381,9.544,122.3,0.06452,0.536,4.229466656
1559367236442,9.605,122.3,0.05971,0.52,3.79731716
1559367236488,9.651,122.3,0.05971,0.52,3.79731716
1559367236535,9.698,122.3,0.05971,0.52,3.79731716
1559367236581,9.744,122.3,0.05971,0.52,3.79731716
1559367236643,9.806,122.3,0.06501,0.536,4.261587528
1559367236689,9.852,122.3,0.06501,0.536,4.261587528
1559367236735,9.898,122.3,0.06501,0.536,4.261587528
1559367236781,9.944,122.3,0.06501,0.536,4.261587528
1559367236844,10.007,122.3,0.06438,0.534,4.204541916
