# Fri May 31 22:37:08 2019
abstime,time_stamp,volt,curr,pf,mul
1559367428341,0.08,122.4,0.0538,0.523,3.44401776
1559367428390,0.129,122.4,0.0538,0.523,3.44401776
1559367428436,0.175,122.3,0.0612,0.537,4.01931612
1559367428482,0.221,122.3,0.0612,0.537,4.01931612
1559367428528,0.267,122.3,0.0612,0.537,4.01931612
1559367428574,0.313,122.3,0.0612,0.537,4.01931612
1559367428623,0.362,122.3,0.06091,0.537,4.000270341
1559367428669,0.408,122.3,0.06091,0.537,4.000270341
1559367428715,0.454,122.3,0.06091,0.537,4.000270341
1559367428761,0.5,122.3,0.06091,0.537,4.000270341
1559367428823,0.562,122.3,0.06362,0.544,4.232714944
1559367428869,0.608,122.3,0.06362,0.544,4.232714944
1559367428915,0.654,122.3,0.06362,0.544,4.232714944
1559367428961,0.7,122.3,0.06362,0.544,4.232714944
1559367429023,0.762,122.4,0.06361,0.543,4.227724152
1559367429069,0.809,122.4,0.06361,0.543,4.227724152
1559367429116,0.855,122.4,0.06361,0.543,4.227724152
1559367429162,0.901,122.4,0.06361,0.543,4.227724152
1559367429223,0.962,122.3,0.06558,0.546,4.379156964
1559367429269,1.008,122.3,0.06558,0.546,4.379156964
1559367429315,1.054,122.3,0.06558,0.546,4.379156964
1559367429361,1.1,122.3,0.06558,0.546,4.379156964
1559367429422,1.161,122.3,0.06654,0.551,4.483950942
1559367429469,1.208,122.3,0.06654,0.551,4.483950942
1559367429514,1.253,122.3,0.06654,0.551,4.483950942
1559367429560,1.3,122.3,0.06654,0.551,4.483950942
1559367429623,1.362,122.3,0.06671,0.549,4.479089517
1559367429669,1.408,122.3,0.06671,0.549,4.479089517
1559367429715,1.454,122.3,0.06671,0.549,4.479089517
1559367429761,1.5,122.3,0.06671,0.549,4.479089517
1559367429822,1.561,122.3,0.0671,0.547,4.48886251
1559367429868,1.608,122.3,0.0671,0.547,4.48886251
1559367429915,1.654,122.3,0.0671,0.547,4.48886251
1559367429961,1.7,122.3,0.0671,0.547,4.48886251
1559367430023,1.762,122.3,0.06723,0.545,4.481114805
1559367430069,1.808,122.3,0.06723,0.545,4.481114805
1559367430115,1.854,122.3,0.06723,0.545,4.481114805
1559367430161,1.9,122.3,0.06723,0.545,4.481114805
1559367430222,1.961,122.3,0.06631,0.548,4.444122724
1559367430268,2.007,122.3,0.06631,0.548,4.444122724
1559367430315,2.054,122.3,0.06631,0.548,4.444122724
1559367430361,2.1,122.3,0.06631,0.548,4.444122724
1559367430423,2.162,122.3,0.06438,0.54,4.25178396
1559367430469,2.208,122.3,0.06438,0.54,4.25178396
1559367430515,2.254,122.3,0.06438,0.54,4.25178396
1559367430561,2.3,122.3,0.06438,0.54,4.25178396
1559367430623,2.362,122.3,0.06941,0.549,4.660374807
1559367430669,2.408,122.3,0.06941,0.549,4.660374807
1559367430715,2.454,122.3,0.06941,0.549,4.660374807
1559367430761,2.5,122.3,0.06941,0.549,4.660374807
1559367430822,2.561,122.4,0.06412,0.54,4.23807552
1559367430868,2.607,122.4,0.06412,0.54,4.23807552
1559367430914,2.653,122.4,0.06412,0.54,4.23807552
1559367430960,2.699,122.4,0.06412,0.54,4.23807552
1559367431023,2.762,122.4,0.06429,0.54,4.24931184
1559367431069,2.808,122.4,0.06429,0.54,4.24931184
1559367431115,2.854,122.4,0.06429,0.54,4.24931184
1559367431161,2.9,122.4,0.06429,0.54,4.24931184
1559367431222,2.961,122.3,0.06422,0.54,4.24121724
1559367431268,3.007,122.3,0.06422,0.54,4.24121724
1559367431314,3.053,122.3,0.06422,0.54,4.24121724
1559367431360,3.099,122.3,0.06422,0.54,4.24121724
1559367431422,3.161,122.3,0.06431,0.539,4.239295907
1559367431469,3.208,122.3,0.06431,0.539,4.239295907
1559367431515,3.254,122.3,0.06431,0.539,4.239295907
1559367431561,3.3,122.3,0.06431,0.539,4.239295907
1559367431623,3.362,122.3,0.06444,0.538,4.239984456
1559367431669,3.408,122.3,0.06444,0.538,4.239984456
1559367431716,3.455,122.3,0.06444,0.538,4.239984456
1559367431762,3.501,122.3,0.06444,0.538,4.239984456
1559367431823,3.562,122.3,0.06402,0.542,4.243668132
1559367431869,3.608,122.3,0.06402,0.542,4.243668132
1559367431915,3.654,122.3,0.06402,0.542,4.243668132
1559367431961,3.7,122.3,0.06402,0.542,4.243668132
1559367432022,3.761,122.4,0.06374,0.543,4.236364368
1559367432068,3.807,122.4,0.06374,0.543,4.236364368
1559367432114,3.853,122.4,0.06374,0.543,4.236364368
1559367432160,3.899,122.4,0.06374,0.543,4.236364368
1559367432223,3.962,122.4,0.06451,0.548,4.327021152
1559367432269,4.008,122.4,0.06451,0.548,4.327021152
1559367432325,4.064,122.4,0.06451,0.548,4.327021152
1559367432373,4.112,122.4,0.06451,0.548,4.327021152
1559367432422,4.161,122.3,0.06365,0.542,4.21914209
1559367432468,4.207,122.3,0.06365,0.542,4.21914209
1559367432514,4.253,122.3,0.06365,0.542,4.21914209
1559367432559,4.298,122.3,0.06365,0.542,4.21914209
1559367432623,4.362,122.3,0.06509,0.545,4.338476315
1559367432668,4.407,122.3,0.06509,0.545,4.338476315
1559367432714,4.453,122.3,0.06509,0.545,4.338476315
1559367432759,4.498,122.3,0.06509,0.545,4.338476315
1559367432822,4.561,122.4,0.06441,0.545,4.29666228
1559367432868,4.607,122.4,0.06441,0.545,4.29666228
1559367432913,4.652,122.4,0.06441,0.545,4.29666228
1559367432959,4.698,122.4,0.06441,0.545,4.29666228
1559367433023,4.762,122.4,0.06464,0.542,4.288269312
1559367433069,4.808,122.4,0.06464,0.542,4.288269312
1559367433115,4.854,122.4,0.06464,0.542,4.288269312
1559367433161,4.9,122.4,0.06464,0.542,4.288269312
1559367433222,4.961,122.4,0.06401,0.541,4.238639784
1559367433268,5.007,122.4,0.06401,0.541,4.238639784
1559367433314,5.053,122.4,0.06401,0.541,4.238639784
1559367433360,5.099,122.4,0.06401,0.541,4.238639784
1559367433422,5.162,122.3,0.06416,0.544,4.268641792
1559367433469,5.208,122.3,0.06416,0.544,4.268641792
1559367433515,5.254,122.3,0.06416,0.544,4.268641792
1559367433561,5.3,122.3,0.06416,0.544,4.268641792
1559367433622,5.361,122.3,0.06499,0.547,4.347707519
1559367433668,5.407,122.3,0.06499,0.547,4.347707519
1559367433714,5.453,122.3,0.06499,0.547,4.347707519
1559367433760,5.499,122.3,0.06499,0.547,4.347707519
1559367433822,5.562,122.3,0.06526,0.547,4.365770006
1559367433869,5.608,122.3,0.06526,0.547,4.365770006
1559367433915,5.654,122.3,0.06526,0.547,4.365770006
1559367433961,5.7,122.3,0.06526,0.547,4.365770006
1559367434022,5.761,122.4,0.06506,0.549,4.371875856
1559367434068,5.807,122.4,0.06506,0.549,4.371875856
1559367434114,5.853,122.4,0.06506,0.549,4.371875856
1559367434160,5.899,122.4,0.06506,0.549,4.371875856
1559367434222,5.961,122.3,0.06421,0.544,4.271968352
1559367434268,6.008,122.3,0.06421,0.544,4.271968352
1559367434314,6.054,122.3,0.06421,0.544,4.271968352
1559367434361,6.1,122.3,0.06421,0.544,4.271968352
1559367434422,6.161,122.3,0.06389,0.542,4.235050874
1559367434468,6.207,122.3,0.06389,0.542,4.235050874
1559367434514,6.253,122.3,0.06389,0.542,4.235050874
1559367434560,6.299,122.3,0.06389,0.542,4.235050874
1559367434622,6.361,122.3,0.06349,0.545,4.231830715
1559367434668,6.407,122.3,0.06349,0.545,4.231830715
1559367434714,6.453,122.3,0.06349,0.545,4.231830715
1559367434760,6.5,122.3,0.06349,0.545,4.231830715
1559367434823,6.562,122.3,0.06357,0.544,4.229388384
1559367434869,6.608,122.3,0.06357,0.544,4.229388384
1559367434915,6.654,122.3,0.06357,0.544,4.229388384
1559367434961,6.7,122.3,0.06357,0.544,4.229388384
1559367435022,6.761,122.3,0.06393,0.541,4.229883699
1559367435068,6.807,122.3,0.06393,0.541,4.229883699
1559367435114,6.853,122.3,0.06393,0.541,4.229883699
1559367435160,6.899,122.3,0.06393,0.541,4.229883699
1559367435223,6.962,122.3,0.0638,0.543,4.23688782
1559367435269,7.008,122.3,0.0638,0.543,4.23688782
1559367435315,7.054,122.3,0.0638,0.543,4.23688782
1559367435361,7.1,122.3,0.0638,0.543,4.23688782
1559367435422,7.161,122.3,0.06379,0.543,4.236223731
1559367435468,7.207,122.3,0.06379,0.543,4.236223731
1559367435514,7.253,122.3,0.06379,0.543,4.236223731
1559367435560,7.299,122.3,0.06379,0.543,4.236223731
1559367435622,7.361,122.3,0.06394,0.541,4.230545342
1559367435668,7.408,122.3,0.06394,0.541,4.230545342
1559367435715,7.454,122.3,0.06394,0.541,4.230545342
1559367435761,7.5,122.3,0.06394,0.541,4.230545342
1559367435822,7.561,122.3,0.06407,0.54,4.23131094
1559367435868,7.607,122.3,0.06407,0.54,4.23131094
1559367435914,7.653,122.3,0.06407,0.54,4.23131094
1559367435960,7.699,122.3,0.06407,0.54,4.23131094
1559367436022,7.761,122.3,0.06376,0.542,4.226433616
1559367436068,7.808,122.3,0.06376,0.542,4.226433616
1559367436115,7.854,122.3,0.06376,0.542,4.226433616
1559367436161,7.9,122.3,0.06376,0.542,4.226433616
1559367436222,7.961,122.3,0.06404,0.541,4.237161772
1559367436268,8.007,122.3,0.06404,0.541,4.237161772
1559367436314,8.053,122.3,0.06404,0.541,4.237161772
1559367436360,8.099,122.3,0.06404,0.541,4.237161772
1559367436423,8.162,122.3,0.06381,0.542,4.229747946
1559367436468,8.207,122.3,0.06381,0.542,4.229747946
1559367436514,8.253,122.3,0.06381,0.542,4.229747946
1559367436559,8.298,122.3,0.06381,0.542,4.229747946
1559367436622,8.361,122.3,0.06422,0.541,4.249071346
1559367436667,8.406,122.3,0.06422,0.541,4.249071346
1559367436713,8.452,122.3,0.06422,0.541,4.249071346
1559367436758,8.497,122.3,0.06422,0.541,4.249071346
1559367436823,8.562,122.3,0.06441,0.538,4.238010534
1559367436869,8.608,122.3,0.06441,0.538,4.238010534
1559367436915,8.654,122.3,0.06441,0.538,4.238010534
1559367436960,8.699,122.3,0.06441,0.538,4.238010534
1559367437022,8.761,122.4,0.0642,0.538,4.22764704
1559367437068,8.807,122.4,0.0642,0.538,4.22764704
1559367437114,8.853,122.4,0.0642,0.538,4.22764704
1559367437160,8.899,122.4,0.0642,0.538,4.22764704
1559367437223,8.962,122.4,0.06444,0.536,4.227676416
1559367437269,9.008,122.4,0.06444,0.536,4.227676416
1559367437315,9.054,122.4,0.06444,0.536,4.227676416
1559367437361,9.1,122.4,0.06444,0.536,4.227676416
1559367437422,9.161,122.3,0.05875,0.529,3.800931125
1559367437468,9.207,122.3,0.05875,0.529,3.800931125
1559367437514,9.253,122.3,0.05875,0.529,3.800931125
1559367437560,9.299,122.3,0.05875,0.529,3.800931125
1559367437622,9.361,122.3,0.06422,0.544,4.272633664
1559367437667,9.406,122.3,0.06422,0.544,4.272633664
1559367437714,9.453,122.3,0.06422,0.544,4.272633664
1559367437760,9.499,122.3,0.06422,0.544,4.272633664
1559367437822,9.561,122.4,0.06392,0.541,4.232680128
1559367437868,9.607,122.4,0.06392,0.541,4.232680128
1559367437914,9.653,122.4,0.06392,0.541,4.232680128
1559367437960,9.699,122.4,0.06392,0.541,4.232680128
1559367438022,9.761,122.4,0.0643,0.538,4.23423216
1559367438067,9.806,122.4,0.0643,0.538,4.23423216
1559367438113,9.852,122.4,0.0643,0.538,4.23423216
1559367438159,9.898,122.4,0.0643,0.538,4.23423216
1559367438222,9.961,122.4,0.06435,0.54,4.2532776
1559367438268,10.007,122.4,0.06435,0.54,4.2532776
