# Fri May 31 22:32:05 2019
abstime,time_stamp,volt,curr,pf,mul
1559367125791,0.08,122.3,0.05454,0.516,3.441844872
1559367125854,0.143,122.3,0.06263,0.536,4.105571864
1559367125900,0.189,122.3,0.06263,0.536,4.105571864
1559367125946,0.235,122.3,0.06263,0.536,4.105571864
1559367125991,0.28,122.3,0.06263,0.536,4.105571864
1559367126053,0.342,122.3,0.06362,0.54,4.20159204
1559367126099,0.388,122.3,0.06362,0.54,4.20159204
1559367126144,0.433,122.3,0.06362,0.54,4.20159204
1559367126190,0.479,122.3,0.06362,0.54,4.20159204
1559367126254,0.543,122.3,0.0636,0.539,4.19249292
1559367126299,0.589,122.3,0.0636,0.539,4.19249292
1559367126344,0.633,122.3,0.0636,0.539,4.19249292
1559367126390,0.679,122.3,0.0636,0.539,4.19249292
1559367126454,0.743,122.3,0.06357,0.54,4.19828994
1559367126500,0.789,122.3,0.06357,0.54,4.19828994
1559367126546,0.835,122.3,0.06357,0.54,4.19828994
1559367126592,0.881,122.3,0.06357,0.54,4.19828994
1559367126653,0.942,122.3,0.06379,0.537,4.189414629
1559367126700,0.989,122.3,0.06379,0.537,4.189414629
1559367126746,1.035,122.3,0.06379,0.537,4.189414629
1559367126792,1.081,122.3,0.06379,0.537,4.189414629
1559367126854,1.143,122.3,0.06374,0.538,4.193926276
1559367126900,1.189,122.3,0.06374,0.538,4.193926276
1559367126946,1.235,122.3,0.06374,0.538,4.193926276
1559367126992,1.281,122.3,0.06374,0.538,4.193926276
1559367127054,1.343,122.3,0.06395,0.536,4.19210156
1559367127100,1.389,122.3,0.06395,0.536,4.19210156
1559367127146,1.435,122.3,0.06395,0.536,4.19210156
1559367127192,1.481,122.3,0.06395,0.536,4.19210156
1559367127254,1.543,122.3,0.06484,0.529,4.194934028
1559367127300,1.589,122.3,0.06484,0.529,4.194934028
1559367127346,1.635,122.3,0.06484,0.529,4.194934028
1559367127393,1.682,122.3,0.06484,0.529,4.194934028
1559367127454,1.743,122.3,0.06456,0.531,4.192610328
1559367127500,1.789,122.3,0.06456,0.531,4.192610328
1559367127546,1.835,122.3,0.06456,0.531,4.192610328
1559367127592,1.881,122.3,0.06456,0.531,4.192610328
1559367127654,1.943,122.3,0.0642,0.534,4.19278644
1559367127700,1.989,122.3,0.0642,0.534,4.19278644
1559367127747,2.036,122.3,0.0642,0.534,4.19278644
1559367127793,2.082,122.3,0.0642,0.534,4.19278644
1559367127854,2.143,122.3,0.06361,0.539,4.193152117
1559367127900,2.189,122.3,0.06361,0.539,4.193152117
1559367127946,2.235,122.3,0.06361,0.539,4.193152117
1559367127992,2.281,122.3,0.06361,0.539,4.193152117
1559367128053,2.342,122.3,0.06357,0.54,4.19828994
1559367128099,2.388,122.3,0.06357,0.54,4.19828994
1559367128146,2.435,122.3,0.06357,0.54,4.19828994
1559367128192,2.481,122.3,0.06357,0.54,4.19828994
1559367128254,2.543,122.3,0.06424,0.535,4.20325532
1559367128300,2.589,122.3,0.06424,0.535,4.20325532
1559367128346,2.635,122.3,0.06424,0.535,4.20325532
1559367128393,2.682,122.3,0.06424,0.535,4.20325532
1559367128454,2.743,122.3,0.06427,0.534,4.197358014
1559367128500,2.789,122.3,0.06427,0.534,4.197358014
1559367128546,2.835,122.3,0.06427,0.534,4.197358014
1559367128592,2.881,122.3,0.06427,0.534,4.197358014
1559367128653,2.942,122.4,0.06439,0.533,4.200752088
1559367128699,2.988,122.4,0.06439,0.533,4.200752088
1559367128745,3.034,122.4,0.06439,0.533,4.200752088
1559367128792,3.081,122.4,0.06439,0.533,4.200752088
1559367128854,3.143,122.4,0.06439,0.533,4.200752088
1559367128900,3.189,122.4,0.06439,0.533,4.200752088
1559367128946,3.235,122.4,0.06439,0.533,4.200752088
1559367128992,3.281,122.4,0.06439,0.533,4.200752088
1559367129053,3.342,122.3,0.06377,0.539,4.203699269
1559367129099,3.388,122.3,0.06377,0.539,4.203699269
1559367129145,3.434,122.3,0.06377,0.539,4.203699269
1559367129191,3.48,122.3,0.06377,0.539,4.203699269
1559367129254,3.543,122.3,0.06364,0.54,4.20291288
1559367129300,3.589,122.3,0.06364,0.54,4.20291288
1559367129346,3.635,122.3,0.06364,0.54,4.20291288
1559367129392,3.681,122.3,0.06364,0.54,4.20291288
1559367129453,3.742,122.3,0.06404,0.537,4.205833404
1559367129499,3.788,122.3,0.06404,0.537,4.205833404
1559367129545,3.834,122.3,0.06404,0.537,4.205833404
1559367129591,3.88,122.3,0.06404,0.537,4.205833404
1559367129653,3.943,122.3,0.06375,0.539,4.202380875
1559367129700,3.989,122.3,0.06375,0.539,4.202380875
1559367129757,4.046,122.3,0.06375,0.539,4.202380875
1559367129803,4.092,122.3,0.06375,0.539,4.202380875
1559367129854,4.143,122.3,0.06374,0.538,4.193926276
1559367129900,4.189,122.3,0.06374,0.538,4.193926276
1559367129946,4.235,122.3,0.06374,0.538,4.193926276
1559367129991,4.28,122.3,0.06374,0.538,4.193926276
1559367130053,4.342,122.3,0.06438,0.542,4.267531308
1559367130099,4.388,122.3,0.06438,0.542,4.267531308
1559367130144,4.433,122.3,0.06438,0.542,4.267531308
1559367130190,4.479,122.3,0.06438,0.542,4.267531308
1559367130253,4.543,122.3,0.06353,0.542,4.211187698
1559367130300,4.589,122.3,0.06353,0.542,4.211187698
1559367130344,4.633,122.3,0.06353,0.542,4.211187698
1559367130391,4.68,122.3,0.06353,0.542,4.211187698
1559367130453,4.742,122.3,0.06434,0.542,4.264879844
1559367130499,4.788,122.3,0.06434,0.542,4.264879844
1559367130544,4.833,122.3,0.06434,0.542,4.264879844
1559367130590,4.879,122.3,0.06434,0.542,4.264879844
1559367130653,4.942,122.3,0.06378,0.539,4.204358466
1559367130699,4.988,122.3,0.06378,0.539,4.204358466
1559367130745,5.034,122.3,0.06378,0.539,4.204358466
1559367130791,5.08,122.3,0.06378,0.539,4.204358466
1559367130854,5.143,122.3,0.06391,0.539,4.212928027
1559367130900,5.189,122.3,0.06391,0.539,4.212928027
1559367130946,5.235,122.3,0.06391,0.539,4.212928027
1559367130992,5.281,122.3,0.06391,0.539,4.212928027
1559367131053,5.342,122.3,0.06388,0.538,4.203137912
1559367131099,5.388,122.3,0.06388,0.538,4.203137912
1559367131145,5.434,122.3,0.06388,0.538,4.203137912
1559367131191,5.48,122.3,0.06388,0.538,4.203137912
1559367131253,5.543,122.3,0.06375,0.541,4.217974125
1559367131300,5.589,122.3,0.06375,0.541,4.217974125
1559367131346,5.635,122.3,0.06375,0.541,4.217974125
1559367131392,5.681,122.3,0.06375,0.541,4.217974125
1559367131453,5.742,122.3,0.06424,0.535,4.20325532
1559367131499,5.788,122.3,0.06424,0.535,4.20325532
1559367131545,5.834,122.3,0.06424,0.535,4.20325532
1559367131591,5.88,122.3,0.06424,0.535,4.20325532
1559367131654,5.943,122.3,0.06375,0.54,4.2101775
1559367131700,5.989,122.3,0.06375,0.54,4.2101775
1559367131746,6.035,122.3,0.06375,0.54,4.2101775
1559367131792,6.081,122.3,0.06375,0.54,4.2101775
1559367131853,6.142,122.3,0.06378,0.54,4.21215876
1559367131899,6.188,122.3,0.06378,0.54,4.21215876
1559367131945,6.234,122.3,0.06378,0.54,4.21215876
1559367131992,6.281,122.3,0.06378,0.54,4.21215876
1559367132053,6.342,122.3,0.06355,0.541,4.204741265
1559367132099,6.388,122.3,0.06355,0.541,4.204741265
1559367132145,6.434,122.3,0.06355,0.541,4.204741265
1559367132191,6.48,122.3,0.06355,0.541,4.204741265
1559367132253,6.542,122.3,0.06387,0.54,4.21810254
1559367132299,6.588,122.3,0.06387,0.54,4.21810254
1559367132345,6.634,122.3,0.06387,0.54,4.21810254
1559367132391,6.68,122.3,0.06387,0.54,4.21810254
1559367132454,6.743,122.4,0.06361,0.542,4.219938288
1559367132500,6.789,122.4,0.06361,0.542,4.219938288
1559367132546,6.835,122.4,0.06361,0.542,4.219938288
1559367132592,6.881,122.4,0.06361,0.542,4.219938288
1559367132653,6.942,122.4,0.06411,0.537,4.213873368
1559367132699,6.988,122.4,0.06411,0.537,4.213873368
1559367132746,7.035,122.4,0.06411,0.537,4.213873368
1559367132792,7.081,122.4,0.06411,0.537,4.213873368
1559367132853,7.142,122.4,0.06363,0.541,4.213476792
1559367132899,7.188,122.4,0.06363,0.541,4.213476792
1559367132945,7.234,122.4,0.06363,0.541,4.213476792
1559367132991,7.28,122.4,0.06363,0.541,4.213476792
1559367133053,7.342,122.4,0.06347,0.542,4.210650576
1559367133099,7.389,122.4,0.06347,0.542,4.210650576
1559367133146,7.435,122.4,0.06347,0.542,4.210650576
1559367133192,7.481,122.4,0.06347,0.542,4.210650576
1559367133253,7.542,122.3,0.06317,0.545,4.210501595
1559367133299,7.588,122.3,0.06317,0.545,4.210501595
1559367133345,7.634,122.3,0.06317,0.545,4.210501595
1559367133392,7.681,122.3,0.06317,0.545,4.210501595
1559367133454,7.743,122.3,0.06319,0.546,4.219562802
1559367133500,7.789,122.3,0.06319,0.546,4.219562802
1559367133546,7.835,122.3,0.06319,0.546,4.219562802
1559367133592,7.881,122.3,0.06319,0.546,4.219562802
1559367133653,7.942,122.3,0.06356,0.541,4.205402908
1559367133700,7.989,122.3,0.06356,0.541,4.205402908
1559367133747,8.036,122.3,0.06356,0.541,4.205402908
1559367133793,8.082,122.3,0.06356,0.541,4.205402908
1559367133853,8.142,122.3,0.06327,0.544,4.209429024
1559367133899,8.188,122.3,0.06327,0.544,4.209429024
1559367133945,8.234,122.3,0.06327,0.544,4.209429024
1559367133991,8.28,122.3,0.06327,0.544,4.209429024
1559367134053,8.342,122.3,0.06361,0.541,4.208711123
1559367134099,8.388,122.3,0.06361,0.541,4.208711123
1559367134145,8.434,122.3,0.06361,0.541,4.208711123
1559367134191,8.48,122.3,0.06361,0.541,4.208711123
1559367134254,8.543,122.3,0.0639,0.539,4.21226883
1559367134299,8.588,122.3,0.0639,0.539,4.21226883
1559367134344,8.633,122.3,0.0639,0.539,4.21226883
1559367134390,8.679,122.3,0.0639,0.539,4.21226883
1559367134453,8.742,122.3,0.06386,0.539,4.209632042
1559367134499,8.788,122.3,0.06386,0.539,4.209632042
1559367134544,8.833,122.3,0.06386,0.539,4.209632042
1559367134590,8.879,122.3,0.06386,0.539,4.209632042
1559367134653,8.942,122.3,0.06409,0.537,4.209117159
1559367134699,8.988,122.3,0.06409,0.537,4.209117159
1559367134746,9.035,122.3,0.06409,0.537,4.209117159
1559367134792,9.081,122.3,0.06409,0.537,4.209117159
1559367134853,9.142,122.3,0.06388,0.54,4.21876296
1559367134899,9.188,122.3,0.06388,0.54,4.21876296
1559367134945,9.234,122.3,0.06388,0.54,4.21876296
1559367134991,9.28,122.3,0.06388,0.54,4.21876296
1559367135053,9.342,122.3,0.06384,0.539,4.208313648
1559367135099,9.388,122.3,0.06384,0.539,4.208313648
1559367135146,9.435,122.3,0.06384,0.539,4.208313648
1559367135192,9.481,122.3,0.06384,0.539,4.208313648
1559367135253,9.542,122.3,0.06434,0.535,4.20979837
1559367135299,9.588,122.3,0.06434,0.535,4.20979837
1559367135345,9.634,122.3,0.06434,0.535,4.20979837
1559367135391,9.68,122.3,0.06434,0.535,4.20979837
1559367135453,9.742,122.3,0.0591,0.527,3.80911911
1559367135498,9.787,122.3,0.0591,0.527,3.80911911
1559367135545,9.834,122.3,0.0591,0.527,3.80911911
1559367135591,9.88,122.3,0.0591,0.527,3.80911911
1559367135653,9.942,122.3,0.06417,0.54,4.23791514
1559367135699,9.988,122.3,0.06417,0.54,4.23791514
1559367135745,10.034,122.3,0.06417,0.54,4.23791514
