time,freq,util
.085201979,1200000,33.3333
.187909843,1200000,30.7692
.289150625,1200000,34.1463
.390633281,1200000,28.2051
.492697552,1200000,30.7692
.594982083,1200000,30.7692
.696858958,1200000,30
.798846666,1200000,28.9474
.900938749,1200000,30.7692
1.002721093,1200000,28.9474
1.105164426,1200000,28.2051
1.207746822,1200000,30.7692
1.309283072,1200000,34.1463
1.410875989,1200000,32.5
1.513053124,1200000,30
1.615878801,1200000,32.5
1.717316822,1200000,30.7692
1.818951666,1200000,32.5
1.920971353,1200000,30.7692
2.022723749,1200000,30
2.124829999,1200000,30.7692
2.227197603,1200000,30.7692
2.328896770,1200000,30
2.430577707,1200000,34.1463
2.532495728,1200000,34.1463
2.634641561,1200000,27.027
2.736511092,1200000,33.3333
2.838786353,1200000,30.7692
2.940472967,1200000,32.5
3.042060363,1200000,35.7143
3.144926978,1200000,28.9474
3.247125363,1200000,30
3.348941561,1200000,30.7692
3.450502967,1200000,30.7692
3.552549738,1200000,33.3333
3.655023227,1200000,30.7692
3.757211144,1200000,28.9474
3.859169790,1200000,30
3.961192707,1200000,32.5
4.062790623,1200000,30.7692
4.165481196,1200000,31.7073
4.268053904,1200000,30.7692
4.369897029,1200000,32.5
4.471780467,1200000,34.8837
4.573587654,1200000,32.5
4.675612081,1200000,32.5
4.777242237,1200000,30.7692
4.878984112,1200000,30.7692
4.980777185,1200000,28.2051
5.082896560,1200000,32.5
5.199004581,1200000,26.6667
5.300924425,1200000,32.5
5.402970310,1200000,30.7692
5.505151508,1200000,30.7692
5.607143748,1200000,30
5.708946195,1200000,32.5
5.811028487,1200000,28.9474
5.912867237,1200000,30
6.015153279,1200000,30.7692
6.117831143,1200000,30.7692
6.220291456,1200000,34.1463
6.322226820,1200000,34.8837
6.425044581,1200000,30.7692
6.527248539,1200000,30
6.628680674,1200000,30.7692
6.730607289,1200000,32.5
6.832681716,1200000,32.5
6.935270101,1200000,28.2051
7.037528539,1200000,28.9474
7.138891403,1200000,32.5
7.240583695,1200000,30.7692
7.342534007,1200000,31.7073
7.444905570,1200000,28.9474
7.546378122,1200000,30.7692
7.648547080,1200000,30.7692
7.749978747,1200000,32.5
7.852167601,1200000,33.3333
7.954547965,1200000,28.9474
8.056879684,1200000,30.7692
8.158938069,1200000,30
8.260673903,1200000,28.9474
8.361885309,1200000,32.5
8.463880413,1200000,30.7692
8.566027340,1200000,32.5
8.667629007,1200000,31.7073
8.769084996,1200000,34.1463
8.871102132,1200000,32.5
8.972771819,1200000,30.7692
9.075274996,1200000,30
9.179541246,1200000,30
9.281625621,1200000,34.1463
9.383266194,1200000,32.5
9.485410569,1200000,34.1463
9.587444736,1200000,30
9.689468381,1200000,30.7692
9.791579840,1200000,34.1463
9.893745465,1200000,30
9.996734319,1200000,35.7143
10.120495881,1200000,60.7843
10.336013381,1200000,42.5287
10.447384631,1200000,56.0976
10.550365048,1200000,60
10.653455152,1200000,58.5366
10.757238954,1200000,56.0976
10.859780152,1200000,57.5
10.967943225,1200000,58.1395
11.070736975,1200000,58.5366
11.173558173,1200000,56.0976
11.276642287,1200000,58.5366
11.379315308,1200000,56.0976
11.482323954,1200000,60.4651
11.585206922,1200000,53.8462
11.687942547,1200000,57.5
11.790735204,1200000,59.0909
11.900228068,1200000,56.8182
12.002978485,1200000,55
12.106731714,1200000,57.5
12.209227599,1200000,55
12.312322078,1200000,60.4651
12.414888380,1200000,55.2632
12.517311609,1200000,53.8462
12.619631714,1200000,57.5
12.722096505,1200000,58.1395
12.824341036,1200000,57.5
12.927242078,1200000,57.5
13.029957026,1200000,57.1429
13.132045620,1200000,60.4651
13.234952182,1200000,55
13.337907911,1200000,57.5
13.440352547,1200000,60.4651
13.542905620,1200000,56.0976
13.646815567,1200000,56.4103
13.756709213,1200000,57.7778
13.858544317,1200000,55.2632
13.960430359,1200000,58.5366
14.062777963,1200000,56.0976
14.164871505,1200000,54.0541
14.267601088,1200000,55.2632
14.370037078,1200000,56.0976
14.472699682,1200000,60.4651
14.575340463,1200000,55
14.677724473,1200000,56.4103
14.780384265,1200000,60.4651
14.882498536,1200000,55
14.985086765,1200000,56.4103
15.088445254,1200000,55
15.191626088,1200000,59.5238
15.294083431,1200000,56.4103
15.409212494,1200000,52.1739
15.512477338,1200000,57.1429
15.614974369,1200000,54.0541
15.717710879,1200000,55
15.820092077,1200000,58.5366
15.922495150,1200000,59.5238
16.025440410,1200000,55
16.128030410,1200000,56.4103
16.230364421,1200000,57.1429
16.332518223,1200000,58.5366
16.434912285,1200000,56.4103
16.537884420,1200000,55
16.641806504,1200000,59.0909
16.743927129,1200000,56.4103
16.846436608,1200000,57.1429
16.948775514,1200000,56.4103
17.050818222,1200000,56.0976
17.153142441,1200000,56.4103
17.255765566,1200000,56.0976
17.359043170,1200000,55.2632
17.468614889,1200000,54.7619
17.570647962,1200000,56.0976
17.673408535,1200000,56.4103
17.775917753,1200000,56.0976
17.878202389,1200000,56.4103
17.980487441,1200000,58.1395
18.082894420,1200000,56.4103
18.187250878,1200000,55
18.289605045,1200000,57.5
18.392218274,1200000,58.1395
18.495533378,1200000,56.4103
18.597750618,1200000,55
18.699962388,1200000,59.5238
18.802177388,1200000,59.0909
18.904834055,1200000,56.4103
19.007199472,1200000,56.0976
19.109263690,1200000,57.5
19.211480513,1200000,57.1429
19.313864263,1200000,56.4103
19.416595513,1200000,57.1429
19.518668951,1200000,56.4103
19.621607701,1200000,56.0976
19.723855878,1200000,56.4103
19.826729211,1200000,56.0976
19.928631138,1200000,55.2632
20.031282127,1200000,56.0976
20.133839367,1200000,57.5
20.236893377,1200000,56.0976
20.339383013,1200000,56.4103
20.441926138,1200000,58.1395
20.557373429,1200000,52.2727
20.659524367,1200000,56.4103
20.762078690,1200000,58.1395
20.864439419,1200000,56.4103
20.967216919,1200000,56.0976
21.069635929,1200000,57.5
21.175313325,1200000,59.0909
21.277962856,1200000,57.1429
21.380670617,1200000,59.5238
21.483013012,1200000,55
21.586241085,1200000,57.5
21.688354054,1200000,55
21.790666762,1200000,59.5238
21.893062960,1200000,55
21.996506502,1200000,56.0976
22.098668273,1200000,56.4103
22.201004314,1200000,56.0976
22.303681814,1200000,56.4103
22.406846502,1200000,57.1429
22.509462804,1200000,56.4103
22.612779054,1200000,57.1429
22.715466085,1200000,56.4103
22.818058012,1200000,53.8462
22.920327178,1200000,59.5238
23.023006814,1200000,56.0976
23.125949678,1200000,56.4103
23.228363324,1200000,55
23.330847803,1200000,57.5
23.433610407,1200000,56.0976
23.536805980,1200000,56.0976
23.638661814,1200000,55.2632
23.740553324,1200000,57.5
23.843208636,1200000,55
23.945616657,1200000,55
24.048419313,1200000,56.4103
24.153136188,1200000,58.1395
24.255934209,1200000,55
24.358128532,1200000,55.2632
24.460690042,1200000,58.1395
24.563028219,1200000,56.4103
24.666333272,1200000,55
24.768877386,1200000,56.4103
24.899097074,1200000,55.7692
25.007390771,1200000,60.8696
25.110740563,1200000,59.5238
25.213532855,1200000,55
25.324017125,1200000,56.8182
25.427170355,1200000,56.0976
25.530138323,1200000,57.5
25.634529000,1200000,56.0976
25.749768584,1200000,52.1739
25.852471084,1200000,61.3636
25.955355302,1200000,56.0976
26.058105250,1200000,56.4103
26.160588375,1200000,58.1395
26.263107333,1200000,56.4103
26.366303844,1200000,56.0976
26.468873427,1200000,56.4103
26.571876917,1200000,57.1429
26.674387750,1200000,53.8462
26.777580354,1200000,56.4103
26.885238948,1200000,60
26.987719000,1200000,56.4103
27.090437489,1200000,60
27.193254833,1200000,55.2632
27.296391812,1200000,56.0976
27.398292906,1200000,57.5
27.500567906,1200000,58.1395
27.603127072,1200000,56.4103
27.706474468,1200000,56.0976
27.809133635,1200000,54.0541
27.911881395,1200000,57.1429
28.015763062,1200000,55
28.118600093,1200000,55.2632
28.221580093,1200000,57.1429
28.323965145,1200000,56.4103
28.427040874,1200000,56.0976
28.529406708,1200000,57.5
28.633862072,1200000,57.1429
28.736796551,1200000,58.1395
28.838911187,1200000,56.4103
28.941559624,1200000,57.1429
29.044089989,1200000,56.4103
29.147215353,1200000,56.0976
29.250248895,1200000,58.1395
29.352736863,1200000,57.5
29.455714884,1200000,55
29.558457697,1200000,55.2632
29.660808686,1200000,56.0976
29.763771863,1200000,56.0976
29.867309363,1200000,57.5
29.969649207,1200000,56.0976
30.072798009,1200000,58.1395
30.178159780,1200000,55
30.280787176,1200000,58.5366
30.383453269,1200000,53.8462
30.486793946,1200000,58.5366
30.589379571,1200000,55
30.691885457,1200000,58.5366
30.909122175,1200000,39.5349
31.011446030,1200000,58.5366
31.114023165,1200000,56.0976
31.217119675,1200000,57.5
31.319472644,1200000,56.0976
31.421701967,1200000,59.5238
31.523746446,1200000,57.5
31.627036446,1200000,57.1429
31.729285717,1200000,56.4103
31.831238685,1200000,56.0976
31.933385821,1200000,56.4103
32.036924050,1200000,57.1429
32.139198894,1200000,56.4103
32.241862383,1200000,57.1429
32.344926342,1200000,56.4103
32.447744519,1200000,56.0976
32.550461081,1200000,59.0909
32.653009987,1200000,56.4103
32.756050925,1200000,55
32.858704310,1200000,56.4103
32.960715612,1200000,56.0976
33.063340716,1200000,55.2632
33.166292591,1200000,57.1429
33.268342070,1200000,56.4103
33.370536133,1200000,57.5
33.472822227,1200000,56.0976
33.575163164,1200000,55.2632
33.677438685,1200000,55
33.779750976,1200000,57.5
33.882418112,1200000,59.0909
33.985519935,1200000,55
34.088144049,1200000,56.4103
34.190649257,1200000,58.1395
34.293095768,1200000,56.4103
34.395483893,1200000,55
34.497873268,1200000,56.4103
34.602889466,1200000,59.5238
34.706083632,1200000,56.0976
34.808131913,1200000,55.2632
34.909850038,1200000,56.0976
35.011931393,1200000,59.5238
35.120291080,1200000,58.1395
35.223044049,1200000,56.4103
35.326406965,1200000,56.0976
35.433326809,1200000,56.4103
35.536023059,1200000,54.7619
35.640662382,1200000,57.5
35.744100142,1200000,55
35.847182799,1200000,56.0976
35.962637017,1200000,54.3478
36.066010923,1200000,55
36.169516444,1200000,58.5366
36.272904205,1200000,56.8182
36.376275559,1200000,55
36.478861965,1200000,52.5
36.582382486,1200000,56.0976
36.685937173,1200000,53.6585
36.788970611,1200000,51.3514
36.891542434,1200000,57.1429
36.994392798,1200000,56.4103
37.097218111,1200000,55
37.199921235,1200000,57.5
37.302356340,1200000,59.0909
37.405905819,1200000,56.4103
37.508587017,1200000,55
37.612416131,1200000,58.5366
37.715541079,1200000,55
37.818619621,1200000,55.2632
37.921176027,1200000,56.0976
38.024499777,1200000,56.4103
38.127580871,1200000,56.0976
38.231079516,1200000,58.5366
38.334036131,1200000,55
38.437405037,1200000,57.5
38.540793579,1200000,58.1395
38.643714100,1200000,56.4103
38.747302693,1200000,56.0976
38.850657277,1200000,59.0909
38.953423735,1200000,56.4103
39.057195818,1200000,55
39.160889099,1200000,58.5366
39.264434256,1200000,56.0976
39.367413214,1200000,57.5
39.469931078,1200000,56.0976
39.572648266,1200000,61.3636
39.675936443,1200000,55
39.778846807,1200000,56.4103
39.885387120,1200000,59.0909
39.989612953,1200000,57.5
40.091979724,1200000,59.5238
40.194498266,1200000,55
40.296825974,1200000,58.5366
40.398974984,1200000,55
40.500754099,1200000,56.4103
40.602798318,1200000,55
40.706089672,1200000,57.5
40.808347224,1200000,56.0976
40.910522797,1200000,58.5366
41.012626807,1200000,57.1429
41.127741286,1200000,52.381
41.230268213,1200000,59.0909
41.332820713,1200000,57.5
41.435871130,1200000,55
41.538329671,1200000,56.4103
41.640640348,1200000,57.1429
41.744000192,1200000,56.4103
41.849235348,1200000,57.5
41.961491077,1200000,55.5556
42.064008004,1200000,56.4103
42.169244879,1200000,55
42.271573056,1200000,58.1395
42.373931077,1200000,56.4103
42.477037952,1200000,56.0976
42.579787848,1200000,57.5
42.682458629,1200000,60
42.785638681,1200000,56.4103
42.888677640,1200000,53.8462
42.991257483,1200000,57.5
43.094069462,1200000,56.0976
43.197175400,1200000,56.0976
43.300454202,1200000,60.4651
43.402754306,1200000,56.0976
43.505716546,1200000,56.4103
43.608325296,1200000,55
43.711107483,1200000,57.5
43.814078212,1200000,57.1429
43.916874462,1200000,57.5
44.019453733,1200000,55
44.121720243,1200000,58.5366
44.224311493,1200000,55
44.327340764,1200000,56.0976
44.430207222,1200000,59.5238
44.532842483,1200000,57.1429
44.634975816,1200000,55.2632
44.737363889,1200000,55
44.840034774,1200000,57.5
44.942755972,1200000,59.0909
45.068315868,1200000,58.3333
45.187740816,1200000,54.7619
45.297616753,1200000,54.7619
45.408439097,1200000,56.8182
45.523474097,1200000,59.0909
45.633762378,1200000,56.8182
45.743884253,1200000,55.814
45.853849670,1200000,56.0976
45.964318368,1200000,54.7619
46.083609982,1200000,54.5455
46.310153315,1200000,40.6593
46.420718576,1200000,53.4884
46.530376544,1200000,56.8182
46.640639982,1200000,58.1395
46.750920607,1200000,53.6585
46.861231388,1200000,53.6585
46.971168263,1200000,53.6585
47.081386648,1200000,55
47.191293992,1200000,53.6585
47.301308523,1200000,53.6585
47.429385450,1200000,53.1915
47.539366596,1200000,60
47.649226232,1200000,57.7778
47.759060086,1200000,57.7778
47.873433315,1200000,59.5745
47.982156596,1200000,58.1395
48.091199929,1200000,54.7619
48.201430658,1200000,58.1395
48.310581544,1200000,53.6585
48.419661804,1200000,56.0976
48.528899408,1200000,58.6957
48.638512012,1200000,54.7619
48.755208783,1200000,58.3333
48.864430762,1200000,55
48.973398835,1200000,55.814
49.082636960,1200000,59.0909
49.191822012,1200000,56.8182
49.301004512,1200000,54.7619
49.410328158,1200000,56.0976
49.519706387,1200000,55.814
49.631022793,1200000,58.6957
49.740360762,1200000,54.7619
49.849305658,1200000,56.0976
49.958580970,1200000,55.814
50.067852585,1200000,56.0976
50.176815189,1200000,55.814
50.287896022,1200000,57.7778
50.402686647,1200000,59.5745
50.511909668,1200000,56.8182
50.620447272,1200000,56.0976
50.729744251,1200000,54.7619
50.838790605,1200000,57.7778
50.948561334,1200000,57.1429
51.057818366,1200000,54.7619
51.169544668,1200000,55.814
51.279836438,1200000,57.7778
51.394966751,1200000,59.5745
51.511084199,1200000,55.5556
51.620583938,1200000,55.814
51.730068313,1200000,58.1395
51.839402324,1200000,56.8182
51.949186542,1200000,57.7778
52.058818938,1200000,57.7778
52.168684824,1200000,57.1429
52.278085240,1200000,54.7619
52.397391126,1200000,56.5217
52.505719823,1200000,56.8182
52.614854094,1200000,57.1429
52.723985657,1200000,54.7619
52.833260709,1200000,57.1429
52.942478104,1200000,57.7778
53.052240500,1200000,56.8182
53.161411386,1200000,56.0976
53.270611021,1200000,53.6585
53.383206229,1200000,58.1395
53.492854875,1200000,58.6957
53.602582479,1200000,57.7778
53.711939771,1200000,58.1395
53.820506854,1200000,53.6585
53.930181490,1200000,55.814
54.039677219,1200000,57.1429
54.151266958,1200000,59.5745
54.260350604,1200000,55.814
54.369855604,1200000,54.7619
54.495465760,1200000,61.1111
54.604060708,1200000,54.7619
54.713000500,1200000,57.1429
54.821991333,1200000,56.8182
54.930904614,1200000,56.0976
55.040446333,1200000,54.7619
55.150387739,1200000,56.8182
55.259536541,1200000,57.1429
55.368905551,1200000,58.6957
55.485302531,1200000,59.5745
55.594556437,1200000,53.6585
55.706158051,1200000,56.8182
55.816072947,1200000,60
55.926071853,1200000,58.6957
56.036209405,1200000,58.6957
56.145921645,1200000,60
56.255845187,1200000,57.7778
56.761875134,1200000,32.1782
56.878386488,1200000,56.5217
56.987404665,1200000,56.0976
57.096122582,1200000,58.6957
57.205823363,1200000,57.7778
57.314773155,1200000,52.5
57.423826488,1200000,55.814
57.532708988,1200000,59.0909
57.642129353,1200000,57.7778
57.755231332,1200000,56.8182
57.864234092,1200000,52.6316
57.973234925,1200000,55.814
58.082641436,1200000,59.5745
58.192754352,1200000,59.0909
58.302345498,1200000,56.8182
58.411577582,1200000,56.0976
58.520682113,1200000,53.6585
58.630761279,1200000,58.1395
58.740817425,1200000,57.7778
58.856649092,1200000,53.3333
58.965438467,1200000,56.8182
59.073684508,1200000,56.0976
59.182583988,1200000,56.8182
59.291776331,1200000,58.1395
59.400548935,1200000,54.7619
59.509486383,1200000,56.0976
59.619093310,1200000,57.7778
59.728940654,1200000,59.0909
59.847435341,1200000,58.3333
59.956449664,1200000,57.7778
60.066540185,1200000,60
60.177853883,1200000,57.7778
60.287383570,1200000,56.8182
60.395853310,1200000,60
60.505303779,1200000,56.8182
60.614431747,1200000,55
60.722867320,1200000,55.814
60.840469299,1200000,60.4167
60.949226226,1200000,54.7619
61.058527476,1200000,57.1429
61.167377997,1200000,54.7619
61.277182997,1200000,57.7778
61.466679872,1200000,45.4545
61.575549195,1200000,57.7778
61.684890393,1200000,56.0976
61.793512580,1200000,55.814
61.903292059,1200000,57.1429
62.009994143,1200000,56.8182
62.185067684,1200000,56.5217
62.327430288,1200000,55.7692
62.437349090,1200000,56.8182
62.540678153,1200000,54.7619
62.643579820,1200000,55
62.746854872,1200000,58.5366
62.849794090,1200000,55
62.952362476,1200000,61.3636
63.061981903,1200000,57.7778
63.172446746,1200000,56.0976
63.282069142,1200000,56.8182
63.390996278,1200000,56.0976
63.500036850,1200000,54.7619
63.613020913,1200000,58.6957
63.729696694,1200000,55.814
63.845415861,1200000,55.5556
63.961440496,1200000,57.7778
64.077343934,1200000,56.5217
64.193041381,1200000,57.4468
64.307622267,1200000,60.4651
64.569272996,1200000,76.699
64.693665548,1200000,70.8333
64.802385965,1200000,80.9524
64.910619402,1200000,79.0698
65.031029714,1200000,75
65.164989350,1200000,71.4286
65.279705131,1200000,71.7391
65.426189037,1200000,78.5714
65.569930079,1200000,81.6667
65.881555131,1200000,85.2459
66.206305756,1200000,95.6204
66.945982682,1200000,35.461
67.348905026,1200000,95.4286
67.741043411,1200000,92.9577
67.860379401,1200000,60
67.971922734,1200000,56.8182
68.080030807,1200000,53.8462
68.183682995,1200000,57.1429
68.293294244,1200000,56.0976
68.397369297,1200000,56.0976
68.500169557,1200000,59.5238
68.603484401,1200000,56.0976
68.712401588,1200000,60
68.815663880,1200000,55.2632
68.918311796,1200000,55
69.021047525,1200000,57.5
69.124431952,1200000,56.0976
69.227900807,1200000,57.5
69.330932473,1200000,58.1395
69.434334192,1200000,57.5
69.537232786,1200000,55
69.643911588,1200000,60.4651
69.747357161,1200000,56.0976
69.850404296,1200000,61.3636
69.953384765,1200000,55
70.057366640,1200000,57.5
70.161273098,1200000,58.1395
70.263789244,1200000,56.4103
70.367258619,1200000,56.0976
70.470537160,1200000,59.5238
70.573746848,1200000,56.0976
70.677484556,1200000,57.5
70.780256796,1200000,59.0909
70.883550389,1200000,56.4103
70.986834191,1200000,56.0976
71.089543410,1200000,56.4103
71.193039243,1200000,57.1429
71.296927837,1200000,56.0976
71.401807941,1200000,58.1395
71.509254347,1200000,55.2632
71.624340649,1200000,54.1667
71.727401170,1200000,56.0976
71.830852993,1200000,59.5238
71.934567316,1200000,55
72.037716691,1200000,56.4103
72.143162837,1200000,57.1429
72.246756066,1200000,56.0976
72.350100441,1200000,57.5
72.453156118,1200000,57.1429
72.557336587,1200000,56.0976
72.660284972,1200000,59.5238
72.763564712,1200000,55
72.867322680,1200000,57.5
72.970323253,1200000,58.1395
73.073687420,1200000,55
73.177297784,1200000,57.5
73.280058565,1200000,56.0976
73.383336482,1200000,59.5238
73.487048097,1200000,56.0976
73.589536742,1200000,56.4103
73.693181794,1200000,57.1429
73.797111430,1200000,57.5
73.900487055,1200000,60
74.004331013,1200000,55
74.107416065,1200000,56.4103
74.210136951,1200000,56.0976
74.313447576,1200000,59.5238
74.417323200,1200000,56.0976
74.520346586,1200000,59.5238
74.623386169,1200000,56.0976
74.727081534,1200000,56.0976
74.830305075,1200000,59.5238
74.933674138,1200000,55
75.039230648,1200000,55
75.150088148,1200000,61.7021
75.252831950,1200000,55
75.356831742,1200000,56.4103
75.460082367,1200000,58.1395
75.563131429,1200000,57.5
75.666996585,1200000,56.0976
75.770140023,1200000,56.0976
75.872762314,1200000,60.4651
75.976026898,1200000,55
76.078713877,1200000,55.2632
76.181758252,1200000,57.1429
76.285700075,1200000,56.4103
76.388546012,1200000,53.8462
76.491646481,1200000,58.5366
76.595228408,1200000,56.0976
76.699636845,1200000,55.2632
76.889604345,1200000,43.4211
76.992253720,1200000,58.1395
77.095780491,1200000,55
77.198749033,1200000,55.2632
77.301978564,1200000,57.1429
77.405101012,1200000,56.4103
77.507816428,1200000,56.0976
77.611089345,1200000,59.5238
77.714103720,1200000,56.0976
77.817406897,1200000,57.5
77.920284814,1200000,59.0909
78.023454449,1200000,56.4103
78.126856480,1200000,55
78.231226689,1200000,56.0976
78.334283564,1200000,56.4103
78.437526897,1200000,56.0976
78.540394605,1200000,60.4651
78.643288511,1200000,55
78.746444553,1200000,57.5
78.849723615,1200000,55
78.953087470,1200000,59.5238
79.056040490,1200000,55
79.159063407,1200000,57.5
79.262062730,1200000,57.1429
79.365542365,1200000,57.5
79.468514449,1200000,53.8462
79.571207626,1200000,59.5238
79.676566376,1200000,56.0976
79.779358094,1200000,55
79.882703875,1200000,59.5238
79.985867730,1200000,55
80.089571011,1200000,55.2632
80.192566480,1200000,59.0909
80.296308146,1200000,55
80.399762834,1200000,56.4103
80.503581584,1200000,58.1395
80.607063875,1200000,58.5366
80.710551688,1200000,59.0909
80.813716531,1200000,55
80.917238979,1200000,58.5366
81.020441271,1200000,59.0909
81.123785906,1200000,58.5366
81.227623615,1200000,58.5366
81.330547573,1200000,59.0909
81.433815125,1200000,56.0976
81.537361167,1200000,56.4103
81.640658094,1200000,59.0909
81.743787416,1200000,57.5
81.847404916,1200000,55.2632
81.961917729,1200000,55.3191
82.064818510,1200000,55
82.168068458,1200000,56.0976
82.271178875,1200000,59.0909
82.388635229,1200000,57.5
82.496881062,1200000,57.1429
82.600452624,1200000,60.4651
82.705700958,1200000,57.1429
82.816619760,1200000,57.7778
82.919649187,1200000,56.4103
83.023229499,1200000,58.1395
83.127254447,1200000,56.0976
83.230303458,1200000,61.3636
83.334344916,1200000,57.1429
83.437536687,1200000,56.4103
83.540404551,1200000,59.0909
83.643035176,1200000,56.4103
83.745994343,1200000,55
83.849248718,1200000,56.4103
83.953020801,1200000,58.1395
84.056123405,1200000,55
84.159870645,1200000,58.5366
84.263529968,1200000,60.4651
84.369098197,1200000,53.8462
84.471173197,1200000,58.5366
84.574648301,1200000,55
84.677667051,1200000,56.4103
84.780414707,1200000,59.0909
84.883132259,1200000,56.4103
84.985777363,1200000,56.0976
85.089046009,1200000,55.2632
85.192523301,1200000,57.1429
85.296021998,1200000,56.4103
85.398927728,1200000,53.8462
85.502232311,1200000,58.5366
85.606340123,1200000,55
85.712080957,1200000,57.1429
85.816059446,1200000,56.0976
85.920118873,1200000,56.0976
86.024411946,1200000,59.5238
86.127917883,1200000,55
86.231830071,1200000,58.1395
86.336178873,1200000,55
86.439605592,1200000,56.4103
86.543230956,1200000,58.1395
86.647704081,1200000,57.1429
86.751065956,1200000,59.5238
86.854577571,1200000,55
86.958163092,1200000,56.4103
87.073925800,1200000,55.3191
87.180156112,1200000,52.5
87.283166164,1200000,58.5366
87.387482050,1200000,55
87.490821633,1200000,58.1395
87.594250175,1200000,57.5
87.697773925,1200000,56.0976
87.801115956,1200000,58.5366
87.905221216,1200000,55
88.008556945,1200000,55
88.111932622,1200000,59.5238
88.215136581,1200000,53.8462
88.318253768,1200000,57.5
88.420955903,1200000,57.1429
88.524484549,1200000,56.4103
88.627899705,1200000,55
88.733912362,1200000,58.1395
88.837810382,1200000,55
88.940747570,1200000,59.5238
89.043958976,1200000,55
89.147599393,1200000,55
89.250764966,1200000,59.5238
89.354432830,1200000,56.0976
89.457711736,1200000,56.4103
89.560689184,1200000,59.0909
89.664451268,1200000,56.0976
89.767748611,1200000,56.4103
89.870919288,1200000,57.1429
89.974607778,1200000,56.0976
90.078341580,1200000,58.5366
90.182633247,1200000,58.5366
90.286985799,1200000,55
90.390317830,1200000,58.1395
90.493792257,1200000,56.0976
90.598220382,1200000,56.4103
90.701428871,1200000,57.1429
90.805357413,1200000,53.8462
90.909722413,1200000,56.4103
91.017707048,1200000,56.0976
91.122989548,1200000,59.0909
91.227282725,1200000,56.0976
91.330778298,1200000,59.5238
91.434364965,1200000,56.0976
91.538263715,1200000,56.0976
91.642163923,1200000,58.5366
91.746072048,1200000,55
91.856267100,1200000,57.1429
91.958882673,1200000,55
92.061916996,1200000,60
92.178090329,1200000,50
92.280783454,1200000,58.5366
92.390964496,1200000,55.814
92.494033923,1200000,57.5
92.597742881,1200000,56.0976
92.710756371,1200000,58.6957
92.813548402,1200000,55
92.922644079,1200000,60
93.026763923,1200000,57.5
93.130119027,1200000,55
93.233798350,1200000,58.5366
93.337716214,1200000,55
93.441052568,1200000,60.4651
93.544540277,1200000,56.0976
93.648179443,1200000,55
93.751285589,1200000,59.5238
93.855613349,1200000,55
93.958887985,1200000,53.8462
94.061865641,1200000,58.5366
94.165740120,1200000,55
94.268895328,1200000,55.2632
94.372616995,1200000,58.1395
94.476965432,1200000,56.0976
94.580626370,1200000,59.0909
94.686053714,1200000,56.4103
94.789112099,1200000,53.8462
94.892462516,1200000,58.5366
94.996728661,1200000,56.0976
95.100673922,1200000,57.1429
95.204849495,1200000,56.4103
95.307939963,1200000,55
95.411418974,1200000,59.0909
95.516127151,1200000,55
95.619719547,1200000,57.5
95.723054859,1200000,58.1395
95.826882619,1200000,57.5
95.930607671,1200000,58.1395
96.034482828,1200000,56.0976
96.139817098,1200000,57.5
96.244019755,1200000,57.1429
96.347847671,1200000,57.5
96.451045692,1200000,57.1429
96.554927046,1200000,55
96.658753817,1200000,56.4103
96.762532775,1200000,57.1429
96.866848036,1200000,56.0976
96.971199806,1200000,58.1395
97.076531421,1200000,57.5
97.187940640,1200000,56.8182
97.606430379,1200000,33.3333
97.709795431,1200000,56.4103
97.812848869,1200000,59.0909
97.917231889,1200000,57.1429
98.020455639,1200000,58.1395
98.123588504,1200000,57.5
98.227029441,1200000,55
98.330501525,1200000,60.4651
98.434674077,1200000,56.0976
98.537268087,1200000,56.4103
98.640723139,1200000,61.3636
98.744841212,1200000,54.7619
98.848074649,1200000,57.5
98.959849910,1200000,56.8182
99.063046681,1200000,58.1395
99.178837254,1200000,55.5556
99.281962774,1200000,59.5238
99.386516472,1200000,56.0976
99.489824805,1200000,55
99.593064805,1200000,59.5238
99.697242149,1200000,56.0976
99.800768607,1200000,59.0909
99.904505587,1200000,57.5
100.008374128,1200000,56.0976
100.112668659,1200000,58.1395
100.216349336,1200000,56.4103
100.318835482,1200000,53.8462
100.422224909,1200000,59.5238
100.526259024,1200000,55
100.629674701,1200000,56.0976
100.733180586,1200000,58.5366
100.837309961,1200000,57.1429
100.941001315,1200000,59.5238
101.044465013,1200000,55
101.147866576,1200000,56.0976
101.251205065,1200000,59.5238
101.354569961,1200000,55
101.458322773,1200000,57.5
101.561229388,1200000,58.1395
101.665352200,1200000,53.8462
101.769062825,1200000,55.2632
101.872274388,1200000,57.1429
101.976334388,1200000,56.4103
102.079379127,1200000,55
102.189048346,1200000,56.8182
102.432187981,1200000,46
102.542143971,1200000,57.7778
102.655746315,1200000,60
102.764615169,1200000,57.1429
102.874531575,1200000,53.6585
102.983223137,1200000,56.0976
103.092542252,1200000,57.7778
103.201862981,1200000,58.1395
103.318159492,1200000,55.5556
103.427582044,1200000,55
103.536830794,1200000,57.7778
103.646513918,1200000,60.8696
103.755857877,1200000,60.8696
103.865783762,1200000,58.6957
103.975845481,1200000,59.0909
104.084961106,1200000,57.7778
104.194101418,1200000,55
104.302939491,1200000,55.814
104.412040793,1200000,59.0909
104.520688918,1200000,56.0976
104.641796679,1200000,57.4468
104.749926001,1200000,55
104.858827356,1200000,60
104.968490376,1200000,55.814
105.080601991,1200000,60
105.190190637,1200000,57.1429
105.298867251,1200000,54.7619
105.408172043,1200000,57.1429
105.517126678,1200000,54.7619
105.626055584,1200000,60
105.734382199,1200000,57.1429
105.849810376,1200000,54.5455
105.958380793,1200000,58.1395
106.067353449,1200000,57.1429
106.175838553,1200000,57.7778
106.284828605,1200000,57.1429
106.393130845,1200000,54.7619
106.501348188,1200000,59.0909
106.610062876,1200000,56.0976
106.718860376,1200000,56.0976
106.828216365,1200000,55.814
106.936708969,1200000,57.1429
107.045243292,1200000,57.7778
107.153579073,1200000,56.0976
107.262357511,1200000,59.0909
107.370384750,1200000,54.7619
107.486499125,1200000,55.5556
107.598052875,1200000,59.0909
107.707378969,1200000,54.7619
107.816012459,1200000,60
107.924727459,1200000,56.8182
108.033744542,1200000,56.0976
108.142917875,1200000,58.6957
108.251948396,1200000,58.1395
108.360471052,1200000,54.7619
108.472943656,1200000,60
108.581428396,1200000,58.1395
108.690319594,1200000,53.6585
108.798739021,1200000,57.1429
108.907418969,1200000,55.814
109.015618396,1200000,60
109.123980010,1200000,55.814
109.233079021,1200000,58.1395
109.342354489,1200000,58.6957
109.451148135,1200000,56.0976
109.565718604,1200000,57.7778
109.674397354,1200000,56.0976
109.782571833,1200000,56.8182
109.891266312,1200000,57.1429
110.000125583,1200000,54.7619
110.109352822,1200000,55.814
110.217913343,1200000,58.1395
110.326742874,1200000,55.814
110.435770635,1200000,60.8696
110.548518030,1200000,60
110.656823291,1200000,56.8182
110.765563187,1200000,60
110.873787718,1200000,55.814
110.982504124,1200000,58.1395
111.090841624,1200000,55.814
111.200936416,1200000,56.0976
111.309697353,1200000,53.6585
111.418204749,1200000,57.1429
111.527420686,1200000,54.7619
111.643315530,1200000,57.4468
111.751663186,1200000,58.1395
111.860362770,1200000,53.6585
111.969023186,1200000,56.0976
112.078683342,1200000,55.814
112.187455894,1200000,55.814
112.295557821,1200000,59.0909
112.403904488,1200000,55.814
112.519000894,1200000,55.5556
112.637285478,1200000,59.1837
112.747083707,1200000,58.1395
112.856898186,1200000,59.5745
112.966072092,1200000,58.6957
113.075675061,1200000,60
113.185471623,1200000,56.8182
113.295858811,1200000,57.7778
113.406160477,1200000,57.7778
113.516124592,1200000,61.7021
113.626235061,1200000,57.7778
113.736051623,1200000,57.7778
113.845607560,1200000,57.7778
113.963053967,1200000,61.2245
114.071736154,1200000,58.6957
114.183501467,1200000,54.7619
114.291657873,1200000,58.1395
114.400519591,1200000,54.7619
114.512657873,1200000,59.0909
114.621026362,1200000,55.814
114.729540425,1200000,55
114.838785841,1200000,56.8182
114.956533341,1200000,57.4468
115.065530581,1200000,59.0909
115.174780477,1200000,53.6585
115.283503602,1200000,54.7619
115.393269383,1200000,57.1429
115.502983706,1200000,57.7778
115.612106154,1200000,56.8182
115.722184174,1200000,60
115.831099851,1200000,54.7619
115.940278497,1200000,55.814
116.054992143,1200000,52.5
116.163986778,1200000,56.0976
116.273475841,1200000,55.814
116.382703497,1200000,59.0909
116.492539955,1200000,57.7778
116.602254799,1200000,59.0909
116.711446726,1200000,55.814
116.820593705,1200000,55
116.929963601,1200000,54.7619
117.047253965,1200000,59.1837
117.156113861,1200000,60
117.264858392,1200000,59.0909
117.373028132,1200000,55.814
117.482152351,1200000,60
117.590946361,1200000,54.7619
117.706086569,1200000,52.381
117.814789278,1200000,56.8182
117.923163861,1200000,57.1429
118.035785059,1200000,60.8696
118.144061517,1200000,54.7619
118.252848340,1200000,57.1429
118.362075840,1200000,56.8182
118.470918913,1200000,55
118.579757142,1200000,54.7619
118.689235006,1200000,60.8696
118.798727194,1200000,56.8182
118.907813600,1200000,54.7619
119.017456621,1200000,57.1429
119.138455006,1200000,60.4167
119.246047194,1200000,61.7021
119.436864850,1200000,57.6923
119.574854121,1200000,52.9412
119.677585996,1200000,52.5
119.780473287,1200000,58.1395
119.883927141,1200000,54.7619
119.987357037,1200000,53.8462
120.090683183,1200000,58.1395
120.194782975,1200000,52.6316
120.303475110,1200000,57.1429
120.411755214,1200000,58.1395
120.521058287,1200000,54.7619
120.630269641,1200000,56.0976
120.739354277,1200000,55.814
120.848306204,1200000,56.0976
120.966571308,1200000,57.4468
121.082139120,1200000,58.6957
121.197880943,1200000,55.5556
121.313893026,1200000,58.6957
121.430003287,1200000,57.4468
121.547884224,1200000,55.5556
121.663465370,1200000,78.7234
121.930832453,1200000,71.4286
122.040514380,1200000,74.359
122.157998495,1200000,71.4286
122.269722193,1200000,69.7674
122.383141724,1200000,81.25
122.497008182,1200000,79.0698
122.624444640,1200000,77.551
122.767474692,1200000,80.7018
122.908392088,1200000,78.1818
123.217184380,1200000,87.5969
123.647879536,1200000,98.2955
123.862764744,1200000,79.4521
124.254779484,1200000,94.0828
124.677225785,1200000,90.9091
124.793907504,1200000,29.5455
124.899926619,1200000,30
125.006530994,1200000,34.0909
125.112809379,1200000,33.3333
125.218925942,1200000,27.5
125.320931723,1200000,30.7692
125.423344119,1200000,28.9474
125.525940316,1200000,31.7073
125.629133077,1200000,28.9474
125.731691358,1200000,31.7073
125.833883858,1200000,32.5
125.936497504,1200000,34.8837
126.039193389,1200000,30.7692
126.141351618,1200000,30.7692
126.244074118,1200000,31.7073
126.346997556,1200000,30.7692
126.448693806,1200000,30.7692
126.550815941,1200000,30
126.652990056,1200000,32.5
126.755511514,1200000,32.5
126.857628337,1200000,31.7073
126.959184795,1200000,32.5
127.061039743,1200000,30.7692
127.163245524,1200000,28.2051
127.265883753,1200000,32.5
127.367916253,1200000,32.5
127.471698909,1200000,33.3333
127.574694378,1200000,31.7073
127.677720368,1200000,34.1463
127.779607555,1200000,32.5
127.881444534,1200000,33.3333
128.099557711,1200000,15.1163
128.201439170,1200000,34.1463
128.303696409,1200000,31.7073
128.405407867,1200000,32.5
128.507612867,1200000,30.7692
128.609717294,1200000,32.5
128.711916774,1200000,33.3333
128.814552971,1200000,30.7692
128.916449482,1200000,31.7073
129.018629169,1200000,30.7692
129.121035471,1200000,30.7692
129.223565575,1200000,30
129.325653127,1200000,32.5
129.427668023,1200000,30.7692
129.529064429,1200000,32.5
129.630682659,1200000,28.2051
129.733248909,1200000,34.1463
129.835201981,1200000,32.5
129.937399690,1200000,30.7692
130.039137502,1200000,30.7692
130.141059273,1200000,30
130.242955523,1200000,30.7692
130.345764690,1200000,30
130.447535054,1200000,30.7692
130.549329169,1200000,30.7692
130.651763387,1200000,34.1463
130.755117866,1200000,30
130.857359481,1200000,30.7692
130.959533127,1200000,30
131.061733700,1200000,34.1463
131.163702606,1200000,30.7692
131.265418856,1200000,32.5
131.367415210,1200000,30
131.469053752,1200000,30.7692
131.571341512,1200000,32.5
131.672865470,1200000,30.7692
131.775628543,1200000,30
131.877050626,1200000,32.5
131.978959429,1200000,32.5
132.081580939,1200000,33.3333
132.184099845,1200000,30.7692
132.286532658,1200000,32.5
132.389037293,1200000,30.7692
132.490941251,1200000,30
132.592405053,1200000,30.7692
132.695302814,1200000,30.7692
132.797137137,1200000,30
132.899529116,1200000,30.7692
133.117618803,1200000,16.092
133.219043595,1200000,32.5
133.321423803,1200000,31.7073
133.423326928,1200000,30.7692
133.525556407,1200000,32.5
133.627680209,1200000,30
133.730496251,1200000,35.7143
133.832524480,1200000,34.1463
133.935238490,1200000,30
134.037236146,1200000,28.9474
134.139455626,1200000,32.5
134.241780626,1200000,33.3333
134.344009792,1200000,30.7692
134.446493803,1200000,31.7073
134.548674844,1200000,30.7692
134.650846927,1200000,30.7692
134.753458282,1200000,28.9474
134.855570417,1200000,31.7073
134.957467188,1200000,32.5
135.059195834,1200000,32.5
135.161907761,1200000,30.7692
135.264067813,1200000,30
135.365709115,1200000,34.1463
135.467710365,1200000,30.7692
135.569225781,1200000,34.1463
135.671610260,1200000,34.8837
135.773452969,1200000,32.5
135.875244531,1200000,32.5
135.977321146,1200000,28.9474
136.079683542,1200000,31.7073
136.181691666,1200000,34.1463
136.284323802,1200000,30.7692
136.386311927,1200000,35.7143
136.488948802,1200000,28.2051
136.591068906,1200000,30.7692
136.693530416,1200000,30
136.796169895,1200000,34.1463
136.898251822,1200000,32.5
137.000672968,1200000,31.7073
137.102611510,1200000,34.1463
137.205467812,1200000,30
137.307589010,1200000,32.5
137.409411301,1200000,32.5
137.511506874,1200000,32.5
137.613178593,1200000,30
137.715316458,1200000,32.5
137.817150051,1200000,30.7692
137.918982812,1200000,30
138.136269270,1200000,15.2941
138.238757499,1200000,28.2051
138.340537082,1200000,30.7692
138.442651457,1200000,30.7692
138.545314478,1200000,30
138.647679322,1200000,30.7692
138.749888436,1200000,32.5
138.851900676,1200000,33.3333
138.954039374,1200000,30.7692
139.056389374,1200000,34.1463
139.159291613,1200000,26.3158
139.261443853,1200000,30.7692
139.363610155,1200000,28.2051
139.466091092,1200000,34.1463
139.569205103,1200000,28.2051
139.671556092,1200000,28.9474
139.774285155,1200000,28.9474
139.875669217,1200000,32.5
139.978516925,1200000,30
140.080838905,1200000,30.7692
140.184444425,1200000,31.7073
140.286796561,1200000,34.1463
140.389360675,1200000,28.2051
140.491283592,1200000,32.5
140.593488488,1200000,32.5
140.696254269,1200000,31.7073
140.799389738,1200000,28.9474
140.901710311,1200000,31.7073
141.003907394,1200000,30.7692
141.106466560,1200000,30.7692
141.209190467,1200000,30
141.311100675,1200000,32.5
141.412789842,1200000,30.7692
141.515290206,1200000,30.7692
141.617670987,1200000,30
141.719465987,1200000,32.5
141.821560362,1200000,34.1463
141.923634321,1200000,33.3333
142.025618643,1200000,32.5
142.128100362,1200000,28.9474
142.229848852,1200000,33.3333
142.332188175,1200000,34.1463
142.434774841,1200000,30.7692
142.536843799,1200000,30
142.639031039,1200000,30.7692
142.742426612,1200000,31.7073
142.845137445,1200000,28.9474
142.946997497,1200000,28.9474
143.049093435,1200000,30
143.163551091,1200000,26.1905
143.266016716,1200000,31.7073
143.368053695,1200000,32.5
143.470264893,1200000,34.1463
143.572311039,1200000,31.7073
143.674883226,1200000,28.9474
143.777018122,1200000,30.7692
143.878759268,1200000,31.7073
143.980598434,1200000,30.7692
144.082501351,1200000,32.5
144.186836143,1200000,28.2051
144.288875518,1200000,32.5
144.391049163,1200000,30
144.493114580,1200000,28.9474
144.595790830,1200000,32.5
144.698598799,1200000,31.7073
144.800461663,1200000,30.7692
144.902758590,1200000,28.9474
145.005392601,1200000,30
145.107651663,1200000,30.7692
145.209526559,1200000,34.1463
145.311587080,1200000,33.3333
145.413405048,1200000,32.5
145.515380048,1200000,32.5
145.617565986,1200000,30.7692
145.720058850,1200000,33.3333
145.822335777,1200000,34.1463
145.925829788,1200000,30
146.028900829,1200000,28.9474
146.130325829,1200000,32.5
146.232575881,1200000,31.7073
146.336032861,1200000,30.7692
146.437752235,1200000,30
146.540221558,1200000,37.2093
146.642079475,1200000,37.2093
146.744467131,1200000,28.2051
146.846849215,1200000,32.5
146.948774475,1200000,28.9474
147.050482704,1200000,31.7073
147.152408121,1200000,34.1463
147.255798902,1200000,34.1463
147.357829371,1200000,30
147.460387704,1200000,35.7143
147.562316818,1200000,32.5
147.665095308,1200000,28.2051
147.767250725,1200000,30.7692
147.869453068,1200000,32.5
147.971868381,1200000,33.3333
148.074060829,1200000,30.7692
148.176320360,1200000,31.7073
148.290990204,1200000,28.8889
148.392890672,1200000,30
148.495044995,1200000,28.9474
148.597377235,1200000,28.9474
148.699962547,1200000,33.3333
148.802375776,1200000,35.7143
148.905397964,1200000,30
149.007248068,1200000,30.7692
149.109445984,1200000,30.7692
149.211737443,1200000,33.3333
149.313927651,1200000,32.5
149.415826505,1200000,32.5
149.517545516,1200000,30.7692
149.618938745,1200000,34.1463
149.722011036,1200000,30
149.824472807,1200000,28.9474
149.926316870,1200000,34.1463
150.028507442,1200000,30
150.130689317,1200000,30.7692
150.236269057,1200000,33.3333
150.338469994,1200000,28.9474
150.440531974,1200000,33.3333
150.542428692,1200000,34.1463
150.645399630,1200000,28.2051
150.747803796,1200000,32.5
150.850274473,1200000,35.7143
150.952489994,1200000,31.7073
151.055466921,1200000,30.7692
151.157322390,1200000,30
151.259413275,1200000,32.5
151.362245254,1200000,35.7143
151.464308431,1200000,31.7073
151.566086296,1200000,32.5
151.670972338,1200000,31.7073
151.773225723,1200000,32.5
151.875410515,1200000,31.7073
151.977673327,1200000,30.7692
152.080056035,1200000,34.1463
152.182284733,1200000,34.8837
152.284977858,1200000,30.7692
152.386938639,1200000,28.9474
152.488666244,1200000,30
152.591015671,1200000,28.9474
152.693033483,1200000,30.7692
152.795015306,1200000,28.9474
152.897220775,1200000,33.3333
152.998970410,1200000,30.7692
153.101424837,1200000,31.7073
153.204502233,1200000,30.7692
153.306768379,1200000,32.5
153.423060462,1200000,27.2727
153.525540827,1200000,30.9524
153.627662181,1200000,30.7692
153.729703691,1200000,35.7143
153.831804993,1200000,33.3333
153.933492128,1200000,32.5
154.035481712,1200000,32.5
154.137544680,1200000,32.5
154.239004160,1200000,32.5
154.341107493,1200000,30
154.443183118,1200000,30.7692
154.545867649,1200000,32.5
154.648192128,1200000,30
154.751108691,1200000,34.1463
154.853311659,1200000,30.7692
154.956158274,1200000,34.1463
155.058731503,1200000,30
155.161087440,1200000,30.7692
155.264015305,1200000,30
155.366056034,1200000,32.5
155.468795461,1200000,28.2051
155.571477701,1200000,34.1463
155.673044576,1200000,30.7692
155.776067649,1200000,30
155.878422076,1200000,28.9474
155.980795201,1200000,30
156.083156555,1200000,32.5
156.186143898,1200000,32.5
156.288037232,1200000,28.9474
156.390985982,1200000,33.3333
156.492664367,1200000,30.7692
156.595049471,1200000,27.027
156.697382544,1200000,28.2051
156.798981502,1200000,32.5
156.901133065,1200000,28.9474
157.003097856,1200000,30
157.105360044,1200000,32.5
157.207532283,1200000,30.7692
157.309448586,1200000,31.7073
157.411672335,1200000,32.5
157.513909575,1200000,30.7692
157.615801658,1200000,31.7073
157.718764783,1200000,32.5
157.820628012,1200000,32.5
157.923293012,1200000,31.7073
158.025780148,1200000,30.7692
158.128318533,1200000,30.7692
158.231089002,1200000,31.7073
158.333202491,1200000,30.7692
158.435435929,1200000,32.5
158.549973585,1200000,27.2727
158.652192752,1200000,36.3636
158.755198897,1200000,30.7692
158.857334210,1200000,30.7692
158.959191658,1200000,30
159.061357335,1200000,32.5
159.163817647,1200000,32.5
159.268316345,1200000,30
159.370656553,1200000,30
159.472581449,1200000,32.5
159.575460616,1200000,30.7692
159.677829522,1200000,31.7073
159.780509574,1200000,34.1463
159.882468324,1200000,30.7692
159.985049157,1200000,28.2051
160.087663324,1200000,28.9474
160.189468636,1200000,34.1463
160.291367074,1200000,34.1463
160.393637803,1200000,30
160.495746813,1200000,32.5
160.598074574,1200000,30.7692
160.701130876,1200000,34.8837
160.803273011,1200000,28.9474
160.905273740,1200000,30.7692
161.007587751,1200000,28.2051
161.109367178,1200000,32.5
161.211529782,1200000,34.1463
161.313910199,1200000,31.7073
161.415935303,1200000,34.1463
161.518105928,1200000,32.5
161.620280511,1200000,32.5
161.722385250,1200000,31.7073
161.825217698,1200000,30.7692
161.927889730,1200000,31.7073
162.030100042,1200000,34.1463
162.132409417,1200000,33.3333
162.235328688,1200000,34.1463
162.337547282,1200000,30.7692
162.439498792,1200000,32.5
162.541644729,1200000,33.3333
162.643764104,1200000,30.7692
162.746300198,1200000,33.3333
162.848505250,1200000,30.7692
162.950993271,1200000,32.5
163.053188948,1200000,30
163.155672490,1200000,30.7692
163.257609104,1200000,30.7692
163.359519937,1200000,34.8837
163.461465354,1200000,32.5
163.563623896,1200000,32.5
163.678867489,1200000,30.4348
163.781331448,1200000,33.3333
163.883703062,1200000,32.5
163.986245354,1200000,35.7143
164.088592281,1200000,28.2051
164.190936187,1200000,30.7692
164.292482854,1200000,32.5
164.394802333,1200000,28.2051
164.497319833,1200000,30.7692
164.599151395,1200000,30.7692
164.701525614,1200000,31.7073
164.804631291,1200000,30.7692
164.906661603,1200000,32.5
165.008823374,1200000,30
165.110952385,1200000,32.5
165.214605457,1200000,28.9474
165.316706603,1200000,32.5
165.418776030,1200000,28.2051
165.520702489,1200000,28.9474
165.622696812,1200000,32.5
165.725327749,1200000,30
165.827728270,1200000,32.5
165.929703582,1200000,34.8837
166.031863270,1200000,34.1463
166.133792749,1200000,30.7692
166.235752593,1200000,32.5
166.338130613,1200000,32.5
166.440318582,1200000,33.3333
166.542707176,1200000,30.7692
166.644872540,1200000,26.3158
166.747352749,1200000,34.1463
166.849279988,1200000,32.5
166.951899259,1200000,32.5
167.053808426,1200000,30
167.155742488,1200000,32.5
167.258196498,1200000,30.7692
167.360058217,1200000,30.7692
167.462386498,1200000,34.8837
167.565079884,1200000,30.7692
167.667871290,1200000,30
167.770389415,1200000,34.1463
167.873029311,1200000,31.7073
167.975806863,1200000,30.7692
168.077760717,1200000,32.5
168.182222956,1200000,36.3636
168.284873790,1200000,30
168.387231185,1200000,28.9474
168.488634362,1200000,28.9474
168.590333685,1200000,32.5
168.693080769,1200000,30
168.807914154,1200000,25.5814
168.910374102,1200000,34.1463
169.012533321,1200000,31.7073
169.115359102,1200000,32.5
169.217080821,1200000,30
169.319344779,1200000,30.7692
169.421315873,1200000,32.5
169.523368164,1200000,30
169.625991550,1200000,32.5
169.731258164,1200000,33.3333
169.833329727,1200000,30.7692
169.935700143,1200000,30
170.037501706,1200000,30.7692
170.139341706,1200000,30.7692
170.242082331,1200000,33.3333
170.343721706,1200000,30.7692
170.446110872,1200000,34.1463
170.548280039,1200000,30.7692
170.650685403,1200000,31.7073
170.752926132,1200000,30.7692
170.855486810,1200000,30
170.957576862,1200000,30.7692
171.059541080,1200000,32.5
171.161731601,1200000,31.7073
171.265804778,1200000,32.5
171.368773893,1200000,28.2051
171.471063684,1200000,30.7692
171.573160038,1200000,30.7692
171.675642226,1200000,31.7073
171.777378372,1200000,32.5
171.879284049,1200000,30.7692
171.981410351,1200000,30
172.083508892,1200000,30.7692
172.186253892,1200000,35.7143
172.288761184,1200000,28.2051
172.391432851,1200000,32.5
172.493098580,1200000,30
172.595417955,1200000,32.5
172.697787121,1200000,30.7692
172.800084517,1200000,35.7143
172.902434830,1200000,34.8837
173.005566184,1200000,30.7692
173.107670194,1200000,30
173.209470246,1200000,32.5
173.311457486,1200000,34.1463
173.413708579,1200000,30
173.516372850,1200000,35.7143
173.618884517,1200000,28.2051
173.721160454,1200000,28.9474
173.938457902,1200000,15.1163
174.040796235,1200000,32.5
174.142833475,1200000,28.2051
174.246159881,1200000,32.5
174.348643110,1200000,30.7692
174.450679360,1200000,30
174.560872069,1200000,30.2326
174.662923162,1200000,30.7692
174.767348787,1200000,30
174.869499100,1200000,32.5
174.971488579,1200000,32.5
175.073136183,1200000,30.7692
175.176408266,1200000,30
175.278969047,1200000,28.9474
175.380624308,1200000,28.2051
175.482799776,1200000,32.5
175.585385766,1200000,30
175.687641964,1200000,30.7692
175.789598110,1200000,34.1463
175.891454568,1200000,34.1463
175.993882276,1200000,31.7073
176.096149672,1200000,34.1463
176.198002276,1200000,30.7692
176.300438682,1200000,34.8837
176.402642328,1200000,32.5
176.505044464,1200000,30.7692
176.607634620,1200000,30
176.709513943,1200000,32.5
176.811617432,1200000,34.1463
176.913775818,1200000,30.7692
177.016348265,1200000,33.3333
177.118891078,1200000,30.7692
177.223724776,1200000,29.2683
177.325276807,1200000,34.1463
177.427449099,1200000,28.9474
177.529298578,1200000,30.7692
177.631494203,1200000,31.7073
177.733535453,1200000,32.5
177.835747015,1200000,32.5
177.937665973,1200000,30
178.039578213,1200000,32.5
178.141260869,1200000,32.5
178.242938682,1200000,30.7692
178.345672848,1200000,31.7073
178.447553890,1200000,30.7692
178.548922327,1200000,32.5
178.651408161,1200000,33.3333
178.755093369,1200000,30.7692
178.971884098,1200000,14.1176
179.074945348,1200000,28.2051
179.177255244,1200000,28.9474
179.279375192,1200000,32.5
179.381424463,1200000,31.7073
179.483232275,1200000,30.7692
179.585686650,1200000,32.5
179.687412431,1200000,30.7692
179.790012119,1200000,31.7073
179.892492900,1200000,34.1463
179.995342379,1200000,28.2051
180.097844202,1200000,30.7692
180.203508421,1200000,33.3333
180.305553941,1200000,32.5
180.407608629,1200000,30
180.509048733,1200000,30.7692
180.611100504,1200000,32.5
180.713282743,1200000,28.2051
180.815716493,1200000,32.5
180.917547274,1200000,30.7692
181.019201441,1200000,30.7692
181.121292951,1200000,31.7073
181.223137899,1200000,30.7692
181.325937431,1200000,32.5
181.427723733,1200000,31.7073
181.529087951,1200000,34.1463
181.631106545,1200000,30.7692
181.734028472,1200000,30.7692
181.836048889,1200000,35.7143
181.938586389,1200000,30
182.041022847,1200000,30.7692
182.142827691,1200000,28.2051
182.245239618,1200000,30.7692
182.347394930,1200000,30.7692
182.450264253,1200000,33.3333
182.552170659,1200000,35.7143
182.654682170,1200000,28.2051
182.756958003,1200000,30.7692
182.858977013,1200000,30.7692
182.960907222,1200000,32.5
183.062778367,1200000,28.2051
183.164915503,1200000,28.9474
183.268973055,1200000,26.3158
183.370725919,1200000,30.7692
183.472801753,1200000,31.7073
183.575357534,1200000,30.7692
183.677687638,1200000,30.7692
183.779438940,1200000,34.8837
183.881739565,1200000,34.1463
183.997805190,1200000,26.6667
184.100202429,1200000,33.3333
184.202697117,1200000,30.7692
184.305442013,1200000,30.7692
184.407803315,1200000,30
184.509256231,1200000,35.7143
184.611254825,1200000,30.7692
184.713861908,1200000,32.5
184.817145138,1200000,31.7073
184.919444565,1200000,28.9474
185.021689669,1200000,32.5
185.123655189,1200000,31.7073
185.226240814,1200000,32.5
185.328792846,1200000,28.9474
185.430957325,1200000,30
185.533048210,1200000,30.7692
185.635607533,1200000,30.7692
185.738469304,1200000,30
185.840616648,1200000,30.7692
185.942752273,1200000,31.7073
186.045118887,1200000,27.027
186.147597012,1200000,28.2051
186.250237949,1200000,35.7143
186.352942116,1200000,32.5
186.455440554,1200000,32.5
186.558146491,1200000,28.2051
186.660587481,1200000,34.1463
186.763076126,1200000,30
186.865724512,1200000,32.5
186.968580241,1200000,30
187.071114720,1200000,30.7692
187.172929824,1200000,28.2051
187.275622220,1200000,30.7692
187.378919720,1200000,28.2051
187.481766334,1200000,32.5
187.583799199,1200000,30.7692
187.686068261,1200000,33.3333
187.788933678,1200000,30.7692
187.891571438,1200000,30
187.994079147,1200000,32.5
188.096606022,1200000,34.1463
188.199130240,1200000,31.7073
188.301245865,1200000,34.1463
188.403283261,1200000,30.7692
188.505375136,1200000,30
188.608996438,1200000,30
188.711491803,1200000,30.7692
188.813632688,1200000,30
188.916652532,1200000,32.5
189.019302375,1200000,30
189.134256855,1200000,30.4348
189.239167740,1200000,32.5
189.340805188,1200000,31.7073
189.442796594,1200000,28.9474
189.545445136,1200000,30.7692
189.647850136,1200000,31.7073
189.750668521,1200000,37.2093
189.852695656,1200000,32.5
189.955388261,1200000,31.7073
190.058038833,1200000,30.7692
190.160655552,1200000,33.3333
190.264035813,1200000,32.5
190.366548729,1200000,34.8837
190.468876958,1200000,30.7692
190.571422739,1200000,30
190.673119094,1200000,32.5
190.776105604,1200000,34.1463
190.877676333,1200000,30.7692
190.979428104,1200000,34.1463
191.081533104,1200000,31.7073
191.183572271,1200000,32.5
191.286076593,1200000,35.7143
191.389245500,1200000,30
191.491136281,1200000,32.5
191.592912635,1200000,28.2051
191.695366958,1200000,30.7692
191.797607114,1200000,30.7692
191.899321749,1200000,31.7073
192.001484979,1200000,34.1463
192.103522478,1200000,30.7692
192.207607218,1200000,30
192.309281697,1200000,32.5
192.411564666,1200000,31.7073
192.513570291,1200000,32.5
192.616075291,1200000,34.1463
192.717705135,1200000,30.7692
192.819138676,1200000,33.3333
192.920781384,1200000,30.7692
193.022613051,1200000,34.1463
193.125279509,1200000,30
193.227422947,1200000,28.9474
193.328786488,1200000,30.7692
193.430754561,1200000,32.5
193.532876280,1200000,30
193.635271228,1200000,30.7692
193.738082061,1200000,30.7692
193.840416072,1200000,34.8837
193.942973467,1200000,30.7692
194.045301019,1200000,30.7692
194.147516019,1200000,30
194.261897426,1200000,28.2609
194.363661436,1200000,32.5
194.465743832,1200000,32.5
194.567929665,1200000,30
194.670534873,1200000,35.7143
194.773068467,1200000,34.1463
194.875362113,1200000,30.7692
194.978062790,1200000,30
195.080738675,1200000,34.1463
195.183106071,1200000,31.7073
195.287166488,1200000,30.7692
195.388809925,1200000,30.7692
195.491102321,1200000,30
195.592925029,1200000,30.7692
195.695599300,1200000,30.7692
195.798505550,1200000,30
195.900864404,1200000,30.7692
196.003155185,1200000,28.2051
196.105467842,1200000,32.5
196.208101696,1200000,28.2051
196.310980758,1200000,32.5
196.413054977,1200000,30.7692
196.515892789,1200000,31.7073
196.619156539,1200000,28.2051
196.721614404,1200000,32.5
196.823842477,1200000,32.5
196.926327112,1200000,32.5
197.029345706,1200000,28.2051
197.131802060,1200000,31.7073
197.233875393,1200000,30.7692
197.336338883,1200000,32.5
197.438547060,1200000,33.3333
197.541326695,1200000,32.5
197.643475914,1200000,32.5
197.745742685,1200000,31.7073
197.848160028,1200000,30.7692
197.950599924,1200000,33.3333
198.052725966,1200000,32.5
198.155570810,1200000,30
198.258713674,1200000,28.9474
198.361592997,1200000,32.5
198.463938726,1200000,31.7073
198.566085236,1200000,32.5
198.668820132,1200000,30
198.771126643,1200000,28.9474
198.873441695,1200000,32.5
198.976310549,1200000,34.8837
199.078564090,1200000,30.7692
199.180892632,1200000,31.7073
199.282944090,1200000,29.7297
199.397723830,1200000,27.2727
199.499776017,1200000,33.3333
199.601710965,1200000,34.1463
