time_stamp,volt,curr,pf,mul
1559104978379,122.0,0.0518,0.518,3.2735528
1559104978426,122.0,0.05199,0.517,3.27921726
1559104978472,122.0,0.05199,0.517,3.27921726
1559104978518,122.0,0.05199,0.517,3.27921726
1559104978563,122.0,0.05199,0.517,3.27921726
1559104978617,122.0,0.05582,0.527,3.58889108
1559104978663,122.0,0.05582,0.527,3.58889108
1559104978709,122.0,0.05582,0.527,3.58889108
1559104978755,122.0,0.05582,0.527,3.58889108
1559104978816,122.0,0.05726,0.529,3.69544588
1559104978862,122.0,0.05726,0.529,3.69544588
1559104978908,122.0,0.05726,0.529,3.69544588
1559104978954,122.0,0.05726,0.529,3.69544588
1559104979017,122.0,0.06538,0.54,4.3072344
1559104979063,122.0,0.06538,0.54,4.3072344
1559104979108,122.0,0.06538,0.54,4.3072344
1559104979154,122.0,0.06538,0.54,4.3072344
1559104979223,122.0,0.06529,0.542,4.31723596
1559104979270,122.0,0.06529,0.542,4.31723596
1559104979315,122.0,0.06529,0.542,4.31723596
1559104979361,122.0,0.06529,0.542,4.31723596
1559104979416,122.0,0.06399,0.541,4.22346798
1559104979462,122.0,0.06399,0.541,4.22346798
1559104979508,122.0,0.06399,0.541,4.22346798
1559104979554,122.0,0.06399,0.541,4.22346798
1559104979616,122.0,0.06393,0.541,4.21950786
1559104979662,122.0,0.06393,0.541,4.21950786
1559104979707,122.0,0.06393,0.541,4.21950786
1559104979753,122.0,0.06393,0.541,4.21950786
1559104979817,122.0,0.06758,0.545,4.4933942
1559104979863,122.0,0.06758,0.545,4.4933942
1559104979908,122.0,0.06758,0.545,4.4933942
1559104979954,122.0,0.06758,0.545,4.4933942
1559104980016,122.0,0.06862,0.542,4.53742888
1559104980062,122.0,0.06862,0.542,4.53742888
1559104980108,122.0,0.06862,0.542,4.53742888
1559104980154,122.0,0.06862,0.542,4.53742888
1559104980216,122.0,0.06451,0.539,4.24204858
1559104980263,122.0,0.06451,0.539,4.24204858
1559104980309,122.0,0.06451,0.539,4.24204858
1559104980355,122.0,0.06451,0.539,4.24204858
1559104980416,122.0,0.07023,0.545,4.6695927
1559104980462,122.0,0.07023,0.545,4.6695927
1559104980508,122.0,0.07023,0.545,4.6695927
1559104980554,122.0,0.07023,0.545,4.6695927
1559104980617,122.1,0.06182,0.536,4.045846992
1559104980663,122.1,0.06182,0.536,4.045846992
1559104980709,122.1,0.06182,0.536,4.045846992
1559104980755,122.1,0.06182,0.536,4.045846992
1559104980816,122.1,0.0627,0.536,4.10343912
1559104980862,122.1,0.0627,0.536,4.10343912
1559104980908,122.1,0.0627,0.536,4.10343912
1559104980954,122.1,0.0627,0.536,4.10343912
1559104981016,122.0,0.05868,0.529,3.78708984
1559104981062,122.0,0.05868,0.529,3.78708984
1559104981109,122.0,0.05868,0.529,3.78708984
1559104981155,122.0,0.05868,0.529,3.78708984
1559104981216,122.1,0.05608,0.526,3.601715568
1559104981262,122.1,0.05608,0.526,3.601715568
1559104981308,122.1,0.05608,0.526,3.601715568
1559104981354,122.1,0.05608,0.526,3.601715568
1559104981416,122.1,0.06027,0.53,3.90025251
1559104981462,122.1,0.06027,0.53,3.90025251
1559104981508,122.1,0.06027,0.53,3.90025251
1559104981554,122.1,0.06027,0.53,3.90025251
1559104981617,122.1,0.06268,0.536,4.102130208
1559104981663,122.1,0.06268,0.536,4.102130208
1559104981709,122.1,0.06268,0.536,4.102130208
1559104981756,122.1,0.06268,0.536,4.102130208
1559104981817,122.1,0.06196,0.531,4.017182796
1559104981863,122.1,0.06196,0.531,4.017182796
1559104981909,122.1,0.06196,0.531,4.017182796
1559104981955,122.1,0.06196,0.531,4.017182796
1559104982016,122.0,0.06047,0.532,3.92474488
1559104982062,122.0,0.06047,0.532,3.92474488
1559104982108,122.0,0.06047,0.532,3.92474488
1559104982154,122.0,0.06047,0.532,3.92474488
1559104982216,122.0,0.05692,0.526,3.65267024
1559104982263,122.0,0.05692,0.526,3.65267024
1559104982309,122.0,0.05692,0.526,3.65267024
1559104982355,122.0,0.05692,0.526,3.65267024
1559104982416,122.1,0.05701,0.526,3.661444446
1559104982462,122.1,0.05701,0.526,3.661444446
1559104982508,122.1,0.05701,0.526,3.661444446
1559104982554,122.1,0.05701,0.526,3.661444446
1559104982617,122.1,0.05663,0.522,3.609381006
1559104982663,122.1,0.05663,0.522,3.609381006
1559104982709,122.1,0.05663,0.522,3.609381006
1559104982755,122.1,0.05663,0.522,3.609381006
1559104982816,122.0,0.0564,0.525,3.61242
1559104982862,122.0,0.0564,0.525,3.61242
1559104982916,122.0,0.0564,0.525,3.61242
1559104982962,122.0,0.0564,0.525,3.61242
1559104983017,122.0,0.05679,0.521,3.60968598
1559104983063,122.0,0.05679,0.521,3.60968598
1559104983109,122.0,0.05679,0.521,3.60968598
1559104983155,122.0,0.05679,0.521,3.60968598
1559104983216,122.0,0.05659,0.522,3.60387756
1559104983262,122.0,0.05659,0.522,3.60387756
1559104983308,122.0,0.05659,0.522,3.60387756
1559104983354,122.0,0.05659,0.522,3.60387756
1559104983417,122.0,0.05703,0.527,3.66668682
1559104983463,122.0,0.05703,0.527,3.66668682
1559104983509,122.0,0.05703,0.527,3.66668682
1559104983555,122.0,0.05703,0.527,3.66668682
1559104983616,122.1,0.05682,0.526,3.649241772
1559104983662,122.1,0.05682,0.526,3.649241772
1559104983708,122.1,0.05682,0.526,3.649241772
1559104983754,122.1,0.05682,0.526,3.649241772
1559104983817,122.1,0.05647,0.523,3.606078201
1559104983863,122.1,0.05647,0.523,3.606078201
1559104983909,122.1,0.05647,0.523,3.606078201
1559104983954,122.1,0.05647,0.523,3.606078201
1559104984016,122.0,0.06243,0.536,4.08242256
1559104984062,122.0,0.06243,0.536,4.08242256
1559104984108,122.0,0.06243,0.536,4.08242256
1559104984154,122.0,0.06243,0.536,4.08242256
1559104984216,122.0,0.06052,0.531,3.92060664
1559104984262,122.0,0.06052,0.531,3.92060664
1559104984308,122.0,0.06052,0.531,3.92060664
1559104984354,122.0,0.06052,0.531,3.92060664
1559104984416,122.1,0.06267,0.537,4.109127759
1559104984462,122.1,0.06267,0.537,4.109127759
1559104984508,122.1,0.06267,0.537,4.109127759
1559104984554,122.1,0.06267,0.537,4.109127759
1559104984616,122.1,0.05939,0.528,3.828802032
1559104984662,122.1,0.05939,0.528,3.828802032
1559104984708,122.1,0.05939,0.528,3.828802032
1559104984754,122.1,0.05939,0.528,3.828802032
1559104984816,122.1,0.05679,0.52,3.60571068
1559104984862,122.1,0.05679,0.52,3.60571068
1559104984908,122.1,0.05679,0.52,3.60571068
1559104984955,122.1,0.05679,0.52,3.60571068
1559104985016,122.1,0.05714,0.521,3.634909674
1559104985062,122.1,0.05714,0.521,3.634909674
1559104985108,122.1,0.05714,0.521,3.634909674
1559104985154,122.1,0.05714,0.521,3.634909674
1559104985216,122.0,0.05817,0.521,3.69740154
1559104985262,122.0,0.05817,0.521,3.69740154
1559104985308,122.0,0.05817,0.521,3.69740154
1559104985354,122.0,0.05817,0.521,3.69740154
1559104985416,122.1,0.05725,0.522,3.64889745
1559104985462,122.1,0.05725,0.522,3.64889745
1559104985508,122.1,0.05725,0.522,3.64889745
1559104985554,122.1,0.05725,0.522,3.64889745
1559104985616,122.1,0.05698,0.519,3.610816902
1559104985662,122.1,0.05698,0.519,3.610816902
1559104985709,122.1,0.05698,0.519,3.610816902
1559104985755,122.1,0.05698,0.519,3.610816902
1559104985816,122.1,0.05692,0.517,3.593114844
1559104985862,122.1,0.05692,0.517,3.593114844
1559104985908,122.1,0.05692,0.517,3.593114844
1559104985954,122.1,0.05692,0.517,3.593114844
1559104986016,122.0,0.05639,0.524,3.60489992
1559104986062,122.0,0.05639,0.524,3.60489992
1559104986108,122.0,0.05639,0.524,3.60489992
1559104986155,122.0,0.05639,0.524,3.60489992
1559104986216,122.0,0.05789,0.524,3.70079192
1559104986262,122.0,0.05789,0.524,3.70079192
1559104986308,122.0,0.05789,0.524,3.70079192
1559104986354,122.0,0.05789,0.524,3.70079192
1559104986416,122.1,0.06329,0.53,4.09568577
1559104986462,122.1,0.06329,0.53,4.09568577
1559104986508,122.1,0.06329,0.53,4.09568577
1559104986554,122.1,0.06329,0.53,4.09568577
1559104986616,122.1,0.06279,0.534,4.093995906
1559104986662,122.1,0.06279,0.534,4.093995906
1559104986708,122.1,0.06279,0.534,4.093995906
1559104986754,122.1,0.06279,0.534,4.093995906
1559104986816,122.0,0.06164,0.526,3.95556208
1559104986862,122.0,0.06164,0.526,3.95556208
1559104986908,122.0,0.06164,0.526,3.95556208
1559104986954,122.0,0.06164,0.526,3.95556208
1559104987016,122.0,0.05823,0.527,3.74383962
1559104987062,122.0,0.05823,0.527,3.74383962
1559104987108,122.0,0.05823,0.527,3.74383962
1559104987154,122.0,0.05823,0.527,3.74383962
1559104987216,122.0,0.05682,0.526,3.64625304
1559104987262,122.0,0.05682,0.526,3.64625304
1559104987309,122.0,0.05682,0.526,3.64625304
1559104987355,122.0,0.05682,0.526,3.64625304
1559104987416,122.0,0.05711,0.522,3.63699324
1559104987462,122.0,0.05711,0.522,3.63699324
1559104987508,122.0,0.05711,0.522,3.63699324
1559104987554,122.0,0.05711,0.522,3.63699324
1559104987616,122.1,0.05649,0.522,3.600457938
1559104987662,122.1,0.05649,0.522,3.600457938
1559104987708,122.1,0.05649,0.522,3.600457938
1559104987753,122.1,0.05649,0.522,3.600457938
1559104987816,122.0,0.05648,0.523,3.60376288
1559104987862,122.0,0.05648,0.523,3.60376288
1559104987907,122.0,0.05648,0.523,3.60376288
1559104987953,122.0,0.05648,0.523,3.60376288
1559104988015,122.0,0.05665,0.523,3.6146099
1559104988061,122.0,0.05665,0.523,3.6146099
1559104988106,122.0,0.05665,0.523,3.6146099
1559104988152,122.0,0.05665,0.523,3.6146099
1559104988216,122.0,0.05748,0.526,3.68860656
1559104988262,122.0,0.05748,0.526,3.68860656
1559104988317,122.0,0.05748,0.526,3.68860656
1559104988363,122.0,0.05748,0.526,3.68860656
1559104988415,122.0,0.05669,0.523,3.61716214
1559104988461,122.0,0.05669,0.523,3.61716214
1559104988506,122.0,0.05669,0.523,3.61716214
1559104988552,122.0,0.05669,0.523,3.61716214
1559104988616,122.0,0.06343,0.533,4.12459918
1559104988661,122.0,0.06343,0.533,4.12459918
1559104988707,122.0,0.06343,0.533,4.12459918
1559104988753,122.0,0.06343,0.533,4.12459918
1559104988815,122.0,0.06849,0.539,4.50376542
1559104988861,122.0,0.06849,0.539,4.50376542
1559104988907,122.0,0.06849,0.539,4.50376542
1559104988952,122.0,0.06849,0.539,4.50376542
1559104989016,122.0,0.07225,0.54,4.75983
1559104989061,122.0,0.07225,0.54,4.75983
1559104989108,122.0,0.07225,0.54,4.75983
1559104989154,122.0,0.07225,0.54,4.75983
1559104989215,122.0,0.0715,0.537,4.684251
1559104989261,122.0,0.0715,0.537,4.684251
1559104989307,122.0,0.0715,0.537,4.684251
1559104989354,122.0,0.0715,0.537,4.684251
1559104989416,122.0,0.06612,0.539,4.34791896
1559104989462,122.0,0.06612,0.539,4.34791896
1559104989508,122.0,0.06612,0.539,4.34791896
1559104989554,122.0,0.06612,0.539,4.34791896
1559104989615,122.1,0.06783,0.54,4.47230322
1559104989661,122.1,0.06783,0.54,4.47230322
1559104989706,122.1,0.06783,0.54,4.47230322
1559104989752,122.1,0.06783,0.54,4.47230322
1559104989816,122.1,0.07247,0.542,4.795934154
1559104989862,122.1,0.07247,0.542,4.795934154
1559104989908,122.1,0.07247,0.542,4.795934154
1559104989953,122.1,0.07247,0.542,4.795934154
1559104990016,122.1,0.07111,0.535,4.645154085
1559104990061,122.1,0.07111,0.535,4.645154085
1559104990107,122.1,0.07111,0.535,4.645154085
1559104990153,122.1,0.07111,0.535,4.645154085
1559104990215,122.0,0.05998,0.528,3.86367168
1559104990261,122.0,0.05998,0.528,3.86367168
1559104990307,122.0,0.05998,0.528,3.86367168
1559104990353,122.0,0.05998,0.528,3.86367168
1559104990416,122.1,0.05657,0.524,3.619371228
1559104990462,122.1,0.05657,0.524,3.619371228
1559104990508,122.1,0.05657,0.524,3.619371228
1559104990554,122.1,0.05657,0.524,3.619371228
1559104990616,122.1,0.05627,0.526,3.613918242
1559104990662,122.1,0.05627,0.526,3.613918242
1559104990708,122.1,0.05627,0.526,3.613918242
1559104990754,122.1,0.05627,0.526,3.613918242
1559104990815,122.1,0.05698,0.528,3.673432224
1559104990862,122.1,0.05698,0.528,3.673432224
1559104990908,122.1,0.05698,0.528,3.673432224
1559104990954,122.1,0.05698,0.528,3.673432224
1559104991015,122.1,0.05704,0.523,3.642477432
1559104991061,122.1,0.05704,0.523,3.642477432
1559104991107,122.1,0.05704,0.523,3.642477432
1559104991153,122.1,0.05704,0.523,3.642477432
1559104991216,122.0,0.05647,0.524,3.61001416
1559104991262,122.0,0.05647,0.524,3.61001416
1559104991308,122.0,0.05647,0.524,3.61001416
1559104991354,122.0,0.05647,0.524,3.61001416
1559104991415,122.1,0.05648,0.523,3.606716784
1559104991461,122.1,0.05648,0.523,3.606716784
1559104991507,122.1,0.05648,0.523,3.606716784
1559104991553,122.1,0.05648,0.523,3.606716784
1559104991616,122.1,0.05688,0.518,3.597534864
1559104991662,122.1,0.05688,0.518,3.597534864
1559104991708,122.1,0.05688,0.518,3.597534864
1559104991754,122.1,0.05688,0.518,3.597534864
1559104991815,122.1,0.05747,0.527,3.698004849
1559104991861,122.1,0.05747,0.527,3.698004849
1559104991907,122.1,0.05747,0.527,3.698004849
1559104991953,122.1,0.05747,0.527,3.698004849
1559104992015,122.1,0.06318,0.535,4.12713873
1559104992061,122.1,0.06318,0.535,4.12713873
1559104992108,122.1,0.06318,0.535,4.12713873
1559104992154,122.1,0.06318,0.535,4.12713873
1559104992215,122.0,0.06565,0.538,4.3090034
1559104992261,122.0,0.06565,0.538,4.3090034
1559104992307,122.0,0.06565,0.538,4.3090034
1559104992353,122.0,0.06565,0.538,4.3090034
1559104992415,122.0,0.0668,0.539,4.3926344
1559104992462,122.0,0.0668,0.539,4.3926344
1559104992508,122.0,0.0668,0.539,4.3926344
1559104992553,122.0,0.0668,0.539,4.3926344
1559104992615,122.1,0.06642,0.537,4.355006634
1559104992661,122.1,0.06642,0.537,4.355006634
1559104992708,122.1,0.06642,0.537,4.355006634
1559104992754,122.1,0.06642,0.537,4.355006634
1559104992815,122.1,0.06012,0.531,3.897886212
1559104992861,122.1,0.06012,0.531,3.897886212
1559104992907,122.1,0.06012,0.531,3.897886212
1559104992953,122.1,0.06012,0.531,3.897886212
1559104993017,122.0,0.0613,0.534,3.9935724
1559104993063,122.0,0.0613,0.534,3.9935724
1559104993109,122.0,0.0613,0.534,3.9935724
1559104993155,122.0,0.0613,0.534,3.9935724
1559104993215,122.0,0.07336,0.544,4.86875648
1559104993261,122.0,0.07336,0.544,4.86875648
1559104993307,122.0,0.07336,0.544,4.86875648
1559104993353,122.0,0.07336,0.544,4.86875648
1559104993415,122.0,0.07948,0.548,5.31371488
1559104993461,122.0,0.07948,0.548,5.31371488
1559104993507,122.0,0.07948,0.548,5.31371488
1559104993554,122.0,0.07948,0.548,5.31371488
1559104993615,122.1,0.06981,0.541,4.611376341
1559104993661,122.1,0.06981,0.541,4.611376341
1559104993707,122.1,0.06981,0.541,4.611376341
1559104993753,122.1,0.06981,0.541,4.611376341
1559104993815,122.1,0.0609,0.528,3.92614992
1559104993861,122.1,0.0609,0.528,3.92614992
1559104993907,122.1,0.0609,0.528,3.92614992
1559104993953,122.1,0.0609,0.528,3.92614992
1559104994016,122.0,0.06638,0.536,4.34072096
1559104994062,122.0,0.06638,0.536,4.34072096
1559104994108,122.0,0.06638,0.536,4.34072096
1559104994154,122.0,0.06638,0.536,4.34072096
1559104994215,122.0,0.06649,0.536,4.34791408
1559104994261,122.0,0.06649,0.536,4.34791408
1559104994307,122.0,0.06649,0.536,4.34791408
1559104994353,122.0,0.06649,0.536,4.34791408
1559104994415,122.1,0.06542,0.535,4.27346337
1559104994461,122.1,0.06542,0.535,4.27346337
1559104994507,122.1,0.06542,0.535,4.27346337
1559104994553,122.1,0.06542,0.535,4.27346337
1559104994615,122.1,0.06205,0.532,4.03059426
1559104994661,122.1,0.06205,0.532,4.03059426
1559104994707,122.1,0.06205,0.532,4.03059426
1559104994753,122.1,0.06205,0.532,4.03059426
1559104994815,122.1,0.0599,0.529,3.86899491
1559104994861,122.1,0.0599,0.529,3.86899491
1559104994907,122.1,0.0599,0.529,3.86899491
1559104994953,122.1,0.0599,0.529,3.86899491
1559104995015,122.1,0.05822,0.526,3.739156212
1559104995061,122.1,0.05822,0.526,3.739156212
1559104995107,122.1,0.05822,0.526,3.739156212
1559104995153,122.1,0.05822,0.526,3.739156212
1559104995215,122.1,0.05639,0.523,3.600969537
1559104995262,122.1,0.05639,0.523,3.600969537
1559104995308,122.1,0.05639,0.523,3.600969537
1559104995354,122.1,0.05639,0.523,3.600969537
1559104995415,122.1,0.05665,0.521,3.603738765
1559104995461,122.1,0.05665,0.521,3.603738765
1559104995507,122.1,0.05665,0.521,3.603738765
1559104995553,122.1,0.05665,0.521,3.603738765
1559104995615,122.1,0.05738,0.523,3.664189254
1559104995660,122.1,0.05738,0.523,3.664189254
1559104995707,122.1,0.05738,0.523,3.664189254
1559104995753,122.1,0.05738,0.523,3.664189254
1559104995815,122.1,0.05719,0.524,3.659039076
1559104995861,122.1,0.05719,0.524,3.659039076
1559104995908,122.1,0.05719,0.524,3.659039076
1559104995954,122.1,0.05719,0.524,3.659039076
1559104996015,122.0,0.05633,0.525,3.6079365
1559104996061,122.0,0.05633,0.525,3.6079365
1559104996107,122.0,0.05633,0.525,3.6079365
1559104996153,122.0,0.05633,0.525,3.6079365
1559104996214,122.0,0.05638,0.527,3.62489572
1559104996260,122.0,0.05638,0.527,3.62489572
1559104996306,122.0,0.05638,0.527,3.62489572
1559104996353,122.0,0.05638,0.527,3.62489572
1559104996415,122.0,0.0563,0.527,3.6197522
1559104996461,122.0,0.0563,0.527,3.6197522
1559104996507,122.0,0.0563,0.527,3.6197522
1559104996554,122.0,0.0563,0.527,3.6197522
1559104996614,122.0,0.05636,0.525,3.609858
1559104996660,122.0,0.05636,0.525,3.609858
1559104996705,122.0,0.05636,0.525,3.609858
1559104996751,122.0,0.05636,0.525,3.609858
1559104996815,122.1,0.0573,0.528,3.69406224
1559104996861,122.1,0.0573,0.528,3.69406224
1559104996907,122.1,0.0573,0.528,3.69406224
1559104996953,122.1,0.0573,0.528,3.69406224
1559104997015,122.0,0.05669,0.527,3.64482686
1559104997061,122.0,0.05669,0.527,3.64482686
1559104997107,122.0,0.05669,0.527,3.64482686
1559104997152,122.0,0.05669,0.527,3.64482686
1559104997214,122.0,0.05648,0.525,3.617544
1559104997260,122.0,0.05648,0.525,3.617544
1559104997306,122.0,0.05648,0.525,3.617544
1559104997352,122.0,0.05648,0.525,3.617544
1559104997415,122.0,0.05653,0.524,3.61384984
1559104997461,122.0,0.05653,0.524,3.61384984
1559104997507,122.0,0.05653,0.524,3.61384984
1559104997553,122.0,0.05653,0.524,3.61384984
1559104997614,122.1,0.0563,0.524,3.60209652
1559104997660,122.1,0.0563,0.524,3.60209652
1559104997706,122.1,0.0563,0.524,3.60209652
1559104997753,122.1,0.0563,0.524,3.60209652
1559104997815,122.1,0.05741,0.521,3.652085481
1559104997861,122.1,0.05741,0.521,3.652085481
1559104997907,122.1,0.05741,0.521,3.652085481
1559104997953,122.1,0.05741,0.521,3.652085481
1559104998014,122.0,0.05785,0.527,3.7194079
1559104998060,122.0,0.05785,0.527,3.7194079
1559104998107,122.0,0.05785,0.527,3.7194079
1559104998153,122.0,0.05785,0.527,3.7194079
1559104998215,122.1,0.05682,0.524,3.635366328
1559104998261,122.1,0.05682,0.524,3.635366328
1559104998307,122.1,0.05682,0.524,3.635366328
1559104998353,122.1,0.05682,0.524,3.635366328
1559104998414,122.1,0.05659,0.524,3.620650836
1559104998461,122.1,0.05659,0.524,3.620650836
1559104998507,122.1,0.05659,0.524,3.620650836
1559104998553,122.1,0.05659,0.524,3.620650836
1559104998615,122.1,0.05666,0.522,3.611293092
1559104998661,122.1,0.05666,0.522,3.611293092
1559104998707,122.1,0.05666,0.522,3.611293092
1559104998753,122.1,0.05666,0.522,3.611293092
1559104998815,122.1,0.05653,0.525,3.623714325
1559104998861,122.1,0.05653,0.525,3.623714325
1559104998907,122.1,0.05653,0.525,3.623714325
1559104998952,122.1,0.05653,0.525,3.623714325
1559104999015,122.1,0.05723,0.526,3.675573858
1559104999061,122.1,0.05723,0.526,3.675573858
1559104999107,122.1,0.05723,0.526,3.675573858
1559104999153,122.1,0.05723,0.526,3.675573858
1559104999215,122.0,0.05693,0.525,3.6463665
1559104999261,122.0,0.05693,0.525,3.6463665
1559104999307,122.0,0.05693,0.525,3.6463665
1559104999353,122.0,0.05693,0.525,3.6463665
1559104999415,122.0,0.05659,0.523,3.61078154
1559104999460,122.0,0.05659,0.523,3.61078154
1559104999507,122.0,0.05659,0.523,3.61078154
1559104999553,122.0,0.05659,0.523,3.61078154
1559104999615,122.1,0.05643,0.523,3.603523869
1559104999661,122.1,0.05643,0.523,3.603523869
1559104999707,122.1,0.05643,0.523,3.603523869
1559104999753,122.1,0.05643,0.523,3.603523869
1559104999814,122.1,0.05919,0.527,3.808681173
1559104999861,122.1,0.05919,0.527,3.808681173
1559104999907,122.1,0.05919,0.527,3.808681173
1559104999953,122.1,0.05919,0.527,3.808681173
1559105000014,122.0,0.06317,0.531,4.09227894
1559105000060,122.0,0.06317,0.531,4.09227894
1559105000106,122.0,0.06317,0.531,4.09227894
1559105000152,122.0,0.06317,0.531,4.09227894
1559105000215,122.0,0.0613,0.53,3.963658
1559105000261,122.0,0.0613,0.53,3.963658
1559105000307,122.0,0.0613,0.53,3.963658
1559105000353,122.0,0.0613,0.53,3.963658
1559105000414,122.0,0.06183,0.532,4.01301432
1559105000460,122.0,0.06183,0.532,4.01301432
1559105000506,122.0,0.06183,0.532,4.01301432
1559105000552,122.0,0.06183,0.532,4.01301432
1559105000615,122.0,0.05664,0.522,3.60706176
1559105000661,122.0,0.05664,0.522,3.60706176
1559105000707,122.0,0.05664,0.522,3.60706176
1559105000753,122.0,0.05664,0.522,3.60706176
1559105000815,122.0,0.05755,0.524,3.6790564
1559105000861,122.0,0.05755,0.524,3.6790564
1559105000907,122.0,0.05755,0.524,3.6790564
1559105000953,122.0,0.05755,0.524,3.6790564
1559105001014,122.0,0.05702,0.523,3.63821812
1559105001060,122.0,0.05702,0.523,3.63821812
1559105001106,122.0,0.05702,0.523,3.63821812
1559105001152,122.0,0.05702,0.523,3.63821812
1559105001214,122.0,0.05675,0.521,3.6071435
1559105001260,122.0,0.05675,0.521,3.6071435
1559105001306,122.0,0.05675,0.521,3.6071435
1559105001352,122.0,0.05675,0.521,3.6071435
1559105001415,122.0,0.05665,0.521,3.6007873
1559105001461,122.0,0.05665,0.521,3.6007873
1559105001507,122.0,0.05665,0.521,3.6007873
1559105001553,122.0,0.05665,0.521,3.6007873
1559105001614,122.1,0.05682,0.52,3.60761544
1559105001661,122.1,0.05682,0.52,3.60761544
1559105001706,122.1,0.05682,0.52,3.60761544
1559105001753,122.1,0.05682,0.52,3.60761544
1559105001814,122.1,0.05699,0.52,3.61840908
1559105001860,122.1,0.05699,0.52,3.61840908
1559105001906,122.1,0.05699,0.52,3.61840908
1559105001952,122.1,0.05699,0.52,3.61840908
1559105002014,122.1,0.05995,0.528,3.86490456
1559105002061,122.1,0.05995,0.528,3.86490456
1559105002107,122.1,0.05995,0.528,3.86490456
1559105002153,122.1,0.05995,0.528,3.86490456
1559105002214,122.0,0.06168,0.532,4.00327872
1559105002260,122.0,0.06168,0.532,4.00327872
1559105002306,122.0,0.06168,0.532,4.00327872
1559105002352,122.0,0.06168,0.532,4.00327872
1559105002415,122.0,0.06274,0.536,4.10269408
1559105002461,122.0,0.06274,0.536,4.10269408
1559105002507,122.0,0.06274,0.536,4.10269408
1559105002553,122.0,0.06274,0.536,4.10269408
1559105002614,122.1,0.06244,0.534,4.071175416
1559105002660,122.1,0.06244,0.534,4.071175416
1559105002707,122.1,0.06244,0.534,4.071175416
1559105002753,122.1,0.06244,0.534,4.071175416
1559105002814,122.1,0.05714,0.523,3.648863262
1559105002859,122.1,0.05714,0.523,3.648863262
1559105002905,122.1,0.05714,0.523,3.648863262
1559105002951,122.1,0.05714,0.523,3.648863262
1559105003014,122.1,0.05704,0.518,3.607654512
1559105003060,122.1,0.05704,0.518,3.607654512
1559105003106,122.1,0.05704,0.518,3.607654512
1559105003152,122.1,0.05704,0.518,3.607654512
1559105003214,122.0,0.05683,0.519,3.59836194
1559105003261,122.0,0.05683,0.519,3.59836194
1559105003306,122.0,0.05683,0.519,3.59836194
1559105003352,122.0,0.05683,0.519,3.59836194
1559105003415,122.0,0.05685,0.519,3.5996283
1559105003461,122.0,0.05685,0.519,3.5996283
1559105003507,122.0,0.05685,0.519,3.5996283
1559105003553,122.0,0.05685,0.519,3.5996283
1559105003614,122.1,0.05718,0.52,3.63047256
1559105003660,122.1,0.05718,0.52,3.63047256
1559105003706,122.1,0.05718,0.52,3.63047256
1559105003752,122.1,0.05718,0.52,3.63047256
1559105003815,122.1,0.0578,0.521,3.67689498
1559105003861,122.1,0.0578,0.521,3.67689498
1559105003907,122.1,0.0578,0.521,3.67689498
1559105003953,122.1,0.0578,0.521,3.67689498
1559105004014,122.1,0.05698,0.52,3.61777416
1559105004060,122.1,0.05698,0.52,3.61777416
1559105004107,122.1,0.05698,0.52,3.61777416
1559105004153,122.1,0.05698,0.52,3.61777416
1559105004214,122.0,0.0569,0.519,3.6027942
1559105004260,122.0,0.0569,0.519,3.6027942
1559105004306,122.0,0.0569,0.519,3.6027942
1559105004352,122.0,0.0569,0.519,3.6027942
1559105004415,122.0,0.057,0.52,3.61608
1559105004461,122.0,0.057,0.52,3.61608
1559105004507,122.0,0.057,0.52,3.61608
1559105004553,122.0,0.057,0.52,3.61608
1559105004614,122.1,0.05681,0.52,3.60698052
1559105004661,122.1,0.05681,0.52,3.60698052
1559105004709,122.1,0.05681,0.52,3.60698052
1559105004754,122.1,0.05681,0.52,3.60698052
1559105004814,122.1,0.05728,0.521,3.643815648
1559105004861,122.1,0.05728,0.521,3.643815648
1559105004907,122.1,0.05728,0.521,3.643815648
1559105004953,122.1,0.05728,0.521,3.643815648
1559105005014,122.0,0.05747,0.522,3.65991948
1559105005060,122.0,0.05747,0.522,3.65991948
1559105005106,122.0,0.05747,0.522,3.65991948
1559105005152,122.0,0.05747,0.522,3.65991948
1559105005213,122.0,0.05668,0.521,3.60269416
1559105005259,122.0,0.05668,0.521,3.60269416
1559105005305,122.0,0.05668,0.521,3.60269416
1559105005351,122.0,0.05668,0.521,3.60269416
1559105005414,122.0,0.05673,0.521,3.60587226
1559105005460,122.0,0.05673,0.521,3.60587226
1559105005506,122.0,0.05673,0.521,3.60587226
1559105005552,122.0,0.05673,0.521,3.60587226
1559105005613,122.0,0.05655,0.522,3.6013302
1559105005660,122.0,0.05655,0.522,3.6013302
1559105005706,122.0,0.05655,0.522,3.6013302
1559105005754,122.0,0.05655,0.522,3.6013302
1559105005814,122.1,0.05682,0.521,3.614553162
1559105005860,122.1,0.05682,0.521,3.614553162
1559105005906,122.1,0.05682,0.521,3.614553162
1559105005951,122.1,0.05682,0.521,3.614553162
1559105006013,122.1,0.05754,0.524,3.681432216
1559105006058,122.1,0.05754,0.524,3.681432216
1559105006104,122.1,0.05754,0.524,3.681432216
1559105006150,122.1,0.05754,0.524,3.681432216
1559105006214,122.0,0.05714,0.523,3.64587484
1559105006260,122.0,0.05714,0.523,3.64587484
1559105006305,122.0,0.05714,0.523,3.64587484
1559105006351,122.0,0.05714,0.523,3.64587484
1559105006413,122.0,0.05656,0.523,3.60886736
1559105006459,122.0,0.05656,0.523,3.60886736
1559105006505,122.0,0.05656,0.523,3.60886736
1559105006551,122.0,0.05656,0.523,3.60886736
1559105006613,122.1,0.05657,0.521,3.598649637
1559105006658,122.1,0.05657,0.521,3.598649637
1559105006704,122.1,0.05657,0.521,3.598649637
1559105006750,122.1,0.05657,0.521,3.598649637
1559105006814,122.1,0.05681,0.521,3.613917021
1559105006860,122.1,0.05681,0.521,3.613917021
1559105006906,122.1,0.05681,0.521,3.613917021
1559105006952,122.1,0.05681,0.521,3.613917021
1559105007015,122.1,0.05699,0.522,3.632326038
1559105007060,122.1,0.05699,0.522,3.632326038
1559105007107,122.1,0.05699,0.522,3.632326038
1559105007153,122.1,0.05699,0.522,3.632326038
1559105007214,122.0,0.05794,0.524,3.70398832
1559105007260,122.0,0.05794,0.524,3.70398832
1559105007306,122.0,0.05794,0.524,3.70398832
1559105007352,122.0,0.05794,0.524,3.70398832
1559105007414,122.0,0.05725,0.522,3.645909
1559105007461,122.0,0.05725,0.522,3.645909
1559105007506,122.0,0.05725,0.522,3.645909
1559105007552,122.0,0.05725,0.522,3.645909
1559105007613,122.1,0.05689,0.521,3.619006149
1559105007659,122.1,0.05689,0.521,3.619006149
1559105007705,122.1,0.05689,0.521,3.619006149
1559105007751,122.1,0.05689,0.521,3.619006149
1559105007813,122.1,0.05797,0.513,3.631084281
1559105007859,122.1,0.05797,0.513,3.631084281
1559105007905,122.1,0.05797,0.513,3.631084281
1559105007951,122.1,0.05797,0.513,3.631084281
1559105008014,122.1,0.05645,0.523,3.604801035
1559105008060,122.1,0.05645,0.523,3.604801035
1559105008106,122.1,0.05645,0.523,3.604801035
1559105008152,122.1,0.05645,0.523,3.604801035
1559105008214,122.1,0.0568,0.525,3.641022
1559105008260,122.1,0.0568,0.525,3.641022
1559105008306,122.1,0.0568,0.525,3.641022
1559105008352,122.1,0.0568,0.525,3.641022
1559105008413,122.0,0.05736,0.526,3.68090592
1559105008459,122.0,0.05736,0.526,3.68090592
1559105008505,122.0,0.05736,0.526,3.68090592
1559105008551,122.0,0.05736,0.526,3.68090592
1559105008614,122.1,0.05683,0.521,3.615189303
1559105008660,122.1,0.05683,0.521,3.615189303
1559105008706,122.1,0.05683,0.521,3.615189303
1559105008752,122.1,0.05683,0.521,3.615189303
1559105008813,122.1,0.05676,0.521,3.610736316
1559105008859,122.1,0.05676,0.521,3.610736316
1559105008905,122.1,0.05676,0.521,3.610736316
1559105008951,122.1,0.05676,0.521,3.610736316
1559105009015,122.1,0.05688,0.52,3.61142496
1559105009061,122.1,0.05688,0.52,3.61142496
1559105009107,122.1,0.05688,0.52,3.61142496
1559105009153,122.1,0.05688,0.52,3.61142496
1559105009215,122.0,0.05658,0.521,3.59633796
1559105009260,122.0,0.05658,0.521,3.59633796
1559105009306,122.0,0.05658,0.521,3.59633796
1559105009352,122.0,0.05658,0.521,3.59633796
1559105009415,122.0,0.05814,0.524,3.71677392
1559105009461,122.0,0.05814,0.524,3.71677392
1559105009507,122.0,0.05814,0.524,3.71677392
1559105009553,122.0,0.05814,0.524,3.71677392
1559105009614,122.0,0.05825,0.524,3.723806
1559105009660,122.0,0.05825,0.524,3.723806
1559105009706,122.0,0.05825,0.524,3.723806
1559105009752,122.0,0.05825,0.524,3.723806
1559105009814,122.1,0.05687,0.52,3.61079004
1559105009860,122.1,0.05687,0.52,3.61079004
1559105009907,122.1,0.05687,0.52,3.61079004
1559105009952,122.1,0.05687,0.52,3.61079004
1559105010015,122.1,0.05701,0.52,3.61967892
1559105010061,122.1,0.05701,0.52,3.61967892
1559105010107,122.1,0.05701,0.52,3.61967892
1559105010154,122.1,0.05701,0.52,3.61967892
1559105010214,122.0,0.05689,0.52,3.6091016
1559105010260,122.0,0.05689,0.52,3.6091016
1559105010307,122.0,0.05689,0.52,3.6091016
1559105010352,122.0,0.05689,0.52,3.6091016
1559105010415,122.0,0.05692,0.52,3.6110048
1559105010461,122.0,0.05692,0.52,3.6110048
1559105010506,122.0,0.05692,0.52,3.6110048
1559105010552,122.0,0.05692,0.52,3.6110048
1559105010614,122.0,0.05755,0.525,3.6860775
1559105010660,122.0,0.05755,0.525,3.6860775
1559105010706,122.0,0.05755,0.525,3.6860775
1559105010752,122.0,0.05755,0.525,3.6860775
1559105010814,122.1,0.05751,0.521,3.658446891
1559105010860,122.1,0.05751,0.521,3.658446891
1559105010905,122.1,0.05751,0.521,3.658446891
1559105010951,122.1,0.05751,0.521,3.658446891
1559105011014,122.1,0.05688,0.52,3.61142496
1559105011061,122.1,0.05688,0.52,3.61142496
1559105011107,122.1,0.05688,0.52,3.61142496
1559105011153,122.1,0.05688,0.52,3.61142496
1559105011214,122.1,0.05665,0.521,3.603738765
1559105011260,122.1,0.05665,0.521,3.603738765
1559105011306,122.1,0.05665,0.521,3.603738765
1559105011352,122.1,0.05665,0.521,3.603738765
1559105011414,122.0,0.05695,0.52,3.612908
1559105011461,122.0,0.05695,0.52,3.612908
1559105011509,122.0,0.05695,0.52,3.612908
1559105011555,122.0,0.05695,0.52,3.612908
1559105011614,122.1,0.05705,0.52,3.6222186
1559105011660,122.1,0.05705,0.52,3.6222186
1559105011706,122.1,0.05705,0.52,3.6222186
1559105011755,122.1,0.05705,0.52,3.6222186
1559105011813,122.1,0.05815,0.522,3.70626003
1559105011859,122.1,0.05815,0.522,3.70626003
1559105011905,122.1,0.05815,0.522,3.70626003
1559105011951,122.1,0.05815,0.522,3.70626003
1559105012014,122.1,0.05681,0.521,3.613917021
1559105012060,122.1,0.05681,0.521,3.613917021
1559105012106,122.1,0.05681,0.521,3.613917021
1559105012152,122.1,0.05681,0.521,3.613917021
1559105012213,122.1,0.05668,0.521,3.605647188
1559105012259,122.1,0.05668,0.521,3.605647188
1559105012305,122.1,0.05668,0.521,3.605647188
1559105012351,122.1,0.05668,0.521,3.605647188
1559105012414,122.0,0.0623,0.537,4.0815222
1559105012460,122.0,0.0623,0.537,4.0815222
1559105012506,122.0,0.0623,0.537,4.0815222
1559105012552,122.0,0.0623,0.537,4.0815222
1559105012613,122.1,0.06253,0.533,4.069408629
1559105012659,122.1,0.06253,0.533,4.069408629
1559105012705,122.1,0.06253,0.533,4.069408629
1559105012751,122.1,0.06253,0.533,4.069408629
1559105012813,122.1,0.0618,0.532,4.01435496
1559105012859,122.1,0.0618,0.532,4.01435496
1559105012905,122.1,0.0618,0.532,4.01435496
1559105012952,122.1,0.0618,0.532,4.01435496
1559105013014,122.1,0.06054,0.527,3.895549218
1559105013060,122.1,0.06054,0.527,3.895549218
1559105013106,122.1,0.06054,0.527,3.895549218
1559105013153,122.1,0.06054,0.527,3.895549218
1559105013214,122.0,0.05674,0.52,3.5995856
1559105013260,122.0,0.05674,0.52,3.5995856
1559105013306,122.0,0.05674,0.52,3.5995856
1559105013352,122.0,0.05674,0.52,3.5995856
1559105013413,122.0,0.0567,0.525,3.631635
1559105013459,122.0,0.0567,0.525,3.631635
1559105013505,122.0,0.0567,0.525,3.631635
1559105013551,122.0,0.0567,0.525,3.631635
1559105013613,122.0,0.05862,0.528,3.77606592
1559105013659,122.0,0.05862,0.528,3.77606592
1559105013706,122.0,0.05862,0.528,3.77606592
1559105013752,122.0,0.05862,0.528,3.77606592
1559105013813,122.0,0.06175,0.533,4.0153555
1559105013859,122.0,0.06175,0.533,4.0153555
1559105013905,122.0,0.06175,0.533,4.0153555
1559105013951,122.0,0.06175,0.533,4.0153555
1559105014013,122.1,0.06295,0.535,4.112114325
1559105014060,122.1,0.06295,0.535,4.112114325
1559105014106,122.1,0.06295,0.535,4.112114325
1559105014152,122.1,0.06295,0.535,4.112114325
1559105014213,122.0,0.06219,0.532,4.03637976
1559105014259,122.0,0.06219,0.532,4.03637976
1559105014306,122.0,0.06219,0.532,4.03637976
1559105014352,122.0,0.06219,0.532,4.03637976
1559105014413,122.0,0.05763,0.522,3.67010892
1559105014459,122.0,0.05763,0.522,3.67010892
1559105014505,122.0,0.05763,0.522,3.67010892
1559105014551,122.0,0.05763,0.522,3.67010892
1559105014613,122.0,0.0566,0.525,3.62523
1559105014660,122.0,0.0566,0.525,3.62523
1559105014706,122.0,0.0566,0.525,3.62523
1559105014752,122.0,0.0566,0.525,3.62523
1559105014813,122.1,0.05656,0.522,3.604919472
1559105014859,122.1,0.05656,0.522,3.604919472
1559105014908,122.1,0.05656,0.522,3.604919472
1559105014954,122.1,0.05656,0.522,3.604919472
1559105015013,122.1,0.0567,0.52,3.5999964
1559105015059,122.1,0.0567,0.52,3.5999964
1559105015105,122.1,0.0567,0.52,3.5999964
1559105015151,122.1,0.0567,0.52,3.5999964
1559105015213,122.0,0.05683,0.521,3.61222846
1559105015259,122.0,0.05683,0.521,3.61222846
1559105015305,122.0,0.05683,0.521,3.61222846
1559105015352,122.0,0.05683,0.521,3.61222846
1559105015413,122.0,0.05853,0.525,3.7488465
1559105015459,122.0,0.05853,0.525,3.7488465
1559105015505,122.0,0.05853,0.525,3.7488465
1559105015550,122.0,0.05853,0.525,3.7488465
1559105015613,122.0,0.06205,0.53,4.012153
1559105015659,122.0,0.06205,0.53,4.012153
1559105015705,122.0,0.06205,0.53,4.012153
1559105015751,122.0,0.06205,0.53,4.012153
1559105015813,122.1,0.06333,0.532,4.113739476
1559105015859,122.1,0.06333,0.532,4.113739476
1559105015906,122.1,0.06333,0.532,4.113739476
1559105015959,122.1,0.06333,0.532,4.113739476
1559105016018,122.1,0.06279,0.531,4.070995929
1559105016064,122.1,0.06279,0.531,4.070995929
1559105016110,122.1,0.06279,0.531,4.070995929
1559105016156,122.1,0.06279,0.531,4.070995929
1559105016213,122.1,0.05773,0.522,3.679490826
1559105016259,122.1,0.05773,0.522,3.679490826
1559105016305,122.1,0.05773,0.522,3.679490826
1559105016351,122.1,0.05773,0.522,3.679490826
1559105016412,122.0,0.05698,0.519,3.60785964
1559105016458,122.0,0.05698,0.519,3.60785964
1559105016504,122.0,0.05698,0.519,3.60785964
1559105016550,122.0,0.05698,0.519,3.60785964
1559105016613,122.0,0.06116,0.528,3.93968256
1559105016659,122.0,0.06116,0.528,3.93968256
1559105016705,122.0,0.06116,0.528,3.93968256
1559105016751,122.0,0.06116,0.528,3.93968256
1559105016812,122.1,0.06171,0.529,3.985904439
1559105016858,122.1,0.06171,0.529,3.985904439
1559105016904,122.1,0.06171,0.529,3.985904439
1559105016950,122.1,0.06171,0.529,3.985904439
1559105017012,122.1,0.06177,0.53,3.99732201
1559105017058,122.1,0.06177,0.53,3.99732201
1559105017104,122.1,0.06177,0.53,3.99732201
1559105017152,122.1,0.06177,0.53,3.99732201
1559105017213,122.0,0.06157,0.529,3.97360466
1559105017260,122.0,0.06157,0.529,3.97360466
1559105017305,122.0,0.06157,0.529,3.97360466
1559105017351,122.0,0.06157,0.529,3.97360466
1559105017413,122.0,0.05672,0.521,3.60523664
1559105017459,122.0,0.05672,0.521,3.60523664
1559105017505,122.0,0.05672,0.521,3.60523664
1559105017550,122.0,0.05672,0.521,3.60523664
1559105017612,122.0,0.05683,0.521,3.61222846
1559105017658,122.0,0.05683,0.521,3.61222846
1559105017704,122.0,0.05683,0.521,3.61222846
1559105017750,122.0,0.05683,0.521,3.61222846
1559105017813,122.1,0.05821,0.524,3.724299084
1559105017859,122.1,0.05821,0.524,3.724299084
1559105017904,122.1,0.05821,0.524,3.724299084
1559105017950,122.1,0.05821,0.524,3.724299084
1559105018012,122.1,0.06158,0.527,3.962469786
1559105018058,122.1,0.06158,0.527,3.962469786
1559105018104,122.1,0.06158,0.527,3.962469786
1559105018150,122.1,0.06158,0.527,3.962469786
1559105018213,122.1,0.06402,0.525,4.10384205
1559105018259,122.1,0.06402,0.525,4.10384205
1559105018305,122.1,0.06402,0.525,4.10384205
1559105018351,122.1,0.06402,0.525,4.10384205
1559105018412,122.1,0.06329,0.531,4.103413479
1559105018459,122.1,0.06329,0.531,4.103413479
1559105018505,122.1,0.06329,0.531,4.103413479
1559105018551,122.1,0.06329,0.531,4.103413479
1559105018612,122.1,0.0586,0.522,3.73494132
1559105018658,122.1,0.0586,0.522,3.73494132
1559105018704,122.1,0.0586,0.522,3.73494132
1559105018750,122.1,0.0586,0.522,3.73494132
1559105018812,122.1,0.05761,0.513,3.608534853
1559105018858,122.1,0.05761,0.513,3.608534853
1559105018904,122.1,0.05761,0.513,3.608534853
1559105018951,122.1,0.05761,0.513,3.608534853
1559105019013,122.1,0.05701,0.52,3.61967892
1559105019059,122.1,0.05701,0.52,3.61967892
1559105019105,122.1,0.05701,0.52,3.61967892
1559105019151,122.1,0.05701,0.52,3.61967892
1559105019213,122.1,0.05691,0.519,3.606381009
1559105019259,122.1,0.05691,0.519,3.606381009
1559105019305,122.1,0.05691,0.519,3.606381009
1559105019351,122.1,0.05691,0.519,3.606381009
1559105019412,122.1,0.05714,0.522,3.641886468
1559105019458,122.1,0.05714,0.522,3.641886468
1559105019504,122.1,0.05714,0.522,3.641886468
1559105019550,122.1,0.05714,0.522,3.641886468
1559105019612,122.0,0.05757,0.523,3.67331142
1559105019658,122.0,0.05757,0.523,3.67331142
1559105019705,122.0,0.05757,0.523,3.67331142
1559105019751,122.0,0.05757,0.523,3.67331142
1559105019813,122.0,0.05701,0.519,3.60975918
1559105019859,122.0,0.05701,0.519,3.60975918
1559105019905,122.0,0.05701,0.519,3.60975918
1559105019951,122.0,0.05701,0.519,3.60975918
1559105020012,122.1,0.05676,0.52,3.60380592
1559105020058,122.1,0.05676,0.52,3.60380592
1559105020104,122.1,0.05676,0.52,3.60380592
1559105020150,122.1,0.05676,0.52,3.60380592
1559105020213,122.0,0.05681,0.52,3.6040264
1559105020259,122.0,0.05681,0.52,3.6040264
1559105020305,122.0,0.05681,0.52,3.6040264
1559105020351,122.0,0.05681,0.52,3.6040264
1559105020412,122.0,0.05678,0.521,3.60905036
1559105020458,122.0,0.05678,0.521,3.60905036
1559105020504,122.0,0.05678,0.521,3.60905036
1559105020550,122.0,0.05678,0.521,3.60905036
1559105020612,122.0,0.05702,0.524,3.64517456
1559105020659,122.0,0.05702,0.524,3.64517456
1559105020705,122.0,0.05702,0.524,3.64517456
1559105020751,122.0,0.05702,0.524,3.64517456
1559105020812,122.0,0.05758,0.523,3.67394948
1559105020858,122.0,0.05758,0.523,3.67394948
1559105020904,122.0,0.05758,0.523,3.67394948
1559105020950,122.0,0.05758,0.523,3.67394948
1559105021013,122.0,0.05683,0.521,3.61222846
1559105021059,122.0,0.05683,0.521,3.61222846
1559105021105,122.0,0.05683,0.521,3.61222846
1559105021151,122.0,0.05683,0.521,3.61222846
1559105021212,122.0,0.05676,0.521,3.60777912
1559105021258,122.0,0.05676,0.521,3.60777912
1559105021304,122.0,0.05676,0.521,3.60777912
1559105021350,122.0,0.05676,0.521,3.60777912
1559105021412,122.0,0.05669,0.521,3.60332978
1559105021458,122.0,0.05669,0.521,3.60332978
1559105021504,122.0,0.05669,0.521,3.60332978
1559105021550,122.0,0.05669,0.521,3.60332978
1559105021612,122.0,0.05659,0.522,3.60387756
1559105021659,122.0,0.05659,0.522,3.60387756
1559105021705,122.0,0.05659,0.522,3.60387756
1559105021751,122.0,0.05659,0.522,3.60387756
1559105021812,122.1,0.05742,0.522,3.659732604
1559105021858,122.1,0.05742,0.522,3.659732604
1559105021904,122.1,0.05742,0.522,3.659732604
1559105021950,122.1,0.05742,0.522,3.659732604
1559105022013,122.1,0.0577,0.521,3.67053357
1559105022059,122.1,0.0577,0.521,3.67053357
1559105022105,122.1,0.0577,0.521,3.67053357
1559105022151,122.1,0.0577,0.521,3.67053357
1559105022212,122.1,0.05687,0.52,3.61079004
1559105022258,122.1,0.05687,0.52,3.61079004
1559105022304,122.1,0.05687,0.52,3.61079004
1559105022350,122.1,0.05687,0.52,3.61079004
1559105022412,122.1,0.05687,0.518,3.596902386
1559105022459,122.1,0.05687,0.518,3.596902386
1559105022505,122.1,0.05687,0.518,3.596902386
1559105022551,122.1,0.05687,0.518,3.596902386
1559105022612,122.1,0.05667,0.521,3.605011047
1559105022658,122.1,0.05667,0.521,3.605011047
1559105022704,122.1,0.05667,0.521,3.605011047
1559105022750,122.1,0.05667,0.521,3.605011047
1559105022812,122.1,0.05698,0.518,3.603859644
1559105022858,122.1,0.05698,0.518,3.603859644
1559105022905,122.1,0.05698,0.518,3.603859644
1559105022951,122.1,0.05698,0.518,3.603859644
1559105023012,122.1,0.05783,0.519,3.664681317
1559105023058,122.1,0.05783,0.519,3.664681317
1559105023104,122.1,0.05783,0.519,3.664681317
1559105023150,122.1,0.05783,0.519,3.664681317
1559105023212,122.1,0.05762,0.519,3.651373638
1559105023258,122.1,0.05762,0.519,3.651373638
1559105023305,122.1,0.05762,0.519,3.651373638
1559105023350,122.1,0.05762,0.519,3.651373638
1559105023412,122.0,0.05764,0.513,3.60745704
1559105023458,122.0,0.05764,0.513,3.60745704
1559105023504,122.0,0.05764,0.513,3.60745704
1559105023550,122.0,0.05764,0.513,3.60745704
1559105023612,122.0,0.05689,0.519,3.60216102
1559105023658,122.0,0.05689,0.519,3.60216102
1559105023704,122.0,0.05689,0.519,3.60216102
1559105023750,122.0,0.05689,0.519,3.60216102
1559105023812,122.0,0.05697,0.518,3.60027612
1559105023858,122.0,0.05697,0.518,3.60027612
1559105023904,122.0,0.05697,0.518,3.60027612
1559105023950,122.0,0.05697,0.518,3.60027612
1559105024013,122.1,0.05712,0.518,3.612714336
1559105024059,122.1,0.05712,0.518,3.612714336
1559105024105,122.1,0.05712,0.518,3.612714336
1559105024151,122.1,0.05712,0.518,3.612714336
1559105024212,122.0,0.05798,0.521,3.68532476
1559105024258,122.0,0.05798,0.521,3.68532476
1559105024304,122.0,0.05798,0.521,3.68532476
1559105024350,122.0,0.05798,0.521,3.68532476
1559105024412,122.0,0.05735,0.518,3.6242906
1559105024458,122.0,0.05735,0.518,3.6242906
1559105024504,122.0,0.05735,0.518,3.6242906
1559105024550,122.0,0.05735,0.518,3.6242906
1559105024612,122.0,0.05692,0.52,3.6110048
1559105024658,122.0,0.05692,0.52,3.6110048
1559105024704,122.0,0.05692,0.52,3.6110048
1559105024750,122.0,0.05692,0.52,3.6110048
1559105024812,122.0,0.05687,0.519,3.60089466
1559105024858,122.0,0.05687,0.519,3.60089466
1559105024903,122.0,0.05687,0.519,3.60089466
1559105024949,122.0,0.05687,0.519,3.60089466
1559105025013,122.1,0.05681,0.521,3.613917021
1559105025059,122.1,0.05681,0.521,3.613917021
1559105025105,122.1,0.05681,0.521,3.613917021
1559105025151,122.1,0.05681,0.521,3.613917021
1559105025212,122.1,0.05686,0.521,3.617097726
1559105025258,122.1,0.05686,0.521,3.617097726
1559105025304,122.1,0.05686,0.521,3.617097726
1559105025350,122.1,0.05686,0.521,3.617097726
1559105025412,122.0,0.05754,0.524,3.67841712
1559105025458,122.0,0.05754,0.524,3.67841712
1559105025504,122.0,0.05754,0.524,3.67841712
1559105025550,122.0,0.05754,0.524,3.67841712
1559105025612,122.0,0.05721,0.518,3.61544316
1559105025659,122.0,0.05721,0.518,3.61544316
1559105025705,122.0,0.05721,0.518,3.61544316
1559105025751,122.0,0.05721,0.518,3.61544316
1559105025812,122.0,0.05663,0.523,3.61333378
1559105025859,122.0,0.05663,0.523,3.61333378
1559105025906,122.0,0.05663,0.523,3.61333378
1559105025951,122.0,0.05663,0.523,3.61333378
1559105026012,122.0,0.06105,0.528,3.9325968
1559105026062,122.0,0.06105,0.528,3.9325968
1559105026108,122.0,0.06105,0.528,3.9325968
1559105026154,122.0,0.06105,0.528,3.9325968
1559105026213,122.1,0.06191,0.53,4.00638183
1559105026259,122.1,0.06191,0.53,4.00638183
1559105026305,122.1,0.06191,0.53,4.00638183
1559105026351,122.1,0.06191,0.53,4.00638183
1559105026412,122.1,0.06169,0.529,3.984612621
1559105026458,122.1,0.06169,0.529,3.984612621
1559105026504,122.1,0.06169,0.529,3.984612621
1559105026551,122.1,0.06169,0.529,3.984612621
1559105026612,122.0,0.06171,0.528,3.97511136
1559105026658,122.0,0.06171,0.528,3.97511136
1559105026703,122.0,0.06171,0.528,3.97511136
1559105026750,122.0,0.06171,0.528,3.97511136
1559105026812,122.1,0.05682,0.52,3.60761544
1559105026858,122.1,0.05682,0.52,3.60761544
1559105026904,122.1,0.05682,0.52,3.60761544
1559105026950,122.1,0.05682,0.52,3.60761544
1559105027012,122.1,0.05703,0.521,3.627912123
1559105027058,122.1,0.05703,0.521,3.627912123
1559105027104,122.1,0.05703,0.521,3.627912123
1559105027151,122.1,0.05703,0.521,3.627912123
1559105027212,122.1,0.05793,0.521,3.685164813
1559105027258,122.1,0.05793,0.521,3.685164813
1559105027304,122.1,0.05793,0.521,3.685164813
1559105027350,122.1,0.05793,0.521,3.685164813
1559105027412,122.0,0.05692,0.521,3.61794904
1559105027458,122.0,0.05692,0.521,3.61794904
1559105027504,122.0,0.05692,0.521,3.61794904
1559105027549,122.0,0.05692,0.521,3.61794904
1559105027613,122.0,0.05707,0.519,3.61355826
1559105027658,122.0,0.05707,0.519,3.61355826
1559105027704,122.0,0.05707,0.519,3.61355826
1559105027750,122.0,0.05707,0.519,3.61355826
1559105027812,122.0,0.05696,0.518,3.59964416
1559105027857,122.0,0.05696,0.518,3.59964416
1559105027903,122.0,0.05696,0.518,3.59964416
1559105027949,122.0,0.05696,0.518,3.59964416
1559105028012,122.0,0.05709,0.519,3.61482462
1559105028057,122.0,0.05709,0.519,3.61482462
1559105028103,122.0,0.05709,0.519,3.61482462
1559105028150,122.0,0.05709,0.519,3.61482462
1559105028212,122.0,0.05725,0.519,3.6249555
1559105028259,122.0,0.05725,0.519,3.6249555
1559105028304,122.0,0.05725,0.519,3.6249555
1559105028351,122.0,0.05725,0.519,3.6249555
1559105028412,122.0,0.05794,0.521,3.68278228
1559105028458,122.0,0.05794,0.521,3.68278228
1559105028503,122.0,0.05794,0.521,3.68278228
1559105028549,122.0,0.05794,0.521,3.68278228
1559105028611,122.0,0.05739,0.516,3.61281528
1559105028657,122.0,0.05739,0.516,3.61281528
1559105028703,122.0,0.05739,0.516,3.61281528
1559105028749,122.0,0.05739,0.516,3.61281528
1559105028811,122.0,0.05769,0.513,3.61058634
1559105028857,122.0,0.05769,0.513,3.61058634
1559105028903,122.0,0.05769,0.513,3.61058634
1559105028948,122.0,0.05769,0.513,3.61058634
1559105029012,122.0,0.05734,0.514,3.59567672
1559105029058,122.0,0.05734,0.514,3.59567672
1559105029104,122.0,0.05734,0.514,3.59567672
1559105029150,122.0,0.05734,0.514,3.59567672
1559105029213,122.0,0.05727,0.516,3.60526104
1559105029259,122.0,0.05727,0.516,3.60526104
1559105029305,122.0,0.05727,0.516,3.60526104
1559105029351,122.0,0.05727,0.516,3.60526104
1559105029412,122.0,0.05735,0.519,3.6312873
1559105029458,122.0,0.05735,0.519,3.6312873
1559105029504,122.0,0.05735,0.519,3.6312873
1559105029550,122.0,0.05735,0.519,3.6312873
1559105029612,122.0,0.05785,0.522,3.6841194
1559105029658,122.0,0.05785,0.522,3.6841194
1559105029704,122.0,0.05785,0.522,3.6841194
1559105029751,122.0,0.05785,0.522,3.6841194
1559105029812,122.0,0.05702,0.519,3.61039236
1559105029858,122.0,0.05702,0.519,3.61039236
1559105029904,122.0,0.05702,0.519,3.61039236
1559105029950,122.0,0.05702,0.519,3.61039236
1559105030012,122.1,0.05687,0.52,3.61079004
1559105030058,122.1,0.05687,0.52,3.61079004
1559105030104,122.1,0.05687,0.52,3.61079004
1559105030151,122.1,0.05687,0.52,3.61079004
1559105030212,122.1,0.05686,0.519,3.603212514
1559105030258,122.1,0.05686,0.519,3.603212514
1559105030304,122.1,0.05686,0.519,3.603212514
1559105030350,122.1,0.05686,0.519,3.603212514
1559105030412,122.1,0.0587,0.524,3.75564948
1559105030459,122.1,0.0587,0.524,3.75564948
1559105030505,122.1,0.0587,0.524,3.75564948
1559105030551,122.1,0.0587,0.524,3.75564948
1559105030612,122.0,0.06313,0.533,4.10509138
1559105030658,122.0,0.06313,0.533,4.10509138
1559105030704,122.0,0.06313,0.533,4.10509138
1559105030750,122.0,0.06313,0.533,4.10509138
1559105030812,122.1,0.06221,0.53,4.02579573
1559105030859,122.1,0.06221,0.53,4.02579573
1559105030905,122.1,0.06221,0.53,4.02579573
1559105030951,122.1,0.06221,0.53,4.02579573
1559105031012,122.1,0.06133,0.529,3.961359897
1559105031058,122.1,0.06133,0.529,3.961359897
1559105031105,122.1,0.06133,0.529,3.961359897
1559105031151,122.1,0.06133,0.529,3.961359897
1559105031212,122.1,0.05767,0.523,3.682708161
1559105031258,122.1,0.05767,0.523,3.682708161
1559105031303,122.1,0.05767,0.523,3.682708161
1559105031350,122.1,0.05767,0.523,3.682708161
1559105031412,122.1,0.05737,0.526,3.684565302
1559105031459,122.1,0.05737,0.526,3.684565302
1559105031504,122.1,0.05737,0.526,3.684565302
1559105031550,122.1,0.05737,0.526,3.684565302
1559105031612,122.0,0.05645,0.524,3.6087356
1559105031659,122.0,0.05645,0.524,3.6087356
1559105031705,122.0,0.05645,0.524,3.6087356
1559105031751,122.0,0.05645,0.524,3.6087356
1559105031812,122.0,0.05685,0.52,3.606564
1559105031858,122.0,0.05685,0.52,3.606564
1559105031904,122.0,0.05685,0.52,3.606564
1559105031951,122.0,0.05685,0.52,3.606564
1559105032012,122.1,0.0567,0.521,3.60691947
1559105032058,122.1,0.0567,0.521,3.60691947
1559105032103,122.1,0.0567,0.521,3.60691947
1559105032150,122.1,0.0567,0.521,3.60691947
1559105032212,122.1,0.05659,0.521,3.599921919
1559105032258,122.1,0.05659,0.521,3.599921919
1559105032304,122.1,0.05659,0.521,3.599921919
1559105032350,122.1,0.05659,0.521,3.599921919
1559105032412,122.0,0.05709,0.524,3.64964952
1559105032458,122.0,0.05709,0.524,3.64964952
1559105032504,122.0,0.05709,0.524,3.64964952
1559105032550,122.0,0.05709,0.524,3.64964952
1559105032612,122.0,0.05737,0.525,3.6745485
1559105032659,122.0,0.05737,0.525,3.6745485
1559105032705,122.0,0.05737,0.525,3.6745485
1559105032751,122.0,0.05737,0.525,3.6745485
1559105032812,122.0,0.05664,0.522,3.60706176
1559105032859,122.0,0.05664,0.522,3.60706176
1559105032905,122.0,0.05664,0.522,3.60706176
1559105032951,122.0,0.05664,0.522,3.60706176
1559105033012,122.1,0.05672,0.521,3.608191752
1559105033058,122.1,0.05672,0.521,3.608191752
1559105033104,122.1,0.05672,0.521,3.608191752
1559105033149,122.1,0.05672,0.521,3.608191752
1559105033213,122.0,0.05688,0.519,3.60152784
1559105033258,122.0,0.05688,0.519,3.60152784
1559105033304,122.0,0.05688,0.519,3.60152784
1559105033349,122.0,0.05688,0.519,3.60152784
1559105033412,122.0,0.05755,0.522,3.6650142
1559105033458,122.0,0.05755,0.522,3.6650142
1559105033503,122.0,0.05755,0.522,3.6650142
1559105033549,122.0,0.05755,0.522,3.6650142
1559105033612,122.0,0.05903,0.517,3.72325822
1559105033659,122.0,0.05903,0.517,3.72325822
1559105033704,122.0,0.05903,0.517,3.72325822
1559105033751,122.0,0.05903,0.517,3.72325822
1559105033812,122.0,0.05842,0.521,3.71329204
1559105033858,122.0,0.05842,0.521,3.71329204
1559105033904,122.0,0.05842,0.521,3.71329204
1559105033950,122.0,0.05842,0.521,3.71329204
1559105034012,122.0,0.05796,0.521,3.68405352
1559105034058,122.0,0.05796,0.521,3.68405352
1559105034105,122.0,0.05796,0.521,3.68405352
1559105034151,122.0,0.05796,0.521,3.68405352
1559105034210,122.1,0.06058,0.525,3.88332945
1559105034256,122.1,0.06058,0.525,3.88332945
1559105034302,122.1,0.06058,0.525,3.88332945
1559105034348,122.1,0.06058,0.525,3.88332945
1559105034411,122.0,0.0641,0.53,4.144706
1559105034457,122.0,0.0641,0.53,4.144706
1559105034503,122.0,0.0641,0.53,4.144706
1559105034549,122.0,0.0641,0.53,4.144706
1559105034610,122.0,0.06179,0.526,3.96518788
1559105034656,122.0,0.06179,0.526,3.96518788
1559105034702,122.0,0.06179,0.526,3.96518788
1559105034758,122.0,0.06179,0.526,3.96518788
1559105034811,122.0,0.06243,0.528,4.02149088
1559105034858,122.0,0.06243,0.528,4.02149088
1559105034903,122.0,0.06243,0.528,4.02149088
1559105034949,122.0,0.06243,0.528,4.02149088
1559105035010,122.1,0.05995,0.523,3.828305085
1559105035056,122.1,0.05995,0.523,3.828305085
1559105035102,122.1,0.05995,0.523,3.828305085
1559105035148,122.1,0.05995,0.523,3.828305085
1559105035211,122.1,0.05697,0.518,3.603227166
1559105035257,122.1,0.05697,0.518,3.603227166
1559105035303,122.1,0.05697,0.518,3.603227166
1559105035349,122.1,0.05697,0.518,3.603227166
1559105035411,122.1,0.0575,0.521,3.65781075
1559105035458,122.1,0.0575,0.521,3.65781075
1559105035504,122.1,0.0575,0.521,3.65781075
1559105035551,122.1,0.0575,0.521,3.65781075
1559105035610,122.0,0.05754,0.522,3.66437736
1559105035656,122.0,0.05754,0.522,3.66437736
1559105035702,122.0,0.05754,0.522,3.66437736
1559105035749,122.0,0.05754,0.522,3.66437736
1559105035811,122.0,0.05688,0.52,3.6084672
1559105035858,122.0,0.05688,0.52,3.6084672
1559105035904,122.0,0.05688,0.52,3.6084672
1559105035951,122.0,0.05688,0.52,3.6084672
1559105036010,122.1,0.05672,0.521,3.608191752
1559105036056,122.1,0.05672,0.521,3.608191752
1559105036102,122.1,0.05672,0.521,3.608191752
1559105036147,122.1,0.05672,0.521,3.608191752
1559105036210,122.1,0.05626,0.525,3.60640665
1559105036256,122.1,0.05626,0.525,3.60640665
1559105036301,122.1,0.05626,0.525,3.60640665
1559105036347,122.1,0.05626,0.525,3.60640665
1559105036411,122.1,0.05627,0.525,3.607047675
1559105036457,122.1,0.05627,0.525,3.607047675
1559105036503,122.1,0.05627,0.525,3.607047675
1559105036549,122.1,0.05627,0.525,3.607047675
1559105036610,122.1,0.05707,0.525,3.658329675
1559105036657,122.1,0.05707,0.525,3.658329675
1559105036703,122.1,0.05707,0.525,3.658329675
1559105036749,122.1,0.05707,0.525,3.658329675
1559105036811,122.0,0.057,0.526,3.657804
1559105036857,122.0,0.057,0.526,3.657804
1559105036903,122.0,0.057,0.526,3.657804
1559105036949,122.0,0.057,0.526,3.657804
1559105037010,122.1,0.05624,0.527,3.618858408
1559105037056,122.1,0.05624,0.527,3.618858408
1559105037102,122.1,0.05624,0.527,3.618858408
1559105037148,122.1,0.05624,0.527,3.618858408
1559105037211,122.1,0.0563,0.524,3.60209652
1559105037257,122.1,0.0563,0.524,3.60209652
1559105037303,122.1,0.0563,0.524,3.60209652
1559105037349,122.1,0.0563,0.524,3.60209652
1559105037410,122.1,0.0563,0.524,3.60209652
1559105037456,122.1,0.0563,0.524,3.60209652
1559105037502,122.1,0.0563,0.524,3.60209652
1559105037549,122.1,0.0563,0.524,3.60209652
1559105037611,122.0,0.05664,0.521,3.60015168
1559105037657,122.0,0.05664,0.521,3.60015168
1559105037706,122.0,0.05664,0.521,3.60015168
1559105037752,122.0,0.05664,0.521,3.60015168
1559105037811,122.0,0.05856,0.525,3.750768
1559105037857,122.0,0.05856,0.525,3.750768
1559105037903,122.0,0.05856,0.525,3.750768
1559105037949,122.0,0.05856,0.525,3.750768
1559105038010,122.0,0.06283,0.532,4.07791832
1559105038056,122.0,0.06283,0.532,4.07791832
1559105038102,122.0,0.06283,0.532,4.07791832
1559105038147,122.0,0.06283,0.532,4.07791832
1559105038210,122.1,0.06304,0.533,4.102599072
1559105038256,122.1,0.06304,0.533,4.102599072
1559105038301,122.1,0.06304,0.533,4.102599072
1559105038347,122.1,0.06304,0.533,4.102599072
1559105038411,122.0,0.06185,0.53,3.999221
1559105038458,122.0,0.06185,0.53,3.999221
1559105038504,122.0,0.06185,0.53,3.999221
1559105038551,122.0,0.06185,0.53,3.999221
1559105038610,122.0,0.05782,0.523,3.68926292
1559105038656,122.0,0.05782,0.523,3.68926292
1559105038703,122.0,0.05782,0.523,3.68926292
1559105038749,122.0,0.05782,0.523,3.68926292
1559105038811,122.0,0.05713,0.518,3.61038748
1559105038857,122.0,0.05713,0.518,3.61038748
1559105038903,122.0,0.05713,0.518,3.61038748
1559105038949,122.0,0.05713,0.518,3.61038748
1559105039011,122.1,0.05687,0.52,3.61079004
1559105039057,122.1,0.05687,0.52,3.61079004
1559105039103,122.1,0.05687,0.52,3.61079004
1559105039149,122.1,0.05687,0.52,3.61079004
1559105039210,122.1,0.05682,0.52,3.60761544
1559105039256,122.1,0.05682,0.52,3.60761544
1559105039302,122.1,0.05682,0.52,3.60761544
1559105039348,122.1,0.05682,0.52,3.60761544
1559105039410,122.1,0.05692,0.519,3.607014708
1559105039457,122.1,0.05692,0.519,3.607014708
1559105039503,122.1,0.05692,0.519,3.607014708
1559105039549,122.1,0.05692,0.519,3.607014708
1559105039610,122.0,0.0575,0.523,3.668845
1559105039656,122.0,0.0575,0.523,3.668845
1559105039702,122.0,0.0575,0.523,3.668845
1559105039748,122.0,0.0575,0.523,3.668845
1559105039811,122.0,0.05807,0.521,3.69104534
1559105039857,122.0,0.05807,0.521,3.69104534
1559105039903,122.0,0.05807,0.521,3.69104534
1559105039949,122.0,0.05807,0.521,3.69104534
1559105040010,122.0,0.05679,0.525,3.6373995
1559105040056,122.0,0.05679,0.525,3.6373995
1559105040102,122.0,0.05679,0.525,3.6373995
1559105040148,122.0,0.05679,0.525,3.6373995
1559105040211,122.1,0.05668,0.522,3.612567816
1559105040257,122.1,0.05668,0.522,3.612567816
1559105040303,122.1,0.05668,0.522,3.612567816
1559105040349,122.1,0.05668,0.522,3.612567816
1559105040410,122.1,0.05638,0.523,3.600330954
1559105040456,122.1,0.05638,0.523,3.600330954
1559105040502,122.1,0.05638,0.523,3.600330954
1559105040548,122.1,0.05638,0.523,3.600330954
1559105040611,122.0,0.05642,0.523,3.59993452
1559105040658,122.0,0.05642,0.523,3.59993452
1559105040704,122.0,0.05642,0.523,3.59993452
1559105040750,122.0,0.05642,0.523,3.59993452
1559105040810,122.0,0.05743,0.525,3.6783915
1559105040856,122.0,0.05743,0.525,3.6783915
1559105040902,122.0,0.05743,0.525,3.6783915
1559105040948,122.0,0.05743,0.525,3.6783915
1559105041010,122.1,0.05709,0.523,3.645670347
1559105041056,122.1,0.05709,0.523,3.645670347
1559105041102,122.1,0.05709,0.523,3.645670347
1559105041148,122.1,0.05709,0.523,3.645670347
1559105041210,122.1,0.05665,0.522,3.61065573
1559105041256,122.1,0.05665,0.522,3.61065573
1559105041302,122.1,0.05665,0.522,3.61065573
1559105041348,122.1,0.05665,0.522,3.61065573
1559105041411,122.1,0.05657,0.522,3.605556834
1559105041457,122.1,0.05657,0.522,3.605556834
1559105041503,122.1,0.05657,0.522,3.605556834
1559105041549,122.1,0.05657,0.522,3.605556834
1559105041610,122.1,0.05973,0.53,3.86530749
1559105041656,122.1,0.05973,0.53,3.86530749
1559105041702,122.1,0.05973,0.53,3.86530749
1559105041748,122.1,0.05973,0.53,3.86530749
1559105041810,122.0,0.06258,0.536,4.09223136
1559105041855,122.0,0.06258,0.536,4.09223136
1559105041902,122.0,0.06258,0.536,4.09223136
1559105041948,122.0,0.06258,0.536,4.09223136
1559105042010,122.0,0.06068,0.531,3.93097176
1559105042056,122.0,0.06068,0.531,3.93097176
1559105042102,122.0,0.06068,0.531,3.93097176
1559105042149,122.0,0.06068,0.531,3.93097176
1559105042210,122.1,0.06152,0.536,4.026213312
1559105042256,122.1,0.06152,0.536,4.026213312
1559105042302,122.1,0.06152,0.536,4.026213312
1559105042348,122.1,0.06152,0.536,4.026213312
1559105042410,122.0,0.05656,0.523,3.60886736
1559105042456,122.0,0.05656,0.523,3.60886736
1559105042502,122.0,0.05656,0.523,3.60886736
1559105042548,122.0,0.05656,0.523,3.60886736
1559105042609,122.0,0.05733,0.525,3.6719865
1559105042655,122.0,0.05733,0.525,3.6719865
1559105042702,122.0,0.05733,0.525,3.6719865
1559105042748,122.0,0.05733,0.525,3.6719865
1559105042810,122.0,0.05716,0.525,3.661098
1559105042856,122.0,0.05716,0.525,3.661098
1559105042902,122.0,0.05716,0.525,3.661098
1559105042949,122.0,0.05716,0.525,3.661098
1559105043010,122.0,0.05656,0.525,3.622668
1559105043057,122.0,0.05656,0.525,3.622668
1559105043102,122.0,0.05656,0.525,3.622668
1559105043149,122.0,0.05656,0.525,3.622668
1559105043210,122.0,0.05647,0.523,3.60312482
1559105043257,122.0,0.05647,0.523,3.60312482
1559105043303,122.0,0.05647,0.523,3.60312482
1559105043349,122.0,0.05647,0.523,3.60312482
1559105043410,122.0,0.05647,0.522,3.59623548
1559105043458,122.0,0.05647,0.522,3.59623548
1559105043504,122.0,0.05647,0.522,3.59623548
1559105043551,122.0,0.05647,0.522,3.59623548
1559105043610,122.0,0.05633,0.524,3.60106424
1559105043656,122.0,0.05633,0.524,3.60106424
1559105043702,122.0,0.05633,0.524,3.60106424
1559105043748,122.0,0.05633,0.524,3.60106424
1559105043810,122.0,0.05869,0.525,3.7590945
1559105043857,122.0,0.05869,0.525,3.7590945
1559105043903,122.0,0.05869,0.525,3.7590945
1559105043949,122.0,0.05869,0.525,3.7590945
1559105044010,122.1,0.06298,0.53,4.07562474
1559105044058,122.1,0.06298,0.53,4.07562474
1559105044104,122.1,0.06298,0.53,4.07562474
1559105044150,122.1,0.06298,0.53,4.07562474
1559105044210,122.1,0.06327,0.531,4.102116777
1559105044256,122.1,0.06327,0.531,4.102116777
1559105044302,122.1,0.06327,0.531,4.102116777
1559105044349,122.1,0.06327,0.531,4.102116777
1559105044410,122.1,0.06162,0.531,3.995138862
1559105044456,122.1,0.06162,0.531,3.995138862
1559105044502,122.1,0.06162,0.531,3.995138862
1559105044548,122.1,0.06162,0.531,3.995138862
1559105044610,122.1,0.0577,0.524,3.69166908
1559105044657,122.1,0.0577,0.524,3.69166908
1559105044702,122.1,0.0577,0.524,3.69166908
1559105044748,122.1,0.0577,0.524,3.69166908
1559105044809,122.0,0.05673,0.521,3.60587226
1559105044855,122.0,0.05673,0.521,3.60587226
1559105044901,122.0,0.05673,0.521,3.60587226
1559105044947,122.0,0.05673,0.521,3.60587226
1559105045010,122.1,0.05702,0.518,3.606389556
1559105045056,122.1,0.05702,0.518,3.606389556
1559105045102,122.1,0.05702,0.518,3.606389556
1559105045148,122.1,0.05702,0.518,3.606389556
1559105045210,122.1,0.05708,0.517,3.603214956
1559105045257,122.1,0.05708,0.517,3.603214956
1559105045303,122.1,0.05708,0.517,3.603214956
1559105045350,122.1,0.05708,0.517,3.603214956
1559105045409,122.1,0.05693,0.519,3.607648407
1559105045456,122.1,0.05693,0.519,3.607648407
1559105045502,122.1,0.05693,0.519,3.607648407
1559105045548,122.1,0.05693,0.519,3.607648407
1559105045610,122.1,0.05732,0.525,3.6743553
1559105045656,122.1,0.05732,0.525,3.6743553
1559105045702,122.1,0.05732,0.525,3.6743553
1559105045748,122.1,0.05732,0.525,3.6743553
1559105045809,122.1,0.05732,0.522,3.653358984
1559105045856,122.1,0.05732,0.522,3.653358984
1559105045902,122.1,0.05732,0.522,3.653358984
1559105045948,122.1,0.05732,0.522,3.653358984
1559105046010,122.1,0.05701,0.52,3.61967892
1559105046056,122.1,0.05701,0.52,3.61967892
1559105046102,122.1,0.05701,0.52,3.61967892
1559105046149,122.1,0.05701,0.52,3.61967892
1559105046210,122.1,0.0573,0.516,3.61010628
1559105046256,122.1,0.0573,0.516,3.61010628
1559105046302,122.1,0.0573,0.516,3.61010628
1559105046348,122.1,0.0573,0.516,3.61010628
1559105046409,122.1,0.05715,0.517,3.607633755
1559105046455,122.1,0.05715,0.517,3.607633755
1559105046502,122.1,0.05715,0.517,3.607633755
1559105046548,122.1,0.05715,0.517,3.607633755
1559105046610,122.1,0.05682,0.519,3.600677718
1559105046657,122.1,0.05682,0.519,3.600677718
1559105046703,122.1,0.05682,0.519,3.600677718
1559105046750,122.1,0.05682,0.519,3.600677718
1559105046809,122.0,0.05763,0.523,3.67713978
1559105046858,122.0,0.05763,0.523,3.67713978
1559105046904,122.0,0.05763,0.523,3.67713978
1559105046950,122.0,0.05763,0.523,3.67713978
1559105047010,122.0,0.05694,0.524,3.64006032
1559105047057,122.0,0.05694,0.524,3.64006032
1559105047104,122.0,0.05694,0.524,3.64006032
1559105047150,122.0,0.05694,0.524,3.64006032
1559105047210,122.1,0.05674,0.521,3.609464034
1559105047256,122.1,0.05674,0.521,3.609464034
1559105047302,122.1,0.05674,0.521,3.609464034
1559105047349,122.1,0.05674,0.521,3.609464034
1559105047410,122.1,0.05704,0.523,3.642477432
1559105047456,122.1,0.05704,0.523,3.642477432
1559105047502,122.1,0.05704,0.523,3.642477432
1559105047549,122.1,0.05704,0.523,3.642477432
1559105047609,122.0,0.06256,0.53,4.0451296
1559105047656,122.0,0.06256,0.53,4.0451296
1559105047702,122.0,0.06256,0.53,4.0451296
1559105047747,122.0,0.06256,0.53,4.0451296
1559105047810,122.0,0.05581,0.521,3.54739522
1559105047856,122.0,0.05581,0.521,3.54739522
1559105047902,122.0,0.05581,0.521,3.54739522
1559105047948,122.0,0.05581,0.521,3.54739522
