time,freq,util
.083393750,1200000,36.3636
.184315469,1200000,34.1463
.285685261,1200000,30.7692
.386625573,1200000,27.027
.487754115,1200000,32.5
.589158698,1200000,32.5
.690492708,1200000,34.1463
.792722292,1200000,34.8837
.893956927,1200000,34.1463
.995377500,1200000,30.7692
1.097523177,1200000,28.9474
1.199050885,1200000,34.1463
1.300829323,1200000,30
1.402643646,1200000,32.5
1.504501041,1200000,35.7143
1.605721823,1200000,30.7692
1.707857656,1200000,30
1.811146979,1200000,30.7692
1.912856614,1200000,32.5
2.013838750,1200000,34.1463
2.115647343,1200000,30.7692
2.217519583,1200000,28.2051
2.319416197,1200000,30.7692
2.421114635,1200000,30.7692
2.522912135,1200000,30.7692
2.624652656,1200000,33.3333
2.727720572,1200000,30.7692
2.829852499,1200000,30
2.931746510,1200000,30.7692
3.033363697,1200000,30.7692
3.135050260,1200000,30
3.237097707,1200000,30.7692
3.339244166,1200000,32.5
3.441773645,1200000,30.7692
3.543497030,1200000,30
3.645477186,1200000,30.7692
3.747626249,1200000,30.7692
3.849872291,1200000,31.7073
3.951893384,1200000,30.7692
4.053761874,1200000,32.5
4.154843645,1200000,32.5
4.257246822,1200000,26.3158
4.359068905,1200000,32.5
4.461363540,1200000,30
4.563526040,1200000,32.5
4.664805676,1200000,30.7692
4.769020624,1200000,31.7073
4.870034061,1200000,32.5
4.972040415,1200000,30
5.074006665,1200000,32.5
5.175526353,1200000,30
5.277903071,1200000,30.7692
5.379955467,1200000,30.7692
5.481580207,1200000,30
5.583408384,1200000,30.7692
5.684990571,1200000,34.1463
5.786337602,1200000,34.1463
5.888116352,1200000,31.7073
5.989905154,1200000,30.7692
6.091311404,1200000,30.7692
6.193303019,1200000,30.7692
6.295523540,1200000,27.027
6.396982446,1200000,27.027
6.498680102,1200000,34.8837
6.601335258,1200000,30.7692
6.703349164,1200000,30
6.805403435,1200000,30.7692
6.907385362,1200000,27.027
7.009467029,1200000,28.2051
7.111408175,1200000,28.9474
7.213626977,1200000,30
7.314850779,1200000,30.7692
7.417156716,1200000,28.9474
7.518894581,1200000,34.1463
7.621624529,1200000,30
7.723852914,1200000,30.7692
7.828040727,1200000,31.7073
7.930745987,1200000,28.9474
8.038641976,1200000,34.8837
8.144008070,1200000,37.2093
8.251292028,1200000,40
8.356005049,1200000,33.3333
8.457442289,1200000,28.9474
8.559031455,1200000,30.7692
8.661029268,1200000,30.7692
8.762974685,1200000,31.7073
8.864946768,1200000,35.7143
8.967306299,1200000,27.027
9.068993591,1200000,31.7073
9.170572132,1200000,30.7692
9.272619841,1200000,34.1463
9.373996247,1200000,35.7143
9.475379736,1200000,32.5
9.577946820,1200000,30
9.679882184,1200000,30.7692
9.781586924,1200000,30.7692
9.883842601,1200000,30
9.985229476,1200000,28.9474
10.105236351,1200000,55.3191
10.212930674,1200000,55.814
10.320236767,1200000,57.5
10.422455569,1200000,56.0976
10.528255413,1200000,62.2222
10.630846403,1200000,56.4103
10.733254632,1200000,57.1429
10.837683850,1200000,57.5
10.940544736,1200000,55
11.050197809,1200000,57.1429
11.152756090,1200000,58.1395
11.255250413,1200000,57.5
11.358483746,1200000,56.0976
11.460916871,1200000,55.2632
11.563240048,1200000,57.5
11.665822340,1200000,56.0976
11.769931767,1200000,57.1429
11.872881715,1200000,61.3636
11.979953225,1200000,56.0976
12.082384319,1200000,57.5
12.185230569,1200000,58.1395
12.288800569,1200000,56.4103
12.390827704,1200000,55.2632
12.493252339,1200000,57.1429
12.596519110,1200000,57.5
12.699130933,1200000,57.1429
12.801225256,1200000,55.2632
12.903061818,1200000,56.0976
13.005988850,1200000,57.5
13.109203225,1200000,56.0976
13.212175620,1200000,56.4103
13.314894214,1200000,59.0909
13.418088277,1200000,56.4103
13.520700776,1200000,56.0976
13.623287026,1200000,59.5238
13.730005360,1200000,56.0976
13.834791037,1200000,59.5238
13.936526974,1200000,56.0976
14.039717860,1200000,56.4103
14.141564110,1200000,56.4103
14.243882130,1200000,58.1395
14.346272547,1200000,56.4103
14.449659318,1200000,55
14.552357964,1200000,57.5
14.654983953,1200000,59.0909
14.758130620,1200000,56.4103
14.860926557,1200000,53.8462
14.963320411,1200000,58.5366
15.065613172,1200000,55
15.168139943,1200000,56.4103
15.278576088,1200000,54.7619
15.380674578,1200000,53.8462
15.483164005,1200000,59.5238
15.585621765,1200000,56.0976
15.688497911,1200000,56.4103
15.791318067,1200000,55
15.893392963,1200000,57.5
15.995660151,1200000,53.8462
16.098975203,1200000,58.5366
16.201388796,1200000,53.8462
16.303431609,1200000,58.5366
16.406486452,1200000,56.0976
16.509825307,1200000,56.4103
16.612408171,1200000,56.0976
16.715055723,1200000,60.4651
16.819501609,1200000,53.8462
16.922087077,1200000,57.5
17.024847442,1200000,60
17.128244577,1200000,57.5
17.230905983,1200000,55
17.333301660,1200000,58.5366
17.439176660,1200000,57.5
17.541473848,1200000,53.8462
17.643281764,1200000,56.4103
17.745381452,1200000,57.5
17.848304316,1200000,55
17.951121921,1200000,55.2632
18.053199785,1200000,56.0976
18.155441035,1200000,56.4103
18.257937754,1200000,53.8462
18.361122650,1200000,56.4103
18.463356973,1200000,56.0976
18.565692806,1200000,55.2632
18.668058483,1200000,55.2632
18.770454108,1200000,55
18.873064056,1200000,58.5366
18.975676139,1200000,53.8462
19.078471087,1200000,56.4103
19.181414524,1200000,55
19.283456712,1200000,57.5
19.388587910,1200000,57.1429
19.491173430,1200000,56.4103
19.593475618,1200000,57.5
19.703475618,1200000,53.4884
19.806531816,1200000,56.4103
19.910027076,1200000,56.4103
20.013789941,1200000,59.0909
20.123807961,1200000,61.3636
20.226532441,1200000,56.4103
20.334528795,1200000,56.8182
20.437065461,1200000,55
20.539771190,1200000,57.5
20.642461190,1200000,56.0976
20.744692024,1200000,60.4651
20.848483690,1200000,57.1429
20.951077024,1200000,55.2632
21.053211399,1200000,56.0976
21.156183430,1200000,56.4103
21.259723482,1200000,56.0976
21.363279367,1200000,58.5366
21.465821086,1200000,56.0976
21.569398742,1200000,57.1429
21.672035773,1200000,56.4103
21.774837232,1200000,59.0909
21.877726242,1200000,56.4103
21.980553742,1200000,55
22.082974679,1200000,59.5238
22.185269107,1200000,55
22.287984627,1200000,55.2632
22.390596554,1200000,56.0976
22.493229471,1200000,59.5238
22.595546033,1200000,57.5
22.698518950,1200000,56.0976
22.801269940,1200000,56.4103
22.903249210,1200000,57.5
23.005826137,1200000,55
23.108490981,1200000,57.5
23.210621085,1200000,56.0976
23.313118169,1200000,59.5238
23.415481554,1200000,55
23.518523533,1200000,56.4103
23.621316398,1200000,55
23.723474106,1200000,57.5
23.826706710,1200000,55
23.929892804,1200000,57.5
24.032419522,1200000,56.0976
24.135649106,1200000,58.1395
24.238705772,1200000,56.4103
24.341785147,1200000,57.5
24.444501085,1200000,57.1429
24.548141189,1200000,56.0976
24.650572231,1200000,56.4103
24.753649835,1200000,58.1395
24.871091189,1200000,58.1395
24.980696033,1200000,60
25.082915043,1200000,59.5238
25.188066553,1200000,56.0976
25.296384678,1200000,58.1395
25.399730095,1200000,56.4103
25.503429105,1200000,58.1395
25.605994939,1200000,56.4103
25.708981293,1200000,57.5
25.813224418,1200000,57.1429
25.915965043,1200000,56.0976
26.019342438,1200000,57.5
26.121714053,1200000,55
26.224531813,1200000,58.5366
26.328089626,1200000,56.0976
26.431231501,1200000,55.2632
26.533697751,1200000,57.1429
26.637307438,1200000,56.4103
26.743915146,1200000,57.1429
26.846470459,1200000,56.4103
26.949367438,1200000,57.5
27.052797386,1200000,57.1429
27.155787073,1200000,56.0976
27.259160302,1200000,57.5
27.363341032,1200000,57.1429
27.466321761,1200000,56.4103
27.570225459,1200000,55
27.673587646,1200000,57.1429
27.777546656,1200000,57.5
27.881115146,1200000,55
27.985140927,1200000,59.0909
28.089048740,1200000,56.4103
28.193168792,1200000,58.1395
28.297715198,1200000,55
28.401630667,1200000,55
28.505796917,1200000,58.1395
28.609921135,1200000,57.5
28.713908114,1200000,59.0909
28.819884469,1200000,55
28.922482333,1200000,55
29.025328323,1200000,59.5238
29.129110823,1200000,56.0976
29.232268583,1200000,56.4103
29.335813479,1200000,58.1395
29.439187854,1200000,58.5366
29.542329729,1200000,55
29.645581604,1200000,58.1395
29.748981916,1200000,56.4103
29.851446083,1200000,56.0976
29.954206343,1200000,58.5366
30.057781708,1200000,55
30.160797072,1200000,57.5
30.263402645,1200000,57.1429
30.367628114,1200000,57.5
30.470654833,1200000,56.0976
30.579141239,1200000,54.7619
30.681126812,1200000,55
30.783607124,1200000,57.5
30.886406759,1200000,55
30.989539728,1200000,58.5366
31.092460822,1200000,56.0976
31.195148999,1200000,61.3636
31.298505613,1200000,55
31.401344468,1200000,55.2632
31.503589988,1200000,56.0976
31.606429415,1200000,56.4103
31.709562853,1200000,56.0976
31.812837957,1200000,59.5238
31.915136290,1200000,59.5238
32.018429311,1200000,55
32.120987019,1200000,55.2632
32.223598530,1200000,57.1429
32.326413530,1200000,56.4103
32.429671551,1200000,55
32.532379259,1200000,56.4103
32.636378373,1200000,57.1429
32.739389519,1200000,56.4103
32.842342957,1200000,55
32.944780613,1200000,60.4651
33.047793790,1200000,55
33.150745613,1200000,56.4103
33.253447071,1200000,57.1429
33.359505300,1200000,55
33.462213529,1200000,57.5
33.564879988,1200000,61.3636
33.667973008,1200000,55
33.770627644,1200000,57.5
33.873390352,1200000,57.1429
33.976604623,1200000,57.5
34.079740977,1200000,55
34.182036810,1200000,57.5
34.285206654,1200000,60.4651
34.390877227,1200000,56.0976
34.493549310,1200000,58.5366
34.596291289,1200000,56.4103
34.699128425,1200000,57.1429
34.806563685,1200000,60.4651
34.909648945,1200000,57.5
35.012056029,1200000,56.0976
35.114988164,1200000,59.5238
35.226238737,1200000,55.814
35.337306966,1200000,56.8182
35.440169154,1200000,56.4103
35.542550351,1200000,57.1429
35.645293789,1200000,59.5238
35.750109518,1200000,56.4103
35.853741862,1200000,58.1395
35.956943424,1200000,56.0976
36.060079049,1200000,57.5
36.163021705,1200000,58.1395
36.266085403,1200000,57.5
36.370546184,1200000,57.1429
36.473427278,1200000,59.5238
36.577115091,1200000,55
36.680220768,1200000,56.4103
36.783289570,1200000,58.1395
36.885777486,1200000,56.4103
36.988955507,1200000,57.1429
37.091224934,1200000,55.2632
37.193985715,1200000,58.1395
37.296285819,1200000,57.5
37.399476653,1200000,57.5
37.501949934,1200000,55
37.604714049,1200000,58.5366
37.707660507,1200000,53.8462
37.811193580,1200000,57.5
37.913910611,1200000,58.5366
38.016958475,1200000,55
38.120072173,1200000,57.5
38.222900819,1200000,58.1395
38.325909048,1200000,56.4103
38.430613319,1200000,58.1395
38.541346027,1200000,58.5366
38.657115819,1200000,60.4167
38.768101184,1200000,60
38.870859204,1200000,55
38.973637590,1200000,58.5366
39.076535402,1200000,58.5366
39.179908215,1200000,56.0976
39.291135923,1200000,56.8182
39.394399621,1200000,59.5238
39.498075871,1200000,55
39.605556339,1200000,58.5366
39.708339569,1200000,55
39.811059829,1200000,55.2632
39.913602329,1200000,57.1429
40.016475610,1200000,57.5
40.119145089,1200000,57.1429
40.221945558,1200000,56.4103
40.324157016,1200000,58.5366
40.426506547,1200000,55
40.528977589,1200000,57.5
40.631248006,1200000,56.4103
40.734259308,1200000,57.1429
40.837921287,1200000,56.4103
40.940788526,1200000,53.8462
41.042954828,1200000,59.5238
41.145370506,1200000,59.5238
41.248279776,1200000,55
41.350596651,1200000,56.4103
41.459489828,1200000,60
41.568862849,1200000,57.1429
41.672739672,1200000,59.0909
41.775501807,1200000,56.4103
41.878663682,1200000,55
41.981154307,1200000,55.2632
42.083327953,1200000,56.0976
42.187147536,1200000,57.5
42.290127536,1200000,55
42.394419724,1200000,58.5366
42.498174151,1200000,55
42.600968578,1200000,53.8462
42.704343005,1200000,58.5366
42.807492797,1200000,53.8462
42.910607901,1200000,56.4103
43.013170661,1200000,57.1429
43.116010765,1200000,57.5
43.219502536,1200000,57.1429
43.322367588,1200000,56.4103
43.425829880,1200000,57.1429
43.530124515,1200000,55
43.632800973,1200000,59.5238
43.735583682,1200000,56.0976
43.839919307,1200000,57.5
43.942505244,1200000,56.0976
44.045327536,1200000,59.5238
44.148508994,1200000,55
44.251648265,1200000,56.4103
44.354362796,1200000,57.1429
44.457422327,1200000,55.2632
44.559948785,1200000,56.4103
44.667130660,1200000,55.5556
44.797466858,1200000,60.7843
44.907563942,1200000,55
45.016676962,1200000,53.6585
45.130762223,1200000,59.0909
45.240468473,1200000,53.6585
45.350791494,1200000,56.0976
45.460171910,1200000,53.6585
45.570061077,1200000,58.1395
45.679627275,1200000,57.7778
45.795569202,1200000,61.2245
45.905757743,1200000,57.7778
46.015533472,1200000,59.5745
46.125198004,1200000,59.0909
46.234320764,1200000,56.8182
46.343404201,1200000,55
46.453024670,1200000,53.6585
46.562430608,1200000,56.0976
46.671767378,1200000,58.6957
46.781120608,1200000,56.0976
46.891749253,1200000,57.7778
47.005705295,1200000,60.8696
47.123036441,1200000,55.5556
47.231631805,1200000,56.0976
47.340303993,1200000,57.1429
47.455317066,1200000,60
47.564580191,1200000,59.0909
47.673911493,1200000,54.7619
47.782508888,1200000,53.8462
47.891193940,1200000,60
48.000274565,1200000,53.6585
48.109044930,1200000,60
48.218128940,1200000,58.1395
48.334618107,1200000,55.5556
48.443810138,1200000,56.0976
48.552568784,1200000,53.6585
48.661791180,1200000,58.1395
48.770476753,1200000,56.8182
48.879758836,1200000,56.0976
48.988514617,1200000,58.6957
49.097232117,1200000,57.1429
49.205842325,1200000,55.814
49.314947429,1200000,59.0909
49.423607638,1200000,56.0976
49.532413731,1200000,52.5
49.640988836,1200000,59.0909
49.749888263,1200000,54.7619
49.868918158,1200000,58.6957
49.977994981,1200000,57.7778
50.086602638,1200000,55
50.195967325,1200000,55.814
50.304952273,1200000,60
50.413739252,1200000,55.814
50.522751648,1200000,55
50.631929721,1200000,56.8182
50.741689564,1200000,60
50.855338731,1200000,60.4167
50.963966491,1200000,58.1395
51.078388314,1200000,52.381
51.185924877,1200000,56.0976
51.293810397,1200000,58.1395
51.402742064,1200000,54.7619
51.510971491,1200000,57.1429
51.619249564,1200000,57.1429
51.726954720,1200000,59.0909
51.835225918,1200000,56.8182
51.952614303,1200000,58.3333
52.061133001,1200000,57.1429
52.169456647,1200000,57.1429
52.278100137,1200000,57.7778
52.386729251,1200000,56.0976
52.495106491,1200000,56.8182
52.604129512,1200000,58.1395
52.713018105,1200000,55
52.822485605,1200000,54.7619
52.940756855,1200000,60
53.049078001,1200000,57.1429
53.157835136,1200000,59.0909
53.266024668,1200000,54.7619
53.374707324,1200000,59.0909
53.482692272,1200000,56.0976
53.591512532,1200000,55.814
53.700818313,1200000,57.1429
53.809335553,1200000,55.814
53.918055657,1200000,60
54.031489355,1200000,59.0909
54.140049094,1200000,55.814
54.249410917,1200000,60
54.358789094,1200000,59.5745
54.468164980,1200000,59.0909
54.577070761,1200000,54.7619
54.685504355,1200000,56.0976
54.794872219,1200000,58.6957
54.903452636,1200000,57.1429
55.015855761,1200000,58.1395
55.125359823,1200000,56.8182
55.235035865,1200000,58.6957
55.345423156,1200000,60.8696
55.454989875,1200000,59.5745
55.564600552,1200000,57.1429
55.673663104,1200000,53.6585
55.783159042,1200000,55
55.896277323,1200000,54.5455
56.005971542,1200000,57.1429
56.116095656,1200000,60.8696
56.225470812,1200000,56.8182
56.342871073,1200000,57.4468
56.451769771,1200000,57.1429
56.560176802,1200000,56.0976
56.668569562,1200000,57.7778
56.777707687,1200000,58.1395
56.886473572,1200000,53.6585
56.995244562,1200000,59.0909
57.104003624,1200000,58.1395
57.213137374,1200000,53.6585
57.323848416,1200000,57.7778
57.437682739,1200000,54.5455
57.545870812,1200000,56.0976
57.655844978,1200000,58.6957
57.765047010,1200000,59.0909
57.874005603,1200000,55.814
57.982731332,1200000,56.0976
58.091256280,1200000,57.1429
58.200044666,1200000,54.7619
58.309229614,1200000,58.6957
58.426466697,1200000,60.4167
58.535120343,1200000,57.7778
58.644132738,1200000,58.1395
58.753278155,1200000,53.6585
58.861846749,1200000,55
58.970215395,1200000,54.7619
59.079277999,1200000,60
59.188065447,1200000,57.7778
59.295975342,1200000,56.0976
59.404481124,1200000,58.6957
59.522224561,1200000,55.5556
59.630592426,1200000,58.1395
59.739205238,1200000,55.814
59.847661228,1200000,59.0909
59.955466696,1200000,54.7619
60.064302686,1200000,59.0909
60.172576748,1200000,52.5
60.280690238,1200000,58.1395
60.391365394,1200000,55.814
60.504390967,1200000,60
60.612493936,1200000,54.7619
60.721044717,1200000,60.8696
60.829759456,1200000,54.7619
60.939026279,1200000,58.6957
61.047259248,1200000,58.1395
61.155076644,1200000,56.8182
61.270084352,1200000,55.5556
61.378345654,1200000,58.6957
61.486369664,1200000,56.0976
61.609780029,1200000,54.3478
61.716254977,1200000,56.8182
61.852363414,1200000,57.8947
62.025520185,1200000,58.209
62.128302737,1200000,57.5
62.230100602,1200000,55
62.332007008,1200000,57.5
62.433839299,1200000,58.5366
62.535821383,1200000,55
62.639654299,1200000,56.0976
62.747239560,1200000,58.1395
62.854995862,1200000,57.1429
62.964358674,1200000,58.1395
63.072571903,1200000,52.5
63.181417997,1200000,60
63.290195028,1200000,54.7619
63.407386591,1200000,60.4167
63.521542320,1200000,56.8182
63.635578778,1200000,57.4468
63.749955914,1200000,55.814
63.864128466,1200000,58.3333
63.978467684,1200000,56.8182
64.107618934,1200000,67.3469
64.363670809,1200000,75.2475
64.469980861,1200000,80
64.579090809,1200000,79.5455
64.690643726,1200000,76.7442
64.802874976,1200000,83.3333
64.918919611,1200000,77.2727
65.055735757,1200000,77.3585
65.200085184,1200000,80.7018
65.350105548,1200000,71.9298
65.738665236,1200000,91.411
66.100048309,1200000,95.2381
66.453193985,1200000,86.7647
66.811279194,1200000,97.0149
67.073490964,1200000,80.198
67.175192214,1200000,30.7692
67.277292787,1200000,27.027
67.378725600,1200000,35.7143
67.480960808,1200000,28.9474
67.582982839,1200000,31.7073
67.684896537,1200000,34.1463
67.786131068,1200000,30.7692
67.889521693,1200000,34.1463
67.991694402,1200000,30
68.093718204,1200000,32.5
68.194890599,1200000,30.7692
68.297303516,1200000,28.2051
68.399172683,1200000,34.1463
68.501621485,1200000,28.9474
68.602909870,1200000,30.7692
68.704855130,1200000,34.8837
68.807610495,1200000,30.7692
68.909966797,1200000,30
69.020430599,1200000,39.1304
69.133782109,1200000,44.2308
69.241241172,1200000,37.2093
69.343925964,1200000,34.8837
69.445287838,1200000,30.7692
69.547511432,1200000,28.9474
69.649464922,1200000,30.7692
69.751231588,1200000,30
69.853433984,1200000,30.7692
69.955131172,1200000,32.5
70.057199349,1200000,28.2051
70.158742942,1200000,34.1463
70.260877526,1200000,30.7692
70.362407682,1200000,34.1463
70.463724869,1200000,34.8837
70.564990911,1200000,30.7692
70.666914921,1200000,28.9474
70.768655755,1200000,34.1463
70.872104973,1200000,30
70.974208463,1200000,34.1463
71.076535755,1200000,30.7692
71.179142994,1200000,33.3333
71.281249765,1200000,28.9474
71.383278931,1200000,30.7692
71.491112421,1200000,30.2326
71.592879556,1200000,30.7692
71.694171171,1200000,35.7143
71.795568671,1200000,30
71.897954817,1200000,32.5
72.000482681,1200000,32.5
72.103160494,1200000,36.3636
72.204988671,1200000,34.1463
72.306641900,1200000,30.7692
72.408598775,1200000,32.5
72.511059244,1200000,30
72.613072004,1200000,32.5
72.716203306,1200000,31.7073
72.819147525,1200000,34.1463
72.921549712,1200000,30.7692
73.023510077,1200000,28.2051
73.125286535,1200000,28.9474
73.227493931,1200000,28.9474
73.329254712,1200000,31.7073
73.431539035,1200000,30.7692
73.534173983,1200000,31.7073
73.636168410,1200000,30.7692
73.738028358,1200000,32.5
73.842567837,1200000,31.7073
73.944195285,1200000,33.3333
74.045613253,1200000,32.5
74.148317524,1200000,32.5
74.250132628,1200000,30.7692
74.351463410,1200000,30
74.453648253,1200000,27.027
74.555095909,1200000,28.9474
74.657206639,1200000,27.027
74.758901639,1200000,33.3333
74.861075805,1200000,30.7692
74.962919191,1200000,34.1463
75.064907680,1200000,31.7073
75.167614815,1200000,28.9474
75.269494451,1200000,32.5
75.373710128,1200000,33.3333
75.475299034,1200000,28.2051
75.577764659,1200000,30.7692
75.680035128,1200000,30.7692
75.781970805,1200000,31.7073
75.883756169,1200000,32.5
75.985268096,1200000,28.9474
76.088046951,1200000,31.7073
76.190004763,1200000,32.5
76.292315284,1200000,32.5
76.393795544,1200000,31.7073
76.495809138,1200000,30.7692
76.597720075,1200000,30.7692
76.699803565,1200000,28.9474
76.801487627,1200000,28.9474
76.903925075,1200000,33.3333
77.005538096,1200000,30.7692
77.108521794,1200000,30.7692
77.210215961,1200000,30.7692
77.311751013,1200000,31.7073
77.413690544,1200000,28.9474
77.515349346,1200000,28.9474
77.618110335,1200000,30
77.721295908,1200000,28.9474
77.823126950,1200000,30
77.924736741,1200000,37.2093
78.027218408,1200000,30.7692
78.129152523,1200000,34.1463
78.230917991,1200000,28.2051
78.332681481,1200000,32.5
78.433971845,1200000,35.7143
78.535575387,1200000,28.9474
78.637828095,1200000,30.7692
78.739362158,1200000,30
78.840929502,1200000,32.5
78.942509293,1200000,30.7692
79.044160960,1200000,34.1463
79.145802158,1200000,30.7692
79.247334033,1200000,28.2051
79.351215074,1200000,32.5
79.452868824,1200000,32.5
79.553947730,1200000,34.1463
79.659331272,1200000,33.3333
79.761297835,1200000,30.7692
79.864819814,1200000,33.3333
79.966941272,1200000,28.9474
80.070863876,1200000,30.7692
80.189615751,1200000,34.0426
80.290749084,1200000,27.027
80.392138824,1200000,34.1463
80.493270386,1200000,32.5
80.594754136,1200000,34.1463
80.696943563,1200000,32.5
80.798226428,1200000,32.5
80.899401897,1200000,30.7692
81.001359240,1200000,30
81.103293824,1200000,28.9474
81.204839032,1200000,30.7692
81.306382053,1200000,32.5
81.409906896,1200000,30
81.511491115,1200000,30.7692
81.612999240,1200000,30.7692
81.714432053,1200000,32.5
81.816201792,1200000,32.5
81.917852209,1200000,32.5
82.019996375,1200000,31.7073
82.121821479,1200000,35
82.223213511,1200000,30
82.324671740,1200000,34.1463
82.427022521,1200000,30.7692
82.528062990,1200000,34.1463
82.629966636,1200000,32.5
82.731771271,1200000,31.7073
82.834572833,1200000,32.5
82.937005021,1200000,30.7692
83.038998198,1200000,33.3333
83.141087312,1200000,30.7692
83.243730542,1200000,30
83.345595437,1200000,30.7692
83.447801323,1200000,32.5
83.549885802,1200000,30
83.651835854,1200000,30.7692
83.753439500,1200000,32.5
83.855247052,1200000,28.9474
83.957624812,1200000,28.2051
84.059415593,1200000,30.7692
84.161525906,1200000,30.7692
84.263745854,1200000,28.2051
84.365066114,1200000,32.5
84.467173093,1200000,30.7692
84.568279812,1200000,32.5
84.670995541,1200000,30
84.773122676,1200000,32.5
84.874914291,1200000,34.1463
84.977789239,1200000,30
85.079779655,1200000,28.9474
85.181648093,1200000,28.9474
85.284621426,1200000,33.3333
85.387645332,1200000,30
85.490506582,1200000,30.7692
85.593144655,1200000,31.7073
85.696192468,1200000,31.7073
85.798939968,1200000,34.1463
85.904699082,1200000,32.5581
86.008159343,1200000,30.7692
86.111188301,1200000,30
86.214364343,1200000,31.7073
86.317242936,1200000,31.7073
86.420239030,1200000,30.7692
86.523368301,1200000,34.8837
86.626004707,1200000,31.7073
86.734273092,1200000,29.2683
86.835621321,1200000,30
86.937593561,1200000,30.7692
87.039369967,1200000,30.7692
87.141776582,1200000,32.5
87.243397936,1200000,32.5
87.345434498,1200000,31.7073
87.447216686,1200000,30.7692
87.549525904,1200000,30.7692
87.651643092,1200000,30.7692
87.753627884,1200000,30
87.855594290,1200000,30.7692
87.958558509,1200000,33.3333
88.060953508,1200000,32.5
88.163313977,1200000,32.5
88.264929133,1200000,31.7073
88.367679654,1200000,30.7692
88.470476737,1200000,31.7073
88.571652467,1200000,32.5
88.673489862,1200000,30.7692
88.774959289,1200000,32.5
88.878421998,1200000,31.7073
88.981156216,1200000,30
89.084224133,1200000,32.5
89.186459133,1200000,33.3333
89.287656581,1200000,32.5
89.389558612,1200000,28.9474
89.491384914,1200000,30.7692
89.593396372,1200000,28.2051
89.695168716,1200000,30.7692
89.797914393,1200000,28.9474
89.900060747,1200000,30
90.001867622,1200000,30.7692
90.103674549,1200000,34.1463
90.205517883,1200000,30
90.307660799,1200000,28.9474
90.409509393,1200000,30.7692
90.511384497,1200000,30.7692
90.613748976,1200000,30
90.714964705,1200000,30.7692
90.817296789,1200000,30.7692
90.919156320,1200000,33.3333
91.020370747,1200000,34.1463
91.121919497,1200000,34.1463
91.223530122,1200000,32.5
91.324792309,1200000,34.1463
91.426355591,1200000,32.5
91.527913768,1200000,32.5
91.630380122,1200000,30
91.737350642,1200000,31.8182
91.841964288,1200000,30
91.943168090,1200000,30.7692
92.044632882,1200000,35.7143
92.147724444,1200000,28.9474
92.249788819,1200000,30
92.351479080,1200000,30.7692
92.453552517,1200000,30.7692
92.554931423,1200000,32.5
92.657424236,1200000,26.3158
92.759345850,1200000,32.5
92.861133767,1200000,28.9474
92.963584496,1200000,30
93.064914079,1200000,32.5
93.167190225,1200000,28.9474
93.269232777,1200000,34.1463
93.371253663,1200000,32.5
93.473032881,1200000,31.7073
93.574861423,1200000,35.7143
93.676363558,1200000,32.5
93.778558715,1200000,34.1463
93.880274756,1200000,31.7073
93.981470381,1200000,32.5
94.083259704,1200000,30.7692
94.185275798,1200000,30.7692
94.287821475,1200000,30
94.389924235,1200000,30.7692
94.491508819,1200000,30.7692
94.593313454,1200000,30.7692
94.694992881,1200000,30
94.796167412,1200000,32.5
94.899110850,1200000,32.5
95.000986110,1200000,28.9474
95.103343297,1200000,32.5
95.205129443,1200000,31.7073
95.307026422,1200000,28.9474
95.408528818,1200000,32.5
95.510919912,1200000,30.7692
95.612614860,1200000,31.7073
95.714265120,1200000,35.7143
95.816332360,1200000,30.7692
95.918339912,1200000,32.5
96.020358349,1200000,31.7073
96.121781162,1200000,30.7692
96.222935537,1200000,34.1463
96.323987047,1200000,31.5789
96.425252776,1200000,30.7692
96.527386786,1200000,30
96.628711682,1200000,34.1463
96.730363088,1200000,30.7692
96.831961161,1200000,34.1463
96.933598870,1200000,32.5
97.034993609,1200000,32.5
97.137207099,1200000,30.7692
97.238717620,1200000,34.1463
97.340995953,1200000,30.7692
97.442334859,1200000,34.1463
97.544012203,1200000,33.3333
97.645183713,1200000,30.7692
97.748614859,1200000,34.1463
97.850892828,1200000,32.5
97.952834651,1200000,31.7073
98.054940015,1200000,35.7143
98.157184859,1200000,28.9474
98.258536525,1200000,34.1463
98.360796734,1200000,30
98.462177619,1200000,32.5
98.564225067,1200000,32.5
98.665651369,1200000,30.7692
98.767382463,1200000,30
98.869343452,1200000,32.5
98.971284806,1200000,30.7692
99.073135275,1200000,30.7692
99.175008504,1200000,31.7073
99.278410796,1200000,35
99.383005952,1200000,31.7073
99.490704910,1200000,33.3333
99.599226994,1200000,34.8837
99.708105431,1200000,37.2093
99.811936681,1200000,30.7692
99.913274702,1200000,30
100.014830066,1200000,30.7692
100.116503348,1200000,32.5
100.217934129,1200000,32.5
100.319833035,1200000,30.7692
100.421353868,1200000,30.7692
100.523291733,1200000,30
100.625003243,1200000,32.5
100.726902410,1200000,28.9474
100.829231264,1200000,32.5
100.930732306,1200000,30.7692
101.032255743,1200000,33.3333
101.133429493,1200000,34.1463
101.235593712,1200000,30.7692
101.337709024,1200000,30.7692
101.439747410,1200000,30
101.541234232,1200000,28.9474
101.643495847,1200000,34.1463
101.744881524,1200000,32.5
101.847538503,1200000,28.9474
101.949175326,1200000,30
