time,freq,util
.081578489,1200000,34.375
.181970000,1200000,32.5
.282874062,1200000,30.7692
.383522343,1200000,30.7692
.485266510,1200000,30.7692
.586876197,1200000,33.3333
.688265624,1200000,32.5
.789473385,1200000,30.7692
.891172968,1200000,34.1463
.995785155,1200000,32.5
1.097441041,1200000,30
1.198836770,1200000,30.7692
1.300060780,1200000,32.5
1.401895259,1200000,30.7692
1.503276509,1200000,30.7692
1.605844582,1200000,26.3158
1.707779947,1200000,32.5
1.809549582,1200000,30.7692
1.910843801,1200000,32.5
2.012246770,1200000,34.8837
2.113249009,1200000,34.1463
2.214536561,1200000,30.7692
2.315850311,1200000,30.7692
2.417515155,1200000,32.5
2.519255884,1200000,30.7692
2.620689217,1200000,30.7692
2.721897863,1200000,32.5
2.823103749,1200000,31.7073
2.924850676,1200000,28.9474
3.026203696,1200000,32.5
3.127013696,1200000,30.7692
3.229181353,1200000,34.1463
3.330975623,1200000,32.5
3.432154738,1200000,35.7143
3.533868800,1200000,28.9474
3.636124269,1200000,30
3.737503957,1200000,28.9474
3.839273019,1200000,30.7692
3.940976040,1200000,31.7073
4.042473696,1200000,34.1463
4.144253019,1200000,32.5
4.246158331,1200000,32.5
4.348273383,1200000,28.2051
4.449745154,1200000,31.5789
4.551239008,1200000,30
4.652550154,1200000,34.1463
4.753851717,1200000,30.7692
4.855615467,1200000,28.9474
4.957278175,1200000,35.7143
5.064592706,1200000,27.5
5.166106508,1200000,32.5
5.268038331,1200000,30.7692
5.369457966,1200000,30.7692
5.470238175,1200000,30.7692
5.571643070,1200000,31.7073
5.673445622,1200000,32.5
5.774370102,1200000,30.7692
5.875821039,1200000,27.027
5.977818695,1200000,30.7692
6.082647497,1200000,31.7073
6.184424164,1200000,30.7692
6.286029737,1200000,32.5
6.387613226,1200000,30
6.489359476,1200000,28.9474
6.591037966,1200000,28.9474
6.692229372,1200000,35.7143
6.793370466,1200000,34.1463
6.895293434,1200000,28.2051
6.996853955,1200000,34.1463
7.098142289,1200000,30.7692
7.199799684,1200000,30.7692
7.301252028,1200000,32.5
7.404559424,1200000,31.7073
7.505730882,1200000,34.1463
7.608020049,1200000,28.9474
7.709557340,1200000,30
7.811060153,1200000,28.9474
7.912504267,1200000,35.7143
8.013204059,1200000,30.7692
8.114873278,1200000,28.9474
8.216304580,1200000,32.5
8.318598955,1200000,30
8.419572132,1200000,28.9474
8.521189840,1200000,32.5
8.623005100,1200000,34.8837
8.724485048,1200000,28.9474
8.826026455,1200000,32.5
8.928082236,1200000,30.7692
9.029489736,1200000,28.9474
9.131426038,1200000,30
9.232718486,1200000,35.7143
9.334072965,1200000,32.5
9.436013486,1200000,30.7692
9.538113538,1200000,32.5
9.639594683,1200000,30
9.741219631,1200000,32.5
9.843017079,1200000,32.5
9.944938329,1200000,28.9474
10.061054110,1200000,46.8085
10.168759735,1200000,57.5
10.278687392,1200000,59.0909
10.381042027,1200000,58.1395
10.490426454,1200000,53.8462
10.593068068,1200000,59.5238
10.695652391,1200000,53.8462
10.798290777,1200000,56.4103
10.901981089,1200000,60
11.011031714,1200000,57.1429
11.114289735,1200000,55
11.217680308,1200000,58.5366
11.320636454,1200000,55
11.423234735,1200000,60
11.526486193,1200000,57.5
11.629363589,1200000,55
11.731748953,1200000,57.5
11.839245256,1200000,56.0976
11.942294683,1200000,57.1429
12.044261714,1200000,55.2632
12.147299839,1200000,55
12.249223068,1200000,56.4103
12.351311037,1200000,57.1429
12.453745412,1200000,57.5
12.556428016,1200000,55
12.658474370,1200000,57.5
12.760448849,1200000,57.5
12.862915880,1200000,59.0909
12.965821297,1200000,56.4103
13.068114890,1200000,55
13.169912078,1200000,58.5366
13.271969161,1200000,57.1429
13.374146349,1200000,56.4103
13.476376036,1200000,53.8462
13.577830724,1200000,53.6585
13.679674213,1200000,53.8462
13.790436869,1200000,54.7619
13.892171088,1200000,58.5366
13.994773796,1200000,56.4103
14.098131192,1200000,56.0976
14.200522755,1200000,57.5
14.303365202,1200000,60
14.406873171,1200000,55
14.509287754,1200000,56.4103
14.611604161,1200000,57.5
14.713728171,1200000,53.8462
14.816018431,1200000,55.2632
14.918486661,1200000,55.2632
15.021087963,1200000,59.0909
15.123718327,1200000,57.5
15.226489317,1200000,56.4103
15.329183692,1200000,55
15.431620410,1200000,57.5
15.534741400,1200000,55
15.638344421,1200000,56.4103
15.740874264,1200000,56.0976
15.843730098,1200000,59.0909
15.946789733,1200000,56.4103
16.049190983,1200000,56.4103
16.151372650,1200000,57.1429
16.253607441,1200000,57.5
16.356609837,1200000,55
16.461218170,1200000,56.0976
16.563639212,1200000,57.5
16.666585358,1200000,55
16.769064629,1200000,56.4103
16.871312858,1200000,58.1395
16.974145670,1200000,56.4103
17.077424264,1200000,57.1429
17.179552285,1200000,56.4103
17.281660983,1200000,56.0976
17.387100253,1200000,58.5366
17.492858222,1200000,59.0909
17.596876972,1200000,55
17.700815462,1200000,55
17.803686503,1200000,58.5366
17.906494680,1200000,55.2632
18.008657701,1200000,55
18.110572753,1200000,57.5
18.212880514,1200000,58.1395
18.314671034,1200000,56.4103
18.417141503,1200000,57.5
18.519091763,1200000,56.4103
18.620846086,1200000,56.0976
18.723202128,1200000,61.3636
18.825547024,1200000,53.8462
18.927966399,1200000,56.4103
19.030197440,1200000,56.4103
19.132982701,1200000,58.1395
19.235314576,1200000,56.4103
19.337931346,1200000,53.8462
19.443832648,1200000,58.1395
19.546321555,1200000,56.4103
19.648996294,1200000,55
19.751181294,1200000,60.4651
19.853550513,1200000,58.5366
19.955789315,1200000,53.8462
20.058442700,1200000,56.4103
20.160718221,1200000,59.5238
20.263482284,1200000,61.3636
20.366019002,1200000,55
20.468699367,1200000,56.4103
20.570642700,1200000,57.1429
20.673219783,1200000,59.5238
20.775941971,1200000,56.4103
20.878180148,1200000,53.8462
20.980721658,1200000,58.5366
21.082772283,1200000,60.4651
21.185406502,1200000,53.8462
21.287429471,1200000,58.5366
21.389450096,1200000,56.4103
21.491665356,1200000,56.0976
21.595468064,1200000,57.5
21.698994835,1200000,55
21.802332075,1200000,58.1395
21.905867283,1200000,55
22.009770564,1200000,55.2632
22.113801606,1200000,57.1429
22.216818429,1200000,55
22.319941710,1200000,55.2632
22.423760616,1200000,57.1429
22.526085981,1200000,56.4103
22.628383845,1200000,55
22.730829210,1200000,57.5
22.833845668,1200000,56.0976
22.936514574,1200000,56.4103
23.039144210,1200000,53.8462
23.141630668,1200000,58.5366
23.244461137,1200000,53.8462
23.347495355,1200000,57.5
23.450101866,1200000,55
23.553731084,1200000,60.4651
23.656609991,1200000,55
23.758884886,1200000,56.4103
23.861582803,1200000,57.1429
23.967726136,1200000,55
24.071234522,1200000,59.5238
24.173725824,1200000,55
24.276593845,1200000,56.4103
24.379162334,1200000,53.8462
24.483175147,1200000,60.4651
24.586273324,1200000,55
24.701376084,1200000,58.6957
24.817102073,1200000,59.5745
24.919596344,1200000,55.2632
25.022535823,1200000,55
25.128854886,1200000,57.5
25.230855094,1200000,57.5
25.333553532,1200000,60
25.436937802,1200000,56.4103
25.539982698,1200000,53.8462
25.642892177,1200000,58.5366
25.745906136,1200000,55
25.848359365,1200000,55.2632
25.950654573,1200000,56.0976
26.053264573,1200000,59.5238
26.156109521,1200000,56.0976
26.258510458,1200000,57.5
26.361108896,1200000,61.3636
26.464249052,1200000,55
26.567680042,1200000,57.1429
26.677648531,1200000,57.1429
26.779406656,1200000,56.4103
26.881286239,1200000,56.0976
26.984753166,1200000,59.5238
27.087352854,1200000,57.5
27.189896239,1200000,55
27.291666135,1200000,57.5
27.393667072,1200000,57.5
27.496431760,1200000,56.0976
27.598744989,1200000,56.4103
27.701331031,1200000,59.0909
27.803846447,1200000,57.5
27.906524885,1200000,56.0976
28.009151083,1200000,56.4103
28.111855353,1200000,57.1429
28.215182958,1200000,56.4103
28.317877801,1200000,55
28.421461864,1200000,59.5238
28.524356603,1200000,56.4103
28.627429520,1200000,57.1429
28.730321707,1200000,56.4103
28.833202905,1200000,59.0909
28.935957645,1200000,56.4103
29.038566811,1200000,55
29.141518843,1200000,58.5366
29.244388738,1200000,55
29.347353582,1200000,59.5238
29.450084207,1200000,55
29.552665197,1200000,58.5366
29.654934155,1200000,56.4103
29.758104832,1200000,56.0976
29.860895301,1200000,57.5
29.964973894,1200000,57.1429
30.068136238,1200000,57.5
30.171076863,1200000,59.0909
30.273630196,1200000,57.5
30.376013217,1200000,52.6316
30.478814988,1200000,57.5
30.581724623,1200000,60.4651
30.684526498,1200000,55
30.786809988,1200000,57.5
30.889014832,1200000,55.2632
30.991567071,1200000,57.1429
31.093883321,1200000,57.5
31.196502227,1200000,55
31.298725300,1200000,57.5
31.401352175,1200000,60.4651
31.503720092,1200000,55
31.605740352,1200000,55.2632
31.707740717,1200000,55.2632
31.809529050,1200000,53.8462
31.911448060,1200000,57.5
32.013926914,1200000,56.4103
32.116477175,1200000,55
32.218582227,1200000,57.5
32.321281394,1200000,60.4651
32.423872956,1200000,56.0976
32.526813737,1200000,57.5
32.629030248,1200000,53.8462
32.731547487,1200000,57.5
32.834080612,1200000,55
32.938889466,1200000,57.5
33.041450872,1200000,58.1395
33.144019362,1200000,56.4103
33.246642383,1200000,56.0976
33.348771237,1200000,56.4103
33.451203581,1200000,58.1395
33.553729883,1200000,56.4103
33.655797278,1200000,54.0541
33.758434830,1200000,55
33.860942695,1200000,58.5366
33.963548632,1200000,58.1395
34.066043580,1200000,56.4103
34.170890716,1200000,56.0976
34.276655820,1200000,59.5238
34.378629153,1200000,57.5
34.483351549,1200000,59.0909
34.584955403,1200000,55.2632
34.694923372,1200000,57.7778
34.798042486,1200000,57.5
34.900255924,1200000,55
35.002619518,1200000,59.5238
35.113013997,1200000,55.814
35.216805820,1200000,55
35.322632122,1200000,60.4651
35.424400976,1200000,57.5
35.526938736,1200000,56.0976
35.629094934,1200000,55.2632
35.731457746,1200000,58.1395
35.833880038,1200000,57.5
35.938149048,1200000,53.8462
36.039861132,1200000,57.5
36.141888163,1200000,57.1429
36.244013319,1200000,56.4103
36.348969986,1200000,58.1395
36.451304361,1200000,60.4651
36.553705871,1200000,55
36.656087173,1200000,56.4103
36.758587850,1200000,57.1429
36.860679361,1200000,58.5366
36.962708371,1200000,58.1395
37.065293163,1200000,56.4103
37.167274777,1200000,57.1429
37.268881860,1200000,58.5366
37.371137537,1200000,59.5238
37.473828996,1200000,56.0976
37.576509204,1200000,56.4103
37.678854725,1200000,55
37.781053266,1200000,59.5238
37.883599048,1200000,56.0976
37.986011756,1200000,56.4103
38.088684256,1200000,55
38.190735610,1200000,59.5238
38.293288683,1200000,59.0909
38.395355141,1200000,55.2632
38.498038891,1200000,55
38.600047433,1200000,57.5
38.701661131,1200000,57.5
38.804035922,1200000,55
38.906810037,1200000,57.5
39.008887328,1200000,56.0976
39.111016703,1200000,56.4103
39.213827641,1200000,58.1395
39.316378422,1200000,56.4103
39.419268787,1200000,55
39.521109412,1200000,57.5
39.631680922,1200000,56.8182
39.733253787,1200000,57.5
39.834677537,1200000,56.0976
39.936413474,1200000,57.5
40.039401443,1200000,55
40.140451911,1200000,56.4103
40.242462172,1200000,59.5238
40.343975297,1200000,55
40.448033890,1200000,57.5
40.549869255,1200000,56.0976
40.651249203,1200000,57.5
40.752956911,1200000,58.5366
40.854888786,1200000,54.7619
40.957231651,1200000,58.5366
41.058839880,1200000,57.5
41.160295036,1200000,56.0976
41.262253526,1200000,59.5238
41.363808578,1200000,55
41.470616598,1200000,56.4103
41.572791182,1200000,58.1395
41.683383265,1200000,56.8182
41.785672223,1200000,55.2632
41.888056494,1200000,56.4103
41.991359619,1200000,59.0909
42.093849306,1200000,56.4103
42.196666859,1200000,55
42.298842952,1200000,56.4103
42.401936129,1200000,58.1395
42.504461442,1200000,56.4103
42.607190296,1200000,58.5366
42.709443056,1200000,55
42.812016910,1200000,57.5
42.914728317,1200000,56.0976
43.017679514,1200000,56.4103
43.120483994,1200000,55
43.223319827,1200000,59.5238
43.326230712,1200000,55
43.428956389,1200000,57.5
43.532226754,1200000,58.5366
43.634818629,1200000,56.0976
43.737455764,1200000,58.5366
43.839469931,1200000,56.4103
43.941452639,1200000,57.1429
44.043926129,1200000,56.4103
44.146232847,1200000,55
44.249761754,1200000,55.2632
44.352689722,1200000,57.1429
44.456862535,1200000,57.5
44.559649878,1200000,53.8462
44.662238680,1200000,58.5366
44.786003160,1200000,57.4468
44.897993107,1200000,55.814
45.008931805,1200000,57.7778
45.118365347,1200000,56.0976
45.231373420,1200000,58.1395
45.340211857,1200000,54.7619
45.449791076,1200000,60
45.559798055,1200000,56.8182
45.668780972,1200000,55.814
45.779968836,1200000,58.6957
45.893684461,1200000,57.1429
46.008974409,1200000,56.5217
46.118585399,1200000,53.6585
46.227394774,1200000,59.0909
46.336450503,1200000,57.7778
46.446204669,1200000,57.1429
46.554924617,1200000,56.0976
46.664109409,1200000,55.814
46.772823732,1200000,58.1395
46.881842221,1200000,54.7619
46.990994825,1200000,56.0976
47.103496857,1200000,60.8696
47.217446180,1200000,56.8182
47.325744409,1200000,58.1395
47.433235607,1200000,57.1429
47.548791388,1200000,55.814
47.657417534,1200000,55.814
47.765532065,1200000,58.1395
47.873466283,1200000,57.1429
47.983049565,1200000,58.6957
48.090888002,1200000,55
48.199241960,1200000,59.0909
48.307648627,1200000,55.814
48.420913523,1200000,54.7619
48.529657689,1200000,59.0909
48.638231648,1200000,54.7619
48.745656023,1200000,60
48.853463575,1200000,55.814
48.961001856,1200000,56.0976
49.069708418,1200000,55.814
49.177501335,1200000,58.1395
49.284835085,1200000,58.1395
49.392840085,1200000,56.8182
49.502224252,1200000,58.1395
49.609785137,1200000,55
49.718202429,1200000,55.814
49.826266179,1200000,60
49.933595553,1200000,54.7619
50.046344928,1200000,56.0976
50.153169095,1200000,57.1429
50.260632272,1200000,53.6585
50.368783782,1200000,58.1395
50.476372897,1200000,57.1429
50.583917689,1200000,54.7619
50.691943574,1200000,58.1395
50.800035605,1200000,56.0976
50.908437793,1200000,55.814
51.026676751,1200000,54.5455
51.133947636,1200000,54.7619
51.241395397,1200000,57.1429
51.349438782,1200000,56.0976
51.457807115,1200000,55.814
51.565691230,1200000,59.0909
51.673237011,1200000,57.1429
51.780558522,1200000,52.5
51.888524771,1200000,58.1395
51.995986855,1200000,58.1395
52.119155709,1200000,53.1915
52.227595240,1200000,57.7778
52.336299146,1200000,60
52.446326959,1200000,53.6585
52.554635396,1200000,56.0976
52.662579875,1200000,57.1429
52.770931073,1200000,54.7619
52.878860032,1200000,55
52.987114927,1200000,58.1395
53.101820292,1200000,58.6957
53.210193156,1200000,53.6585
53.318701333,1200000,57.1429
53.427020760,1200000,58.6957
53.535940604,1200000,57.1429
53.644824667,1200000,53.6585
53.753489979,1200000,58.1395
53.862949406,1200000,56.8182
53.973383677,1200000,59.0909
54.086028416,1200000,58.1395
54.193795552,1200000,54.7619
54.302374354,1200000,59.0909
54.410837791,1200000,53.8462
54.519838573,1200000,56.8182
54.628417375,1200000,56.0976
54.736619614,1200000,56.8182
54.844873729,1200000,56.0976
54.953464093,1200000,58.1395
55.070099874,1200000,55.5556
55.179616854,1200000,59.0909
55.288669666,1200000,55.814
55.398041906,1200000,59.0909
55.507678937,1200000,58.6957
55.616901489,1200000,60.8696
55.726106437,1200000,56.8182
55.834858155,1200000,55
55.944051437,1200000,55.814
56.058447270,1200000,57.7778
56.168142270,1200000,56.8182
56.277774041,1200000,60.8696
56.393801072,1200000,58.3333
56.502036280,1200000,59.0909
56.610730395,1200000,54.7619
56.719450707,1200000,60
56.827772322,1200000,57.1429
56.939025655,1200000,57.7778
57.048002217,1200000,56.8182
57.156443728,1200000,59.0909
57.265298311,1200000,54.7619
57.380291801,1200000,60
57.489182634,1200000,56.8182
57.598433884,1200000,57.1429
57.707041071,1200000,57.7778
57.815554300,1200000,58.1395
57.924091436,1200000,55.814
58.032802998,1200000,59.0909
58.141181488,1200000,55
58.249798519,1200000,56.8182
58.363147009,1200000,61.7021
58.474240081,1200000,56.8182
58.582814613,1200000,58.1395
58.690989561,1200000,55.814
58.799043363,1200000,56.0976
58.907319613,1200000,58.1395
59.016235602,1200000,57.7778
59.124740081,1200000,56.0976
59.232891279,1200000,57.1429
59.345376227,1200000,56.0976
59.453602008,1200000,56.8182
59.562685394,1200000,59.0909
59.670944091,1200000,54.7619
59.779788623,1200000,58.1395
59.888891018,1200000,55.814
59.998953102,1200000,56.0976
60.108321539,1200000,55.814
60.216852112,1200000,60
60.329122633,1200000,61.7021
60.437835654,1200000,53.6585
60.546405133,1200000,57.7778
60.654746747,1200000,57.1429
60.762514664,1200000,58.1395
60.870687164,1200000,52.5
60.985567164,1200000,60.4167
61.100123466,1200000,54.5455
61.208525653,1200000,55.814
61.316721174,1200000,58.1395
61.435839872,1200000,59.5745
61.542795184,1200000,58.1395
61.738824299,1200000,56.4103
61.862007476,1200000,51.1111
61.964337945,1200000,51.2821
62.066933413,1200000,55
62.169032268,1200000,55.2632
62.270927840,1200000,57.1429
62.373237892,1200000,60.4651
62.476306017,1200000,55
62.584099351,1200000,58.1395
62.691502528,1200000,57.1429
62.799298517,1200000,55.814
62.907287736,1200000,57.1429
63.015601121,1200000,58.1395
63.133805653,1200000,55.3191
63.248642892,1200000,56.8182
63.362231798,1200000,58.3333
63.476543048,1200000,56.8182
63.590836069,1200000,57.7778
63.704377475,1200000,54.7619
63.818591850,1200000,54.7619
64.050114715,1200000,76.4706
64.197972631,1200000,71.1111
64.307365704,1200000,80.9524
64.416508777,1200000,79.5455
64.555459871,1200000,72.2222
64.668553725,1200000,79.0698
64.792858308,1200000,77.7778
64.937446433,1200000,80
65.081352371,1200000,81.0345
65.226150339,1200000,74.0741
65.726921954,1200000,93.3014
66.030516068,1200000,87.7193
66.417915651,1200000,93.5484
