     0.200285833,9615646,,instructions,800706566,100.00,,
     0.200285833,43253,,cache-misses,800726774,100.00,,
     0.400869947,8553103,,instructions,801576279,100.00,,
     0.400869947,13960,,cache-misses,801535679,100.00,,
     0.601128801,8493612,,instructions,801401200,100.00,,
     0.601128801,11367,,cache-misses,801370523,100.00,,
     0.801411353,9173339,,instructions,801322020,100.00,,
     0.801411353,24981,,cache-misses,801308635,100.00,,
     1.001749114,8429252,,instructions,801336231,100.00,,
     1.001749114,10032,,cache-misses,801318283,100.00,,
     1.202000937,8345971,,instructions,801283735,100.00,,
     1.202000937,8802,,cache-misses,801267059,100.00,,
     1.402246770,8405568,,instructions,801240211,100.00,,
     1.402246770,9603,,cache-misses,801226579,100.00,,
     1.602491926,8389227,,instructions,801208108,100.00,,
     1.602491926,9554,,cache-misses,801195731,100.00,,
     1.802739218,8516824,,instructions,801181952,100.00,,
     1.802739218,11504,,cache-misses,801172074,100.00,,
     2.002991145,8392808,,instructions,801165757,100.00,,
     2.002991145,10102,,cache-misses,801156216,100.00,,
     2.203273645,9241343,,instructions,801157644,100.00,,
     2.203273645,22737,,cache-misses,801152540,100.00,,
     2.403615780,8327921,,instructions,801178735,100.00,,
     2.403615780,12107,,cache-misses,801171491,100.00,,
     2.603868801,8372834,,instructions,801166036,100.00,,
     2.603868801,9742,,cache-misses,801159040,100.00,,
     2.804116353,8420666,,instructions,801153964,100.00,,
     2.804116353,11404,,cache-misses,801147197,100.00,,
     3.004368436,8435450,,instructions,801143853,100.00,,
     3.004368436,11975,,cache-misses,801137894,100.00,,
     3.204649165,8685216,,instructions,801141145,100.00,,
     3.204649165,16850,,cache-misses,801136642,100.00,,
     3.404933019,8352736,,instructions,801142499,100.00,,
     3.404933019,11028,,cache-misses,801137070,100.00,,
     3.605184425,8301059,,instructions,801135291,100.00,,
     3.605184425,9107,,cache-misses,801129791,100.00,,
     3.805460988,9131153,,instructions,801131096,100.00,,
     3.805460988,24518,,cache-misses,801128250,100.00,,
     4.005799061,8437340,,instructions,801143645,100.00,,
     4.005799061,11262,,cache-misses,801139398,100.00,,
     4.206079217,8374569,,instructions,801141376,100.00,,
     4.206079217,18722,,cache-misses,801138501,100.00,,
     4.406398331,8598661,,instructions,801148766,100.00,,
     4.406398331,12854,,cache-misses,801144955,100.00,,
     4.606661664,8306445,,instructions,801145204,100.00,,
     4.606661664,9776,,cache-misses,801141073,100.00,,
     4.806911196,8305063,,instructions,801139138,100.00,,
     4.806911196,9266,,cache-misses,801135008,100.00,,
     5.007156821,8436101,,instructions,801132844,100.00,,
     5.007156821,11989,,cache-misses,801129021,100.00,,
     5.207489425,9348503,,instructions,801138199,100.00,,
     5.207489425,27813,,cache-misses,801136380,100.00,,
     5.407839997,8487197,,instructions,801149390,100.00,,
     5.407839997,14981,,cache-misses,801146424,100.00,,
     5.608104477,8333397,,instructions,801146810,100.00,,
     5.608104477,10053,,cache-misses,801143408,100.00,,
     5.808350258,8319560,,instructions,801141268,100.00,,
     5.808350258,9663,,cache-misses,801137901,100.00,,
     6.008596872,8482867,,instructions,801135997,100.00,,
     6.008596872,12474,,cache-misses,801132832,100.00,,
     6.208854633,8335572,,instructions,801132636,100.00,,
     6.208854633,10336,,cache-misses,801129562,100.00,,
     6.409105049,8522789,,instructions,801128588,100.00,,
     6.409105049,11216,,cache-misses,801125567,100.00,,
     6.609357237,8363696,,instructions,801124641,100.00,,
     6.609357237,11214,,cache-misses,801121929,100.00,,
     6.809640778,9092723,,instructions,801123803,100.00,,
     6.809640778,24266,,cache-misses,801122231,100.00,,
     7.009973226,8403863,,instructions,801130856,100.00,,
     7.009973226,11484,,cache-misses,801128243,100.00,,
     7.210228018,8324857,,instructions,801127878,100.00,,
     7.210228018,10334,,cache-misses,801125194,100.00,,
     7.410475570,8305774,,instructions,801124281,100.00,,
     7.410475570,9805,,cache-misses,801121638,100.00,,
     7.610764788,8334106,,instructions,801125103,100.00,,
     7.610764788,9847,,cache-misses,801122546,100.00,,
     7.811010778,8290445,,instructions,801121552,100.00,,
     7.811010778,9208,,cache-misses,801119020,100.00,,
     8.011255830,8467055,,instructions,801117951,100.00,,
     8.011255830,11441,,cache-misses,801115531,100.00,,
     8.211550569,9219278,,instructions,801117743,100.00,,
     8.211550569,26275,,cache-misses,801116714,100.00,,
     8.411901871,8400600,,instructions,801125969,100.00,,
     8.411901871,11156,,cache-misses,801123855,100.00,,
     8.612157340,8578846,,instructions,801123706,100.00,,
     8.612157340,12285,,cache-misses,801121508,100.00,,
     8.812410465,8359172,,instructions,801121309,100.00,,
     8.812410465,9706,,cache-misses,801119074,100.00,,
     9.012659527,8415097,,instructions,801118380,100.00,,
     9.012659527,10628,,cache-misses,801116286,100.00,,
     9.212929840,8165399,,instructions,801116836,100.00,,
     9.212929840,20022,,cache-misses,801115480,100.00,,
     9.413240673,8374055,,instructions,801120333,100.00,,
     9.413240673,10231,,cache-misses,801118306,100.00,,
     9.613491090,8340419,,instructions,801117842,100.00,,
     9.613491090,9095,,cache-misses,801115853,100.00,,
     9.813767183,9110987,,instructions,801116569,100.00,,
     9.813767183,23466,,cache-misses,801115501,100.00,,
    10.014150985,68055667,,instructions,801124344,100.00,,
    10.014150985,155599,,cache-misses,801123721,100.00,,
    10.214610933,278343984,,instructions,801138786,100.00,,
    10.214610933,29495,,cache-misses,801137872,100.00,,
    10.414967704,277914473,,instructions,801145077,100.00,,
    10.414967704,14597,,cache-misses,801143485,100.00,,
    10.615263068,278098830,,instructions,801145236,100.00,,
    10.615263068,20662,,cache-misses,801144178,100.00,,
    10.815598016,277849097,,instructions,801149655,100.00,,
    10.815598016,13127,,cache-misses,801147964,100.00,,
    11.015854370,277725870,,instructions,801147503,100.00,,
    11.015854370,12147,,cache-misses,801145707,100.00,,
    11.216140464,278349242,,instructions,801146641,100.00,,
    11.216140464,26472,,cache-misses,801145650,100.00,,
    11.416475412,277830029,,instructions,801150807,100.00,,
    11.416475412,13197,,cache-misses,801149142,100.00,,
    11.616752287,278157002,,instructions,801149399,100.00,,
    11.616752287,21368,,cache-misses,801148351,100.00,,
    11.817095099,277914502,,instructions,801153720,100.00,,
    11.817095099,12891,,cache-misses,801152150,100.00,,
    12.017351557,277680416,,instructions,801151689,100.00,,
    12.017351557,11626,,cache-misses,801150041,100.00,,
    12.217603484,277639346,,instructions,801149145,100.00,,
    12.217603484,14322,,cache-misses,801147710,100.00,,
    12.417865099,277718346,,instructions,801147720,100.00,,
    12.417865099,12736,,cache-misses,801146128,100.00,,
    12.618116453,277690480,,instructions,801145367,100.00,,
    12.618116453,12382,,cache-misses,801143831,100.00,,
    12.818398432,278400507,,instructions,801144418,100.00,,
    12.818398432,25438,,cache-misses,801143544,100.00,,
    13.018731505,277875911,,instructions,801147943,100.00,,
    13.018731505,12526,,cache-misses,801146538,100.00,,
    13.218995307,277765363,,instructions,801146375,100.00,,
    13.218995307,15821,,cache-misses,801145131,100.00,,
    13.419316401,282842026,,instructions,801147650,100.00,,
    13.419316401,52368,,cache-misses,801147059,100.00,,
    13.619667963,277876924,,instructions,801152316,100.00,,
    13.619667963,13913,,cache-misses,801151028,100.00,,
    13.819920932,277761832,,instructions,801150502,100.00,,
    13.819920932,12551,,cache-misses,801149038,100.00,,
    14.020166453,277724800,,instructions,801148080,100.00,,
    14.020166453,12876,,cache-misses,801146655,100.00,,
    14.220507390,278415581,,instructions,801149602,100.00,,
    14.220507390,33390,,cache-misses,801149618,100.00,,
    14.420841400,277948589,,instructions,801153536,100.00,,
    14.420841400,14426,,cache-misses,801152273,100.00,,
    14.621153015,277826021,,instructions,801154907,100.00,,
    14.621153015,12466,,cache-misses,801153588,100.00,,
    14.821406192,277685858,,instructions,801152931,100.00,,
    14.821406192,14014,,cache-misses,801151637,100.00,,
    15.021659369,277704435,,instructions,801151185,100.00,,
    15.021659369,11253,,cache-misses,801149834,100.00,,
    15.221959160,277986091,,instructions,801151338,100.00,,
    15.221959160,17525,,cache-misses,801150414,100.00,,
    15.422259837,277772216,,instructions,801152195,100.00,,
    15.422259837,13532,,cache-misses,801151095,100.00,,
    15.622514785,277783115,,instructions,801150736,100.00,,
    15.622514785,12848,,cache-misses,801149466,100.00,,
    15.822802546,278665555,,instructions,801149877,100.00,,
    15.822802546,27526,,cache-misses,801149339,100.00,,
    16.023147962,277927022,,instructions,801153585,100.00,,
    16.023147962,12108,,cache-misses,801152374,100.00,,
    16.223399629,277716583,,instructions,801151781,100.00,,
    16.223399629,12250,,cache-misses,801150593,100.00,,
    16.423655306,277820461,,instructions,801150125,100.00,,
    16.423655306,15514,,cache-misses,801149011,100.00,,
    16.623918431,277757013,,instructions,801149071,100.00,,
    16.623918431,12078,,cache-misses,801147868,100.00,,
    16.824173743,277763595,,instructions,801147384,100.00,,
    16.824173743,12953,,cache-misses,801146285,100.00,,
    17.024429733,277821103,,instructions,801146034,100.00,,
    17.024429733,11848,,cache-misses,801144890,100.00,,
    17.224718587,283363665,,instructions,801145673,100.00,,
    17.224718587,62019,,cache-misses,801144977,100.00,,
    17.425066555,277888162,,instructions,801148816,100.00,,
    17.425066555,14341,,cache-misses,801147840,100.00,,
    17.625343014,277911329,,instructions,801148180,100.00,,
    17.625343014,15236,,cache-misses,801147324,100.00,,
    17.825650930,283059525,,instructions,801148968,100.00,,
    17.825650930,101634,,cache-misses,801148296,100.00,,
    18.025984420,277915431,,instructions,801151432,100.00,,
    18.025984420,13264,,cache-misses,801150400,100.00,,
    18.226244211,277885114,,instructions,801150223,100.00,,
    18.226244211,13546,,cache-misses,801149183,100.00,,
    18.426504628,277776647,,instructions,801149027,100.00,,
    18.426504628,13850,,cache-misses,801148016,100.00,,
    18.626761086,277871351,,instructions,801147747,100.00,,
    18.626761086,12734,,cache-misses,801146703,100.00,,
    18.827047232,278521073,,instructions,801147164,100.00,,
    18.827047232,26127,,cache-misses,801146612,100.00,,
    19.027383951,277946361,,instructions,801149735,100.00,,
    19.027383951,13578,,cache-misses,801148765,100.00,,
    19.227663534,277709025,,instructions,801149154,100.00,,
    19.227663534,19225,,cache-misses,801148417,100.00,,
    19.427967961,277870632,,instructions,801150044,100.00,,
    19.427967961,14084,,cache-misses,801149148,100.00,,
    19.628223846,277796072,,instructions,801148876,100.00,,
    19.628223846,12343,,cache-misses,801147890,100.00,,
    19.828469940,277787171,,instructions,801147287,100.00,,
    19.828469940,11154,,cache-misses,801146260,100.00,,
    20.028716919,277800931,,instructions,801145677,100.00,,
    20.028716919,12354,,cache-misses,801144680,100.00,,
    20.229038169,278578919,,instructions,801146362,100.00,,
    20.229038169,28729,,cache-misses,801145926,100.00,,
    20.429389992,277908005,,instructions,801149409,100.00,,
    20.429389992,14044,,cache-misses,801148585,100.00,,
    20.629654419,277747657,,instructions,801148592,100.00,,
    20.629654419,14681,,cache-misses,801147721,100.00,,
    20.829918742,277736640,,instructions,801147786,100.00,,
    20.829918742,12423,,cache-misses,801146837,100.00,,
    21.030167335,277709618,,instructions,801146354,100.00,,
    21.030167335,12355,,cache-misses,801145420,100.00,,
    21.230453689,277700204,,instructions,801145073,100.00,,
    21.230453689,12776,,cache-misses,801144798,100.00,,
    21.430705200,277808651,,instructions,801145038,100.00,,
    21.430705200,12021,,cache-misses,801144107,100.00,,
    21.631008481,277720323,,instructions,801145553,100.00,,
    21.631008481,12550,,cache-misses,801144744,100.00,,
    21.831281502,278501917,,instructions,801144843,100.00,,
    21.831281502,26392,,cache-misses,801144240,100.00,,
    22.031597283,277787331,,instructions,801146244,100.00,,
    22.031597283,11844,,cache-misses,801145349,100.00,,
    22.231844054,277711401,,instructions,801144837,100.00,,
    22.231844054,11209,,cache-misses,801143933,100.00,,
    22.432089626,277717968,,instructions,801143379,100.00,,
    22.432089626,12073,,cache-misses,801142489,100.00,,
    22.632337908,277643024,,instructions,801142040,100.00,,
    22.632337908,12252,,cache-misses,801141163,100.00,,
    22.832593428,277699669,,instructions,801140979,100.00,,
    22.832593428,12770,,cache-misses,801140106,100.00,,
    23.032845668,277718901,,instructions,801139837,100.00,,
    23.032845668,12865,,cache-misses,801138979,100.00,,
    23.233138116,282384364,,instructions,801139438,100.00,,
    23.233138116,73652,,cache-misses,801139120,100.00,,
    23.433496657,277896800,,instructions,801142326,100.00,,
    23.433496657,19424,,cache-misses,801141671,100.00,,
    23.633773949,277638160,,instructions,801142245,100.00,,
    23.633773949,13070,,cache-misses,801141460,100.00,,
    23.834030459,277775154,,instructions,801141346,100.00,,
    23.834030459,12565,,cache-misses,801140506,100.00,,
    24.034281553,277677846,,instructions,801140207,100.00,,
    24.034281553,12105,,cache-misses,801139383,100.00,,
    24.234554990,277528004,,instructions,801139442,100.00,,
    24.234554990,20609,,cache-misses,801138974,100.00,,
    24.434866396,277795623,,instructions,801140672,100.00,,
    24.434866396,13170,,cache-misses,801139881,100.00,,
    24.635117803,277641136,,instructions,801139593,100.00,,
    24.635117803,12009,,cache-misses,801138789,100.00,,
    24.835438323,254603435,,instructions,801139996,100.00,,
    24.835438323,201323,,cache-misses,801139764,100.00,,
    25.035835355,141691366,,instructions,801143748,100.00,,
    25.035835355,101292,,cache-misses,801143404,100.00,,
    25.236257854,126737210,,instructions,801148126,100.00,,
    25.236257854,57841,,cache-misses,801147778,100.00,,
    25.436608323,123443833,,instructions,801150496,100.00,,
    25.436608323,14031,,cache-misses,801149845,100.00,,
    25.636869313,143752629,,instructions,801149784,100.00,,
    25.636869313,13044,,cache-misses,801149032,100.00,,
    25.837123531,143737691,,instructions,801148736,100.00,,
    25.837123531,12800,,cache-misses,801148005,100.00,,
    26.037378583,87627733,,instructions,801147754,100.00,,
    26.037378583,13084,,cache-misses,801147012,100.00,,
    26.237664677,145347800,,instructions,801147405,100.00,,
    26.237664677,26013,,cache-misses,801146978,100.00,,
    26.437997594,158785993,,instructions,801149060,100.00,,
    26.437997594,15087,,cache-misses,801148400,100.00,,
    26.638297802,143985121,,instructions,801149016,100.00,,
    26.638297802,52344,,cache-misses,801148682,100.00,,
    26.838645041,84518350,,instructions,801151145,100.00,,
    26.838645041,16539,,cache-misses,801150569,100.00,,
    27.038922489,81349230,,instructions,801150939,100.00,,
    27.038922489,13391,,cache-misses,801150269,100.00,,
    27.239180458,89768992,,instructions,801150052,100.00,,
    27.239180458,14359,,cache-misses,801149409,100.00,,
    27.439443062,137285583,,instructions,801149376,100.00,,
    27.439443062,12537,,cache-misses,801148670,100.00,,
    27.639693739,143769765,,instructions,801148357,100.00,,
    27.639693739,11472,,cache-misses,801147642,100.00,,
    27.839970822,144525657,,instructions,801147741,100.00,,
    27.839970822,27382,,cache-misses,801147328,100.00,,
    28.040304624,143908527,,instructions,801149277,100.00,,
    28.040304624,13942,,cache-misses,801148677,100.00,,
    28.240608426,143854196,,instructions,801149801,100.00,,
    28.240608426,14989,,cache-misses,801149162,100.00,,
    28.440866812,143873103,,instructions,801149039,100.00,,
    28.440866812,13287,,cache-misses,801148358,100.00,,
    28.641122905,143810784,,instructions,801148155,100.00,,
    28.641122905,12491,,cache-misses,801147472,100.00,,
    28.841422072,143878217,,instructions,801148437,100.00,,
    28.841422072,13740,,cache-misses,801147819,100.00,,
    29.041683322,143816697,,instructions,801147788,100.00,,
    29.041683322,13126,,cache-misses,801147120,100.00,,
    29.241962176,144508926,,instructions,801147283,100.00,,
    29.241962176,32679,,cache-misses,801146872,100.00,,
    29.442303270,143930859,,instructions,801148986,100.00,,
    29.442303270,13838,,cache-misses,801148376,100.00,,
    29.642562124,143812101,,instructions,801148253,100.00,,
    29.642562124,12803,,cache-misses,801147609,100.00,,
    29.842815769,143780775,,instructions,801147355,100.00,,
    29.842815769,13089,,cache-misses,801146720,100.00,,
    30.043070509,143819549,,instructions,801146495,100.00,,
    30.043070509,12470,,cache-misses,801145868,100.00,,
    30.243366707,87262089,,instructions,801146641,100.00,,
    30.243366707,16618,,cache-misses,801146117,100.00,,
    30.443651759,77028809,,instructions,801146742,100.00,,
    30.443651759,11667,,cache-misses,801146093,100.00,,
    30.643902644,77019879,,instructions,801145810,100.00,,
    30.643902644,11544,,cache-misses,801145170,100.00,,
    30.844181811,77771429,,instructions,801145280,100.00,,
    30.844181811,25680,,cache-misses,801144911,100.00,,
    31.044520925,77171649,,instructions,801146900,100.00,,
    31.044520925,14032,,cache-misses,801146318,100.00,,
    31.244784154,77055282,,instructions,801146365,100.00,,
    31.244784154,12521,,cache-misses,801145743,100.00,,
    31.445040248,175620408,,instructions,801145564,100.00,,
    31.445040248,13942,,cache-misses,801144975,100.00,,
    31.645298685,204713377,,instructions,801144846,100.00,,
    31.645298685,14405,,cache-misses,801144261,100.00,,
    31.845552800,158680070,,instructions,801144035,100.00,,
    31.845552800,13488,,cache-misses,801143466,100.00,,
    32.045804519,158692100,,instructions,801143187,100.00,,
    32.045804519,14244,,cache-misses,801142612,100.00,,
    32.246096133,159634308,,instructions,801143042,100.00,,
    32.246096133,28121,,cache-misses,801142698,100.00,,
    32.446431393,159313067,,instructions,801144552,100.00,,
    32.446431393,14453,,cache-misses,801143976,100.00,,
    32.646689935,159334424,,instructions,801143880,100.00,,
    32.646689935,13644,,cache-misses,801143310,100.00,,
    32.846945768,158916028,,instructions,801143148,100.00,,
    32.846945768,13109,,cache-misses,801142579,100.00,,
    33.047194727,159003842,,instructions,801142266,100.00,,
    33.047194727,13674,,cache-misses,801141686,100.00,,
    33.247468633,155121989,,instructions,801141771,100.00,,
    33.247468633,16714,,cache-misses,801141347,100.00,,
    33.447790924,149938922,,instructions,801142818,100.00,,
    33.447790924,14724,,cache-misses,801142287,100.00,,
    33.648139466,142366709,,instructions,801143948,100.00,,
    33.648139466,49776,,cache-misses,801143704,100.00,,
    33.848540039,85261706,,instructions,801146775,100.00,,
    33.848540039,29496,,cache-misses,801146455,100.00,,
    34.048899778,84325377,,instructions,801148745,100.00,,
    34.048899778,13952,,cache-misses,801148219,100.00,,
    34.249210976,85477774,,instructions,801149036,100.00,,
    34.249210976,53376,,cache-misses,801148718,100.00,,
    34.449581132,78144147,,instructions,801151229,100.00,,
    34.449581132,14096,,cache-misses,801150701,100.00,,
    34.649896549,116429783,,instructions,801151582,100.00,,
    34.649896549,47624,,cache-misses,801151306,100.00,,
    34.850305663,143888186,,instructions,801154308,100.00,,
    34.850305663,48853,,cache-misses,801154084,100.00,,
    35.050753007,143954670,,instructions,801158173,100.00,,
    35.050753007,16702,,cache-misses,801157747,100.00,,
    35.251114726,144809099,,instructions,801159608,100.00,,
    35.251114726,32269,,cache-misses,801159351,100.00,,
    35.451494257,143949165,,instructions,801161937,100.00,,
    35.451494257,14110,,cache-misses,801161418,100.00,,
    35.651776236,143956622,,instructions,801161777,100.00,,
    35.651776236,15233,,cache-misses,801161254,100.00,,
    35.852101600,143880778,,instructions,801162571,100.00,,
    35.852101600,13131,,cache-misses,801162034,100.00,,
    36.052350559,143741650,,instructions,801161674,100.00,,
    36.052350559,12200,,cache-misses,801161122,100.00,,
    36.252605767,143807936,,instructions,801160863,100.00,,
    36.252605767,13842,,cache-misses,801160344,100.00,,
    36.452864934,143833797,,instructions,801160181,100.00,,
    36.452864934,12253,,cache-misses,801159655,100.00,,
    36.653111027,143778110,,instructions,801159254,100.00,,
    36.653111027,12714,,cache-misses,801158712,100.00,,
    36.853391392,144493217,,instructions,801158788,100.00,,
    36.853391392,25521,,cache-misses,801158477,100.00,,
    37.053724725,143920841,,instructions,801159944,100.00,,
    37.053724725,13279,,cache-misses,801159437,100.00,,
    37.253981860,143847436,,instructions,801159196,100.00,,
    37.253981860,14155,,cache-misses,801158733,100.00,,
    37.454245454,143860749,,instructions,801158691,100.00,,
    37.454245454,13486,,cache-misses,801158189,100.00,,
    37.654501131,143897633,,instructions,801157974,100.00,,
    37.654501131,13702,,cache-misses,801157460,100.00,,
    37.854753318,143786939,,instructions,801157201,100.00,,
    37.854753318,12042,,cache-misses,801156680,100.00,,
    38.055005454,143787293,,instructions,801156376,100.00,,
    38.055005454,11632,,cache-misses,801155870,100.00,,
    38.255288370,144530170,,instructions,801156032,100.00,,
    38.255288370,27135,,cache-misses,801155742,100.00,,
    38.455638839,145113632,,instructions,801157328,100.00,,
    38.455638839,30726,,cache-misses,801157019,100.00,,
    38.655949308,143896176,,instructions,801157925,100.00,,
    38.655949308,13676,,cache-misses,801157485,100.00,,
    38.856263214,134085013,,instructions,801158153,100.00,,
    38.856263214,48039,,cache-misses,801157951,100.00,,
    39.056603110,77240527,,instructions,801159484,100.00,,
    39.056603110,14398,,cache-misses,801159023,100.00,,
    39.256890349,77170522,,instructions,801159257,100.00,,
    39.256890349,25787,,cache-misses,801158963,100.00,,
    39.457209255,77162645,,instructions,801160061,100.00,,
    39.457209255,13088,,cache-misses,801159576,100.00,,
    39.657461495,77205066,,instructions,801159298,100.00,,
    39.657461495,12270,,cache-misses,801158817,100.00,,
    39.857747641,77829047,,instructions,801158948,100.00,,
    39.857747641,25424,,cache-misses,801158698,100.00,,
    40.058093786,77226592,,instructions,801160305,100.00,,
    40.058093786,13450,,cache-misses,801159871,100.00,,
    40.258416286,77358579,,instructions,801160819,100.00,,
    40.258416286,17535,,cache-misses,801160484,100.00,,
    40.458706234,77175904,,instructions,801160968,100.00,,
    40.458706234,13577,,cache-misses,801160515,100.00,,
    40.658956599,77128655,,instructions,801160241,100.00,,
    40.658956599,12270,,cache-misses,801159738,100.00,,
    40.859238317,231282698,,instructions,801159815,100.00,,
    40.859238317,48995,,cache-misses,801159541,100.00,,
    41.059613994,231180598,,instructions,801161418,100.00,,
    41.059613994,52836,,cache-misses,801161192,100.00,,
    41.259999671,159514950,,instructions,801163289,100.00,,
    41.259999671,28224,,cache-misses,801163053,100.00,,
    41.460351859,158959276,,instructions,801164673,100.00,,
    41.460351859,16619,,cache-misses,801164265,100.00,,
    41.660664775,158984833,,instructions,801165141,100.00,,
    41.660664775,14667,,cache-misses,801164697,100.00,,
    41.860924306,159417780,,instructions,801164526,100.00,,
    41.860924306,14940,,cache-misses,801164084,100.00,,
    42.061182744,159343978,,instructions,801163933,100.00,,
    42.061182744,13556,,cache-misses,801163462,100.00,,
    42.261435504,159110685,,instructions,801163222,100.00,,
    42.261435504,13072,,cache-misses,801162760,100.00,,
    42.461687588,159130210,,instructions,801162487,100.00,,
    42.461687588,13929,,cache-misses,801162031,100.00,,
    42.661939150,155760309,,instructions,801161755,100.00,,
    42.661939150,12437,,cache-misses,801161301,100.00,,
    42.862259098,150636453,,instructions,801162075,100.00,,
    42.862259098,26650,,cache-misses,801161823,100.00,,
    43.062594723,150059351,,instructions,801163116,100.00,,
    43.062594723,13695,,cache-misses,801162692,100.00,,
    43.262848056,149843134,,instructions,801162431,100.00,,
    43.262848056,12280,,cache-misses,801161982,100.00,,
    43.463108473,150014758,,instructions,801161775,100.00,,
    43.463108473,16235,,cache-misses,801161408,100.00,,
    43.663391181,149642485,,instructions,801161623,100.00,,
    43.663391181,19602,,cache-misses,801161278,100.00,,
    43.863689462,150006646,,instructions,801161827,100.00,,
    43.863689462,13932,,cache-misses,801161430,100.00,,
    44.063991441,152057924,,instructions,801161748,100.00,,
    44.063991441,302561,,cache-misses,801161584,100.00,,
    44.264395972,174758098,,instructions,801163820,100.00,,
    44.264395972,1255420,,cache-misses,801163661,100.00,,
    44.464793785,170122540,,instructions,801165741,100.00,,
    44.464793785,1189231,,cache-misses,801165582,100.00,,
    44.665161128,165676911,,instructions,801167293,100.00,,
    44.665161128,1155989,,cache-misses,801166977,100.00,,
    44.865467951,165629224,,instructions,801167611,100.00,,
    44.865467951,1154197,,cache-misses,801167261,100.00,,
    45.065774670,170113201,,instructions,801167730,100.00,,
    45.065774670,1184599,,cache-misses,801167499,100.00,,
    45.266233732,165879042,,instructions,801170709,100.00,,
    45.266233732,1158774,,cache-misses,801170464,100.00,,
    45.466586232,165677458,,instructions,801171771,100.00,,
    45.466586232,1155820,,cache-misses,801171515,100.00,,
    45.666897326,165464357,,instructions,801172185,100.00,,
    45.666897326,1153008,,cache-misses,801171862,100.00,,
    45.867228628,166287026,,instructions,801172662,100.00,,
    45.867228628,1164701,,cache-misses,801172485,100.00,,
    46.067600347,165770048,,instructions,801174172,100.00,,
    46.067600347,1155224,,cache-misses,801173893,100.00,,
    46.267938471,148135438,,instructions,801174799,100.00,,
    46.267938471,1445928,,cache-misses,801174638,100.00,,
    46.468317326,122125451,,instructions,801176360,100.00,,
    46.468317326,1534996,,cache-misses,801176119,100.00,,
    46.668669669,126339101,,instructions,801177247,100.00,,
    46.668669669,1562034,,cache-misses,801177096,100.00,,
    46.869035659,122011312,,instructions,801178684,100.00,,
    46.869035659,1535628,,cache-misses,801178364,100.00,,
    47.069336805,122019096,,instructions,801178755,100.00,,
    47.069336805,1533138,,cache-misses,801178466,100.00,,
    47.269673367,122757936,,instructions,801179284,100.00,,
    47.269673367,1545701,,cache-misses,801179140,100.00,,
    47.470066909,126326544,,instructions,801180981,100.00,,
    47.470066909,1562775,,cache-misses,801180795,100.00,,
    47.670461961,122124589,,instructions,801182503,100.00,,
    47.670461961,1536878,,cache-misses,801182496,100.00,,
    47.870794617,122005422,,instructions,801183446,100.00,,
    47.870794617,1534636,,cache-misses,801183147,100.00,,
    48.071092533,122140496,,instructions,801183428,100.00,,
    48.071092533,1534310,,cache-misses,801183173,100.00,,
    48.271419200,122025413,,instructions,801183911,100.00,,
    48.271419200,1534897,,cache-misses,801183679,100.00,,
    48.471741439,122018220,,instructions,801184397,100.00,,
    48.471741439,1533227,,cache-misses,801184128,100.00,,
    48.672061543,122010975,,instructions,801184816,100.00,,
    48.672061543,1532667,,cache-misses,801184525,100.00,,
    48.872404773,126852579,,instructions,801185402,100.00,,
    48.872404773,1574192,,cache-misses,801185259,100.00,,
    49.072781595,122030542,,instructions,801186850,100.00,,
    49.072781595,1534752,,cache-misses,801186604,100.00,,
    49.273131022,121816348,,instructions,801187605,100.00,,
    49.273131022,1541469,,cache-misses,801187429,100.00,,
    49.473513418,121993651,,instructions,801188990,100.00,,
    49.473513418,1534571,,cache-misses,801188820,100.00,,
    49.673876231,122031098,,instructions,801190112,100.00,,
    49.673876231,1534702,,cache-misses,801189895,100.00,,
    49.874288106,121476272,,instructions,801191829,100.00,,
    49.874288106,1547339,,cache-misses,801191702,100.00,,
    50.074675293,125925443,,instructions,801193284,100.00,,
    50.074675293,1561344,,cache-misses,801193144,100.00,,
    50.275197168,123115740,,instructions,801196800,100.00,,
    50.275197168,1553866,,cache-misses,801196709,100.00,,
    50.475577116,122053598,,instructions,801198211,100.00,,
    50.475577116,1535736,,cache-misses,801198007,100.00,,
    50.675913991,122019459,,instructions,801198810,100.00,,
    50.675913991,1532705,,cache-misses,801198598,100.00,,
    50.876235084,121737812,,instructions,801199179,100.00,,
    50.876235084,1536948,,cache-misses,801198943,100.00,,
    51.076572063,125785874,,instructions,801199663,100.00,,
    51.076572063,1568089,,cache-misses,801199509,100.00,,
    51.276948209,122185989,,instructions,801200921,100.00,,
    51.276948209,1533542,,cache-misses,801200694,100.00,,
    51.477269511,122053942,,instructions,801201311,100.00,,
    51.477269511,1532333,,cache-misses,801201036,100.00,,
    51.677570917,122066034,,instructions,801201330,100.00,,
    51.677570917,1534316,,cache-misses,801201072,100.00,,
    51.877901074,122836043,,instructions,801201657,100.00,,
    51.877901074,1547046,,cache-misses,801201507,100.00,,
    52.078293521,125593600,,instructions,801203073,100.00,,
    52.078293521,1567865,,cache-misses,801202908,100.00,,
    52.278672063,122284503,,instructions,801204329,100.00,,
    52.278672063,1533795,,cache-misses,801204127,100.00,,
    52.479000344,122085952,,instructions,801204779,100.00,,
    52.479000344,1532745,,cache-misses,801204551,100.00,,
    52.679312479,122017676,,instructions,801205020,100.00,,
    52.679312479,1533386,,cache-misses,801204733,100.00,,
    52.879610084,122123624,,instructions,801204915,100.00,,
    52.879610084,1535186,,cache-misses,801204657,100.00,,
    53.079939615,125341111,,instructions,801205177,100.00,,
    53.079939615,1571314,,cache-misses,801205078,100.00,,
    53.280333990,122842289,,instructions,801206619,100.00,,
    53.280333990,1543500,,cache-misses,801206472,100.00,,
    53.482329562,126301896,,instructions,801231968,100.00,,
    53.482329562,1581884,,cache-misses,801231846,100.00,,
    53.682718469,117525610,,instructions,801233260,100.00,,
    53.682718469,1579300,,cache-misses,801233071,100.00,,
    53.883062739,117527341,,instructions,801233832,100.00,,
    53.883062739,1576197,,cache-misses,801233613,100.00,,
    54.083420187,143082790,,instructions,801234428,100.00,,
    54.083420187,1427849,,cache-misses,801234289,100.00,,
    54.283812739,160155601,,instructions,801235766,100.00,,
    54.283812739,1229876,,cache-misses,801235572,100.00,,
    54.484165395,160536094,,instructions,801236544,100.00,,
    54.484165395,1224459,,cache-misses,801236242,100.00,,
    54.684446125,160405153,,instructions,801236158,100.00,,
    54.684446125,1221650,,cache-misses,801235828,100.00,,
    54.884744979,161142236,,instructions,801235855,100.00,,
    54.884744979,1236492,,cache-misses,801235664,100.00,,
    55.085098520,160477236,,instructions,801236618,100.00,,
    55.085098520,1223093,,cache-misses,801236326,100.00,,
    55.290844770,144030715,,instructions,801315197,100.00,,
    55.290844770,1508621,,cache-misses,801315061,100.00,,
    55.491229822,117732645,,instructions,801316150,100.00,,
    55.491229822,1586963,,cache-misses,801315923,100.00,,
    55.691537166,117456385,,instructions,801315921,100.00,,
    55.691537166,1590217,,cache-misses,801315623,100.00,,
    55.891819770,117722579,,instructions,801315220,100.00,,
    55.891819770,1587239,,cache-misses,801314966,100.00,,
    56.092134978,117551019,,instructions,801315011,100.00,,
    56.092134978,1592970,,cache-misses,801314755,100.00,,
    56.292478155,121840845,,instructions,801315055,100.00,,
    56.292478155,1646301,,cache-misses,801314927,100.00,,
    56.492865290,117646189,,instructions,801316016,100.00,,
    56.492865290,1591006,,cache-misses,801315789,100.00,,
    56.693175134,117654502,,instructions,801315766,100.00,,
    56.693175134,1587934,,cache-misses,801315520,100.00,,
    56.893537582,117622187,,instructions,801316249,100.00,,
    56.893537582,1590253,,cache-misses,801316007,100.00,,
    57.093833780,117654055,,instructions,801315843,100.00,,
    57.093833780,1586683,,cache-misses,801315547,100.00,,
    57.294173884,121385030,,instructions,801315749,100.00,,
    57.294173884,1635821,,cache-misses,801315655,100.00,,
    57.494556280,117578548,,instructions,801316683,100.00,,
    57.494556280,1593825,,cache-misses,801316445,100.00,,
    57.694859405,117615613,,instructions,801316391,100.00,,
    57.694859405,1580614,,cache-misses,801316094,100.00,,
    57.895158571,118241866,,instructions,801315844,100.00,,
    57.895158571,1602577,,cache-misses,801315657,100.00,,
    58.095512842,117759921,,instructions,801316240,100.00,,
    58.095512842,1589929,,cache-misses,801316007,100.00,,
    58.295879404,116861265,,instructions,801316632,100.00,,
    58.295879404,1612088,,cache-misses,801316506,100.00,,
    58.496266175,122217038,,instructions,801317408,100.00,,
    58.496266175,1620008,,cache-misses,801317287,100.00,,
    58.696628988,117543632,,instructions,801318028,100.00,,
    58.696628988,1592557,,cache-misses,801317783,100.00,,
    58.896906175,117608300,,instructions,801317367,100.00,,
    58.896906175,1581564,,cache-misses,801317076,100.00,,
    59.097186175,117578902,,instructions,801316653,100.00,,
    59.097186175,1593074,,cache-misses,801316410,100.00,,
    59.297512685,117838736,,instructions,801316521,100.00,,
    59.297512685,1600219,,cache-misses,801316358,100.00,,
    59.497870498,121395658,,instructions,801316922,100.00,,
    59.497870498,1638827,,cache-misses,801316750,100.00,,
    59.698230393,117679677,,instructions,801317405,100.00,,
    59.698230393,1586580,,cache-misses,801317153,100.00,,
    59.898527008,117483869,,instructions,801317018,100.00,,
    59.898527008,1590487,,cache-misses,801316733,100.00,,
    60.098807372,117731217,,instructions,801316335,100.00,,
    60.098807372,1585470,,cache-misses,801316085,100.00,,
    60.305127164,121346552,,instructions,801395831,100.00,,
    60.305127164,1641771,,cache-misses,801395665,100.00,,
    60.505641851,166367959,,instructions,801397936,100.00,,
    60.505641851,726592,,cache-misses,801397825,100.00,,
    60.706330341,141232444,,instructions,801401174,100.00,,
    60.706330341,168732,,cache-misses,801402039,100.00,,
    60.906961122,171568033,,instructions,801406118,100.00,,
    60.906961122,62932,,cache-misses,801406010,100.00,,
    61.107324455,175870290,,instructions,801406471,100.00,,
    61.107324455,14718,,cache-misses,801406202,100.00,,
    61.307583882,175827582,,instructions,801405338,100.00,,
    61.307583882,13103,,cache-misses,801405017,100.00,,
    61.507875445,174611606,,instructions,801404289,100.00,,
    61.507875445,47945,,cache-misses,801404166,100.00,,
    61.708247007,174952417,,instructions,801404719,100.00,,
    61.708247007,46138,,cache-misses,801404483,100.00,,
    61.908528466,174954401,,instructions,801403863,100.00,,
    61.908528466,44286,,cache-misses,801403592,100.00,,
    62.108935340,168833057,,instructions,801404182,100.00,,
    62.108935340,57794,,cache-misses,801404229,100.00,,
    62.309479247,171612940,,instructions,801406698,100.00,,
    62.309479247,59506,,cache-misses,801406714,100.00,,
    62.510018517,172855999,,instructions,801409198,100.00,,
    62.510018517,31091,,cache-misses,801409158,100.00,,
    62.710653674,265140689,,instructions,801412508,100.00,,
    62.710653674,249029,,cache-misses,801412679,100.00,,
    62.911180861,158207139,,instructions,801415054,100.00,,
    62.911180861,97750,,cache-misses,801414973,100.00,,
    63.111551642,343207352,,instructions,801415434,100.00,,
    63.111551642,29779,,cache-misses,801415230,100.00,,
    63.311875913,334767447,,instructions,801414951,100.00,,
    63.311875913,114289,,cache-misses,801414832,100.00,,
    63.512331173,322726599,,instructions,801416001,100.00,,
    63.512331173,141903,,cache-misses,801416072,100.00,,
    63.712935652,328838849,,instructions,801419121,100.00,,
    63.712935652,74356,,cache-misses,801419218,100.00,,
    63.914380548,360508074,,instructions,801427567,100.00,,
    63.914380548,329595,,cache-misses,801431622,100.00,,
    64.116716121,225084210,,instructions,801457785,100.00,,
    64.116716121,110756,,cache-misses,801457653,100.00,,
    64.317111902,642747713,,instructions,801458169,100.00,,
    64.317111902,184091,,cache-misses,801458039,100.00,,
    64.517696694,616183107,,instructions,801460414,100.00,,
    64.517696694,191772,,cache-misses,801460666,100.00,,
    64.719299402,376520474,,instructions,801471246,100.00,,
    64.719299402,255593,,cache-misses,801474958,100.00,,
    64.921865027,392951745,,instructions,801503339,100.00,,
    64.921865027,131203,,cache-misses,801503207,100.00,,
    65.122262787,621679456,,instructions,801503619,100.00,,
    65.122262787,93666,,cache-misses,801503475,100.00,,
    65.328649298,585587083,,instructions,801577241,100.00,,
    65.328649298,144576,,cache-misses,801577201,100.00,,
    65.529071172,253453819,,instructions,801577676,100.00,,
    65.529071172,279007,,cache-misses,801577568,100.00,,
    65.729437527,273762622,,instructions,801577528,100.00,,
    65.729437527,8012,,cache-misses,801577273,100.00,,
    65.929758516,274211175,,instructions,801576455,100.00,,
    65.929758516,15546,,cache-misses,801576340,100.00,,
    66.130147318,277226678,,instructions,801576407,100.00,,
    66.130147318,30432,,cache-misses,801576268,100.00,,
    66.330513360,273789872,,instructions,801576196,100.00,,
    66.330513360,9495,,cache-misses,801575958,100.00,,
    66.530789505,273494680,,instructions,801574862,100.00,,
    66.530789505,4712,,cache-misses,801574568,100.00,,
    66.731081120,274764652,,instructions,801573414,100.00,,
    66.731081120,20845,,cache-misses,801573282,100.00,,
    66.931483724,277949753,,instructions,801573489,100.00,,
    66.931483724,40919,,cache-misses,801573395,100.00,,
    67.131847734,273659202,,instructions,801573350,100.00,,
    67.131847734,6398,,cache-misses,801573087,100.00,,
    67.332108099,273589892,,instructions,801571783,100.00,,
    67.332108099,8579,,cache-misses,801571514,100.00,,
    67.532379870,273582327,,instructions,801570329,100.00,,
    67.532379870,6269,,cache-misses,801570067,100.00,,
    67.732639088,273524659,,instructions,801568775,100.00,,
    67.732639088,5943,,cache-misses,801568489,100.00,,
    67.932889244,273480232,,instructions,801567132,100.00,,
    67.932889244,5005,,cache-misses,801566834,100.00,,
    68.133143255,273502025,,instructions,801565450,100.00,,
    68.133143255,8407,,cache-misses,801565208,100.00,,
    68.333437005,274748876,,instructions,801564173,100.00,,
    68.333437005,23162,,cache-misses,801564026,100.00,,
    68.533778567,273742516,,instructions,801563739,100.00,,
    68.533778567,8639,,cache-misses,801563483,100.00,,
    68.734040807,273555243,,instructions,801562255,100.00,,
    68.734040807,6839,,cache-misses,801561983,100.00,,
    68.934336432,277864610,,instructions,801560974,100.00,,
    68.934336432,41167,,cache-misses,801560828,100.00,,
    69.134696640,273688564,,instructions,801560798,100.00,,
    69.134696640,6639,,cache-misses,801560533,100.00,,
    69.334979192,273919970,,instructions,801559413,100.00,,
    69.334979192,17468,,cache-misses,801559250,100.00,,
    69.535310233,273635671,,instructions,801558868,100.00,,
    69.535310233,6640,,cache-misses,801558608,100.00,,
    69.735606640,274560822,,instructions,801557595,100.00,,
    69.735606640,18542,,cache-misses,801557479,100.00,,
    69.935969140,273676467,,instructions,801557449,100.00,,
    69.935969140,7321,,cache-misses,801557226,100.00,,
    70.136242785,273609382,,instructions,801556193,100.00,,
    70.136242785,5856,,cache-misses,801555914,100.00,,
    70.336513566,273737503,,instructions,801554782,100.00,,
    70.336513566,11233,,cache-misses,801554552,100.00,,
    70.536820389,273763014,,instructions,801553855,100.00,,
    70.536820389,10232,,cache-misses,801553626,100.00,,
    70.737095285,273549926,,instructions,801552622,100.00,,
    70.737095285,5857,,cache-misses,801552348,100.00,,
    70.937387941,273742232,,instructions,801551548,100.00,,
    70.937387941,6502,,cache-misses,801551274,100.00,,
    71.137641639,273571920,,instructions,801550028,100.00,,
    71.137641639,7585,,cache-misses,801549759,100.00,,
    71.337942889,274664367,,instructions,801548853,100.00,,
    71.337942889,21075,,cache-misses,801548745,100.00,,
    71.538307108,273754262,,instructions,801548776,100.00,,
    71.538307108,7928,,cache-misses,801548531,100.00,,
    71.738572681,273615993,,instructions,801547437,100.00,,
    71.738572681,7552,,cache-misses,801547174,100.00,,
    71.938828566,273490585,,instructions,801545998,100.00,,
    71.938828566,4604,,cache-misses,801545718,100.00,,
    72.139076170,273544960,,instructions,801544445,100.00,,
    72.139076170,6162,,cache-misses,801544170,100.00,,
    72.339328722,273591287,,instructions,801542964,100.00,,
    72.339328722,7584,,cache-misses,801542697,100.00,,
    72.539586066,273650676,,instructions,801541521,100.00,,
    72.539586066,8615,,cache-misses,801541274,100.00,,
    72.739886638,278495731,,instructions,801540411,100.00,,
    72.739886638,47674,,cache-misses,801540288,100.00,,
    72.940257315,273915406,,instructions,801540360,100.00,,
    72.940257315,10076,,cache-misses,801540165,100.00,,
    73.140582836,273628401,,instructions,801539774,100.00,,
    73.140582836,6916,,cache-misses,801539526,100.00,,
    73.340841951,273566859,,instructions,801538403,100.00,,
    73.340841951,6612,,cache-misses,801538157,100.00,,
    73.541099086,273684122,,instructions,801537011,100.00,,
    73.541099086,8509,,cache-misses,801536764,100.00,,
    73.741372315,273980643,,instructions,801535799,100.00,,
    73.741372315,13272,,cache-misses,801535559,100.00,,
    73.941661013,273558950,,instructions,801534788,100.00,,
    73.941661013,6156,,cache-misses,801534531,100.00,,
    74.141914659,273573449,,instructions,801533380,100.00,,
    74.141914659,7522,,cache-misses,801533123,100.00,,
    74.342216586,274800340,,instructions,801532319,100.00,,
    74.342216586,27833,,cache-misses,801532205,100.00,,
    74.542586169,273841896,,instructions,801532314,100.00,,
    74.542586169,9624,,cache-misses,801532096,100.00,,
    74.742856377,273642425,,instructions,801531128,100.00,,
    74.742856377,8162,,cache-misses,801530888,100.00,,
    74.943123617,273467264,,instructions,801529912,100.00,,
    74.943123617,4364,,cache-misses,801529661,100.00,,
    75.143374606,273704265,,instructions,801528513,100.00,,
    75.143374606,7832,,cache-misses,801528255,100.00,,
    75.343634710,273654005,,instructions,801527214,100.00,,
    75.343634710,8023,,cache-misses,801526961,100.00,,
    75.549523356,281441109,,instructions,801585582,100.00,,
    75.549523356,10804,,cache-misses,801585380,100.00,,
    75.749833304,274657765,,instructions,801584516,100.00,,
    75.749833304,20637,,cache-misses,801584419,100.00,,
    75.950195648,273695179,,instructions,801584324,100.00,,
    75.950195648,7689,,cache-misses,801584105,100.00,,
    76.150467783,273495276,,instructions,801583074,100.00,,
    76.150467783,4722,,cache-misses,801582815,100.00,,
    76.350718148,273520862,,instructions,801581538,100.00,,
    76.350718148,5469,,cache-misses,801581282,100.00,,
    76.550967731,273537823,,instructions,801580012,100.00,,
    76.550967731,6297,,cache-misses,801579762,100.00,,
    76.751228668,273728924,,instructions,801578596,100.00,,
    76.751228668,10054,,cache-misses,801578361,100.00,,
    76.951492054,273458308,,instructions,801577253,100.00,,
    76.951492054,4172,,cache-misses,801576998,100.00,,
    77.151744137,273747861,,instructions,801575771,100.00,,
    77.151744137,8049,,cache-misses,801575519,100.00,,
    77.352049553,274682900,,instructions,801574649,100.00,,
    77.352049553,21270,,cache-misses,801574548,100.00,,
    77.552409553,273660425,,instructions,801574483,100.00,,
    77.552409553,6209,,cache-misses,801574249,100.00,,
    77.752704501,279072071,,instructions,801573304,100.00,,
    77.752704501,98892,,cache-misses,801573203,100.00,,
    77.953065282,273686957,,instructions,801573150,100.00,,
    77.953065282,5503,,cache-misses,801572903,100.00,,
    78.153365386,273494437,,instructions,801572189,100.00,,
    78.153365386,5997,,cache-misses,801571940,100.00,,
    78.353625126,273571487,,instructions,801570817,100.00,,
    78.353625126,7361,,cache-misses,801570578,100.00,,
    78.553889397,273515031,,instructions,801569514,100.00,,
    78.553889397,5306,,cache-misses,801569273,100.00,,
    78.754184397,274872892,,instructions,801568321,100.00,,
    78.754184397,24857,,cache-misses,801568244,100.00,,
    78.954553355,273809834,,instructions,801568235,100.00,,
    78.954553355,9138,,cache-misses,801568044,100.00,,
    79.154826480,273495558,,instructions,801567093,100.00,,
    79.154826480,5199,,cache-misses,801566847,100.00,,
    79.355104917,273925412,,instructions,801565832,100.00,,
    79.355104917,16852,,cache-misses,801565681,100.00,,
    79.555443719,273691508,,instructions,801565367,100.00,,
    79.555443719,8145,,cache-misses,801565158,100.00,,
    79.755708875,273633124,,instructions,801564133,100.00,,
    79.755708875,6917,,cache-misses,801563901,100.00,,
    79.955960698,273466640,,instructions,801562759,100.00,,
    79.955960698,4491,,cache-misses,801562512,100.00,,
    80.156212625,273585329,,instructions,801561351,100.00,,
    80.156212625,7394,,cache-misses,801561120,100.00,,
    80.356508406,213709666,,instructions,801560241,100.00,,
    80.356508406,224262,,cache-misses,801560141,100.00,,
    80.556903667,126368701,,instructions,801560282,100.00,,
    80.556903667,59497,,cache-misses,801560190,100.00,,
    80.757318250,114571809,,instructions,801560533,100.00,,
    80.757318250,44640,,cache-misses,801560440,100.00,,
    80.957685958,137298309,,instructions,801560434,100.00,,
    80.957685958,8738,,cache-misses,801560245,100.00,,
    81.157959604,140056424,,instructions,801559333,100.00,,
    81.157959604,5605,,cache-misses,801559102,100.00,,
    81.358222521,133760279,,instructions,801558057,100.00,,
    81.358222521,10052,,cache-misses,801557845,100.00,,
    81.558501635,73745893,,instructions,801556974,100.00,,
    81.558501635,6610,,cache-misses,801556755,100.00,,
    81.758797885,162418216,,instructions,801555907,100.00,,
    81.758797885,20797,,cache-misses,801555817,100.00,,
    81.959164656,155175179,,instructions,801555807,100.00,,
    81.959164656,12393,,cache-misses,801555626,100.00,,
    82.159485958,122410810,,instructions,801555029,100.00,,
    82.159485958,43714,,cache-misses,801554937,100.00,,
    82.359847937,80950040,,instructions,801554937,100.00,,
    82.359847937,6241,,cache-misses,801554720,100.00,,
    82.560106791,76474438,,instructions,801553654,100.00,,
    82.560106791,6591,,cache-misses,801553441,100.00,,
    82.760366114,97604360,,instructions,801552434,100.00,,
    82.760366114,4981,,cache-misses,801552203,100.00,,
    82.960672155,137214416,,instructions,801551615,100.00,,
    82.960672155,10323,,cache-misses,801551404,100.00,,
    83.160936687,140143638,,instructions,801550445,100.00,,
    83.160936687,7561,,cache-misses,801550227,100.00,,
    83.361245749,141426610,,instructions,801549535,100.00,,
    83.361245749,22273,,cache-misses,801549435,100.00,,
    83.561605645,140155390,,instructions,801549435,100.00,,
    83.561605645,6367,,cache-misses,801549211,100.00,,
    83.761886426,144119956,,instructions,801548285,100.00,,
    83.761886426,50031,,cache-misses,801548164,100.00,,
    83.962226061,140319225,,instructions,801547924,100.00,,
    83.962226061,10668,,cache-misses,801547729,100.00,,
    84.162493509,140109069,,instructions,801546825,100.00,,
    84.162493509,6398,,cache-misses,801546600,100.00,,
    84.362769499,140243065,,instructions,801545670,100.00,,
    84.362769499,15511,,cache-misses,801545524,100.00,,
    84.563093405,140108461,,instructions,801545165,100.00,,
    84.563093405,6464,,cache-misses,801544954,100.00,,
    84.763393978,141277292,,instructions,801544197,100.00,,
    84.763393978,20853,,cache-misses,801544096,100.00,,
    84.963758405,140259813,,instructions,801544115,100.00,,
    84.963758405,8859,,cache-misses,801543929,100.00,,
    85.164083405,140210884,,instructions,801543563,100.00,,
    85.164083405,6474,,cache-misses,801543360,100.00,,
    85.364346686,140072405,,instructions,801542447,100.00,,
    85.364346686,5386,,cache-misses,801542222,100.00,,
    85.570239915,141330507,,instructions,801593961,100.00,,
    85.570239915,12878,,cache-misses,801593805,100.00,,
    85.770592206,73769792,,instructions,801593598,100.00,,
    85.770592206,6259,,cache-misses,801593380,100.00,,
    85.970849185,73759829,,instructions,801592284,100.00,,
    85.970849185,6377,,cache-misses,801592058,100.00,,
    86.171102050,73744096,,instructions,801590941,100.00,,
    86.171102050,6351,,cache-misses,801590715,100.00,,
    86.371402883,74861569,,instructions,801589887,100.00,,
    86.371402883,19932,,cache-misses,801589782,100.00,,
    86.571766946,73758572,,instructions,801589699,100.00,,
    86.571766946,5859,,cache-misses,801589486,100.00,,
    86.772028404,73759899,,instructions,801588449,100.00,,
    86.772028404,6661,,cache-misses,801588239,100.00,,
    86.972286216,228098351,,instructions,801587182,100.00,,
    86.972286216,5134,,cache-misses,801586957,100.00,,
    87.172538248,159012345,,instructions,801585829,100.00,,
    87.172538248,13410,,cache-misses,801585630,100.00,,
    87.372812310,154996015,,instructions,801584717,100.00,,
    87.372812310,8607,,cache-misses,801584508,100.00,,
    87.573075174,155136723,,instructions,801583510,100.00,,
    87.573075174,9820,,cache-misses,801583292,100.00,,
    87.773381476,156392750,,instructions,801582533,100.00,,
    87.773381476,22346,,cache-misses,801582440,100.00,,
    87.973749445,155597511,,instructions,801582408,100.00,,
    87.973749445,9769,,cache-misses,801582215,100.00,,
    88.174026268,155523880,,instructions,801581345,100.00,,
    88.174026268,10225,,cache-misses,801581142,100.00,,
    88.374290955,155513251,,instructions,801580178,100.00,,
    88.374290955,8904,,cache-misses,801579961,100.00,,
    88.574550851,155390020,,instructions,801578946,100.00,,
    88.574550851,7465,,cache-misses,801578738,100.00,,
    88.774810122,150070774,,instructions,801577729,100.00,,
    88.774810122,7745,,cache-misses,801577513,100.00,,
    88.975068559,146132112,,instructions,801576520,100.00,,
    88.975068559,6238,,cache-misses,801576293,100.00,,
    89.175368663,130661843,,instructions,801575481,100.00,,
    89.175368663,42145,,cache-misses,801575406,100.00,,
    89.375772257,82209128,,instructions,801575575,100.00,,
    89.375772257,26536,,cache-misses,801575486,100.00,,
    89.576132570,81089798,,instructions,801575437,100.00,,
    89.576132570,6268,,cache-misses,801575233,100.00,,
    89.776430226,81517001,,instructions,801574431,100.00,,
    89.776430226,40675,,cache-misses,801574330,100.00,,
    89.976797934,74795668,,instructions,801574310,100.00,,
    89.976797934,6774,,cache-misses,801574128,100.00,,
    90.177098090,119143742,,instructions,801573376,100.00,,
    90.177098090,42462,,cache-misses,801573283,100.00,,
    90.377500278,142112445,,instructions,801573440,100.00,,
    90.377500278,39942,,cache-misses,801573347,100.00,,
    90.577889757,140408069,,instructions,801573464,100.00,,
    90.577889757,10360,,cache-misses,801573334,100.00,,
    90.778237517,141317934,,instructions,801572998,100.00,,
    90.778237517,20581,,cache-misses,801572922,100.00,,
    90.978605902,140226875,,instructions,801572913,100.00,,
    90.978605902,8108,,cache-misses,801572727,100.00,,
    91.178876527,140162697,,instructions,801571849,100.00,,
    91.178876527,6325,,cache-misses,801571657,100.00,,
    91.379135850,140145258,,instructions,801570674,100.00,,
    91.379135850,7420,,cache-misses,801570474,100.00,,
    91.579396840,140162448,,instructions,801569527,100.00,,
    91.579396840,7557,,cache-misses,801569325,100.00,,
    91.779657777,140326344,,instructions,801568389,100.00,,
    91.779657777,9089,,cache-misses,801568185,100.00,,
    91.979922048,140069596,,instructions,801567279,100.00,,
    91.979922048,4851,,cache-misses,801567071,100.00,,
    92.180176371,140172158,,instructions,801566085,100.00,,
    92.180176371,7133,,cache-misses,801565877,100.00,,
    92.380519339,141349842,,instructions,801565512,100.00,,
    92.380519339,23261,,cache-misses,801565422,100.00,,
    92.580878610,140181601,,instructions,801565353,100.00,,
    92.580878610,6502,,cache-misses,801565165,100.00,,
    92.781139808,140184512,,instructions,801564245,100.00,,
    92.781139808,7842,,cache-misses,801564044,100.00,,
    92.981398089,140086406,,instructions,801563117,100.00,,
    92.981398089,5144,,cache-misses,801562908,100.00,,
    93.181647204,140062981,,instructions,801561906,100.00,,
    93.181647204,5130,,cache-misses,801561697,100.00,,
    93.381902672,140317272,,instructions,801560706,100.00,,
    93.381902672,10398,,cache-misses,801560526,100.00,,
    93.582177881,140066468,,instructions,801559747,100.00,,
    93.582177881,5023,,cache-misses,801559553,100.00,,
    93.782474860,141974578,,instructions,801558793,100.00,,
    93.782474860,28967,,cache-misses,801558718,100.00,,
    93.982881995,140299208,,instructions,801559042,100.00,,
    93.982881995,8648,,cache-misses,801558884,100.00,,
    94.183173349,140092783,,instructions,801558278,100.00,,
    94.183173349,4936,,cache-misses,801558070,100.00,,
    94.383494755,122819352,,instructions,801557524,100.00,,
    94.383494755,54004,,cache-misses,801557449,100.00,,
    94.583884755,73818964,,instructions,801557663,100.00,,
    94.583884755,7062,,cache-misses,801557488,100.00,,
    94.784171578,73720093,,instructions,801556835,100.00,,
    94.784171578,4856,,cache-misses,801556630,100.00,,
    94.984441161,73734380,,instructions,801555833,100.00,,
    94.984441161,5069,,cache-misses,801555621,100.00,,
    95.184717151,73818736,,instructions,801554859,100.00,,
    95.184717151,7792,,cache-misses,801554661,100.00,,
    95.385043453,74995385,,instructions,801554194,100.00,,
    95.385043453,20966,,cache-misses,801554109,100.00,,
    95.585421890,73821080,,instructions,801554253,100.00,,
    95.585421890,6368,,cache-misses,801554059,100.00,,
    95.791775223,76329357,,instructions,801604098,100.00,,
    95.791775223,12036,,cache-misses,801603953,100.00,,
    95.992075900,73914734,,instructions,801603326,100.00,,
    95.992075900,7212,,cache-misses,801603133,100.00,,
    96.192362723,73758113,,instructions,801602386,100.00,,
    96.192362723,5927,,cache-misses,801602186,100.00,,
    96.392684598,278861435,,instructions,801601576,100.00,,
    96.392684598,45614,,cache-misses,801601500,100.00,,
    96.593105431,188532064,,instructions,801601738,100.00,,
    96.593105431,46023,,cache-misses,801601660,100.00,,
    96.793534702,156251526,,instructions,801601965,100.00,,
    96.793534702,23175,,cache-misses,801601892,100.00,,
    96.993928296,155119750,,instructions,801602041,100.00,,
    96.993928296,10257,,cache-misses,801601874,100.00,,
    97.194222358,155208917,,instructions,801601194,100.00,,
    97.194222358,7597,,cache-misses,801601001,100.00,,
    97.394497254,155539683,,instructions,801600183,100.00,,
    97.394497254,6796,,cache-misses,801599978,100.00,,
    97.594777410,155691433,,instructions,801599162,100.00,,
    97.594777410,11910,,cache-misses,801598981,100.00,,
    97.795076785,155438736,,instructions,801598351,100.00,,
    97.795076785,6553,,cache-misses,801598162,100.00,,
    97.995357045,155626878,,instructions,801597381,100.00,,
    97.995357045,9495,,cache-misses,801597192,100.00,,
    98.195644650,150930285,,instructions,801596461,100.00,,
    98.195644650,7950,,cache-misses,801596272,100.00,,
    98.395972879,147376108,,instructions,801595748,100.00,,
    98.395972879,21998,,cache-misses,801595670,100.00,,
    98.596364858,146413751,,instructions,801595806,100.00,,
    98.596364858,8737,,cache-misses,801595641,100.00,,
    98.796657774,146268990,,instructions,801594964,100.00,,
    98.796657774,9031,,cache-misses,801594783,100.00,,
    98.996950274,146213267,,instructions,801594117,100.00,,
    98.996950274,5269,,cache-misses,801593926,100.00,,
    99.197225222,146193387,,instructions,801593133,100.00,,
    99.197225222,6345,,cache-misses,801592931,100.00,,
    99.397528712,146536092,,instructions,801592254,100.00,,
    99.397528712,16346,,cache-misses,801592147,100.00,,
    99.597975014,154029716,,instructions,801592571,100.00,,
    99.597975014,499016,,cache-misses,801592518,100.00,,
    99.798387253,166952725,,instructions,801592688,100.00,,
    99.798387253,1221910,,cache-misses,801592630,100.00,,
    99.998803763,166632797,,instructions,801592848,100.00,,
    99.998803763,1202581,,cache-misses,801592782,100.00,,
   100.199193086,161970930,,instructions,801592850,100.00,,
   100.199193086,1171399,,cache-misses,801592726,100.00,,
   100.399503659,161847042,,instructions,801592184,100.00,,
   100.399503659,1165389,,cache-misses,801592033,100.00,,
   100.599835013,166506855,,instructions,801591529,100.00,,
   100.599835013,1202148,,cache-misses,801591470,100.00,,
   100.800243763,162157340,,instructions,801591671,100.00,,
   100.800243763,1172899,,cache-misses,801591578,100.00,,
   101.000661003,161962283,,instructions,801591876,100.00,,
   101.000661003,1167736,,cache-misses,801591738,100.00,,
   101.200960534,161854797,,instructions,801591108,100.00,,
   101.200960534,1168320,,cache-misses,801590961,100.00,,
   101.401302565,162964623,,instructions,801590566,100.00,,
   101.401302565,1180599,,cache-misses,801590490,100.00,,
   101.601686784,161988248,,instructions,801590550,100.00,,
   101.601686784,1170299,,cache-misses,801590415,100.00,,
   101.802022669,140623109,,instructions,801589971,100.00,,
   101.802022669,1467391,,cache-misses,801589901,100.00,,
   102.002408086,118781489,,instructions,801589956,100.00,,
   102.002408086,1502004,,cache-misses,801589827,100.00,,
   102.202740586,123224380,,instructions,801589361,100.00,,
   102.202740586,1531655,,cache-misses,801589296,100.00,,
   102.403127565,118809345,,instructions,801589358,100.00,,
   102.403127565,1502824,,cache-misses,801589239,100.00,,
   102.603445117,118715079,,instructions,801588751,100.00,,
   102.603445117,1507142,,cache-misses,801588620,100.00,,
   102.803770742,119864683,,instructions,801588095,100.00,,
   102.803770742,1520073,,cache-misses,801588038,100.00,,
   103.004186210,123193954,,instructions,801588247,100.00,,
   103.004186210,1532823,,cache-misses,801588184,100.00,,
   103.204571783,118828031,,instructions,801588254,100.00,,
   103.204571783,1503448,,cache-misses,801588121,100.00,,
   103.404880533,118739148,,instructions,801587566,100.00,,
   103.404880533,1502090,,cache-misses,801587429,100.00,,
   103.605208502,118791859,,instructions,801586964,100.00,,
   103.605208502,1510749,,cache-misses,801586884,100.00,,
   103.805586939,118888092,,instructions,801586870,100.00,,
   103.805586939,1508864,,cache-misses,801586754,100.00,,
   104.005907043,118758754,,instructions,801586312,100.00,,
   104.005907043,1503992,,cache-misses,801586174,100.00,,
   104.206235168,119176381,,instructions,801585693,100.00,,
   104.206235168,1507787,,cache-misses,801585622,100.00,,
   104.406639751,123855059,,instructions,801585738,100.00,,
   104.406639751,1545816,,cache-misses,801585673,100.00,,
   104.607029230,118795128,,instructions,801585765,100.00,,
   104.607029230,1504949,,cache-misses,801585646,100.00,,
   104.807354595,118851456,,instructions,801585217,100.00,,
   104.807354595,1504797,,cache-misses,801585101,100.00,,
   105.007680480,118628779,,instructions,801584718,100.00,,
   105.007680480,1505258,,cache-misses,801584579,100.00,,
   105.207966105,118693076,,instructions,801583872,100.00,,
   105.207966105,1506465,,cache-misses,801583730,100.00,,
   105.408306418,119528908,,instructions,801583326,100.00,,
   105.408306418,1532303,,cache-misses,801583273,100.00,,
   105.608714438,121322656,,instructions,801583462,100.00,,
   105.608714438,1522494,,cache-misses,801583383,100.00,,
   105.809123084,119987376,,instructions,801583519,100.00,,
   105.809123084,1518295,,cache-misses,801583467,100.00,,
   106.009535063,119120077,,instructions,801583687,100.00,,
   106.009535063,1508562,,cache-misses,801583603,100.00,,
   106.209904490,118879783,,instructions,801583555,100.00,,
   106.209904490,1503206,,cache-misses,801583418,100.00,,
   106.410257563,117952903,,instructions,801583202,100.00,,
   106.410257563,1522735,,cache-misses,801583092,100.00,,
   106.610661209,123009449,,instructions,801583195,100.00,,
   106.610661209,1530429,,cache-misses,801583128,100.00,,
   106.811052355,118924201,,instructions,801583232,100.00,,
   106.811052355,1506108,,cache-misses,801583121,100.00,,
   107.011360688,118728243,,instructions,801582617,100.00,,
   107.011360688,1502666,,cache-misses,801582470,100.00,,
   107.211658032,118807565,,instructions,801581859,100.00,,
   107.211658032,1502994,,cache-misses,801581733,100.00,,
   107.412008240,119538500,,instructions,801581442,100.00,,
   107.412008240,1521468,,cache-misses,801581370,100.00,,
   107.612421156,122401062,,instructions,801581574,100.00,,
   107.612421156,1543760,,cache-misses,801581500,100.00,,
   107.812811208,118910204,,instructions,801581580,100.00,,
   107.812811208,1505118,,cache-misses,801581476,100.00,,
   108.013136417,118724376,,instructions,801581090,100.00,,
   108.013136417,1506051,,cache-misses,801580966,100.00,,
   108.213446312,118736431,,instructions,801580460,100.00,,
   108.213446312,1506853,,cache-misses,801580337,100.00,,
   108.413755062,118931916,,instructions,801579828,100.00,,
   108.413755062,1506110,,cache-misses,801579695,100.00,,
   108.614102302,122060996,,instructions,801579415,100.00,,
   108.614102302,1549479,,cache-misses,801579327,100.00,,
   108.814490062,119866927,,instructions,801579351,100.00,,
   108.814490062,1518332,,cache-misses,801579273,100.00,,
   109.014866520,119504100,,instructions,801579241,100.00,,
   109.014866520,1516767,,cache-misses,801579144,100.00,,
   109.215243291,119067104,,instructions,801579095,100.00,,
   109.215243291,1505633,,cache-misses,801579011,100.00,,
   109.415608291,118629587,,instructions,801578911,100.00,,
   109.415608291,1506304,,cache-misses,801578801,100.00,,
   109.615955947,150416449,,instructions,801578498,100.00,,
   109.615955947,1343432,,cache-misses,801578438,100.00,,
   109.816336781,161956667,,instructions,801578492,100.00,,
   109.816336781,1184885,,cache-misses,801578361,100.00,,
   110.016632874,161971434,,instructions,801577757,100.00,,
   110.016632874,1190037,,cache-misses,801577635,100.00,,
   110.216953864,161938059,,instructions,801577233,100.00,,
   110.216953864,1188575,,cache-misses,801577099,100.00,,
   110.417294332,163229641,,instructions,801576766,100.00,,
   110.417294332,1202054,,cache-misses,801576699,100.00,,
   110.617671884,161912756,,instructions,801576719,100.00,,
   110.617671884,1186727,,cache-misses,801576591,100.00,,
   110.817996780,134798099,,instructions,801576147,100.00,,
   110.817996780,1492060,,cache-misses,801576078,100.00,,
   111.018384332,118950620,,instructions,801576156,100.00,,
   111.018384332,1556261,,cache-misses,801576033,100.00,,
   111.218720634,119122274,,instructions,801575718,100.00,,
   111.218720634,1560998,,cache-misses,801575620,100.00,,
   111.419084592,118838347,,instructions,801575542,100.00,,
   111.419084592,1555327,,cache-misses,801575416,100.00,,
   111.619388759,118687769,,instructions,801574921,100.00,,
   111.619388759,1561115,,cache-misses,801574777,100.00,,
   111.819710061,123473973,,instructions,801574304,100.00,,
   111.819710061,1612390,,cache-misses,801574239,100.00,,
   112.020105321,118973040,,instructions,801574345,100.00,,
   112.020105321,1558832,,cache-misses,801574252,100.00,,
   112.220471207,118962768,,instructions,801573948,100.00,,
   112.220471207,1559014,,cache-misses,801574065,100.00,,
   112.420785269,118816426,,instructions,801573645,100.00,,
   112.420785269,1552909,,cache-misses,801573503,100.00,,
   112.621080946,118929908,,instructions,801572921,100.00,,
   112.621080946,1558598,,cache-misses,801572803,100.00,,
   112.821442561,122528931,,instructions,801572616,100.00,,
   112.821442561,1600752,,cache-misses,801572553,100.00,,
   113.021819956,118835379,,instructions,801572605,100.00,,
   113.021819956,1561952,,cache-misses,801572473,100.00,,
   113.222117144,118831157,,instructions,801571921,100.00,,
   113.222117144,1555824,,cache-misses,801571796,100.00,,
   113.422506988,119932069,,instructions,801571828,100.00,,
   113.422506988,1570856,,cache-misses,801571753,100.00,,
   113.622885217,118857152,,instructions,801571814,100.00,,
   113.622885217,1554966,,cache-misses,801571668,100.00,,
   113.823216675,122619935,,instructions,801571267,100.00,,
   113.823216675,1602646,,cache-misses,801571206,100.00,,
   114.023623498,123058482,,instructions,801571358,100.00,,
   114.023623498,1604147,,cache-misses,801571308,100.00,,
   114.224026414,119247733,,instructions,801571439,100.00,,
   114.224026414,1570242,,cache-misses,801571374,100.00,,
   114.424406623,118766826,,instructions,801571407,100.00,,
   114.424406623,1559913,,cache-misses,801571306,100.00,,
   114.624748133,119000729,,instructions,801571076,100.00,,
   114.624748133,1556732,,cache-misses,801570953,100.00,,
   114.825104331,123797799,,instructions,801570726,100.00,,
   114.825104331,1615196,,cache-misses,801570679,100.00,,
   115.025496726,118888601,,instructions,801570790,100.00,,
   115.025496726,1554619,,cache-misses,801570682,100.00,,
   115.225835424,118874323,,instructions,801570434,100.00,,
   115.225835424,1562850,,cache-misses,801570319,100.00,,
   115.426147091,118705629,,instructions,801569904,100.00,,
   115.426147091,1553066,,cache-misses,801569764,100.00,,
   115.626437716,118854494,,instructions,801569193,100.00,,
   115.626437716,1555753,,cache-misses,801569057,100.00,,
   115.826789539,116977777,,instructions,801568785,100.00,,
   115.826789539,1507513,,cache-misses,801568751,100.00,,
   116.027324851,188203314,,instructions,801569614,100.00,,
   116.027324851,264995,,cache-misses,801569694,100.00,,
   116.227830789,131275678,,instructions,801570575,100.00,,
   116.227830789,113083,,cache-misses,801570523,100.00,,
   116.428212143,172103058,,instructions,801570514,100.00,,
   116.428212143,44190,,cache-misses,801570451,100.00,,
   116.628580424,170850264,,instructions,801570441,100.00,,
   116.628580424,25402,,cache-misses,801570302,100.00,,
   116.828880788,170723246,,instructions,801569738,100.00,,
   116.828880788,27094,,cache-misses,801569656,100.00,,
   117.029220892,174206681,,instructions,801569352,100.00,,
   117.029220892,55631,,cache-misses,801569291,100.00,,
   117.229599069,175078971,,instructions,801569309,100.00,,
   117.229599069,44810,,cache-misses,801569208,100.00,,
   117.429964694,172818274,,instructions,801569043,100.00,,
   117.429964694,48245,,cache-misses,801569009,100.00,,
   117.630529694,170537582,,instructions,801569614,100.00,,
   117.630529694,42970,,cache-misses,801570161,100.00,,
   117.831019017,169659372,,instructions,801570833,100.00,,
   117.831019017,52471,,cache-misses,801570826,100.00,,
   118.031495475,171709207,,instructions,801571427,100.00,,
   118.031495475,35327,,cache-misses,801571410,100.00,,
   118.232348079,249021964,,instructions,801573638,100.00,,
   118.232348079,275799,,cache-misses,801574258,100.00,,
   118.433762715,226798018,,instructions,801581502,100.00,,
   118.433762715,68574,,cache-misses,801581444,100.00,,
   118.634123808,338415017,,instructions,801581362,100.00,,
   118.634123808,23238,,cache-misses,801581225,100.00,,
   118.834430683,334526115,,instructions,801580685,100.00,,
   118.834430683,134765,,cache-misses,801580610,100.00,,
   119.034974121,324601095,,instructions,801581514,100.00,,
   119.034974121,111143,,cache-misses,801581581,100.00,,
   119.235565475,325018520,,instructions,801582878,100.00,,
   119.235565475,85385,,cache-misses,801582904,100.00,,
   119.437038756,295920715,,instructions,801586883,100.00,,
   119.437038756,323608,,cache-misses,801589353,100.00,,
   119.639498027,377440951,,instructions,801604069,100.00,,
   119.639498027,104823,,cache-misses,801603982,100.00,,
   119.839872975,644053787,,instructions,801603883,100.00,,
   119.839872975,199398,,cache-misses,801603808,100.00,,
   120.040326308,573480601,,instructions,801604167,100.00,,
   120.040326308,147013,,cache-misses,801604140,100.00,,
   120.241816777,264566506,,instructions,801608368,100.00,,
   120.241816777,286774,,cache-misses,801610666,100.00,,
   120.444428912,536114688,,instructions,801626168,100.00,,
   120.444428912,136363,,cache-misses,801626111,100.00,,
   120.644954485,587975191,,instructions,801626790,100.00,,
   120.644954485,77759,,cache-misses,801626873,100.00,,
   120.845515318,476102408,,instructions,801627987,100.00,,
   120.845515318,162183,,cache-misses,801627924,100.00,,
   121.045914328,12094295,,instructions,801627945,100.00,,
   121.045914328,46597,,cache-misses,801627884,100.00,,
   121.246281099,8455806,,instructions,801627783,100.00,,
   121.246281099,11940,,cache-misses,801627638,100.00,,
   121.451860682,8993314,,instructions,801661876,100.00,,
   121.451860682,18310,,cache-misses,801661767,100.00,,
   121.652142766,8419623,,instructions,801661022,100.00,,
   121.652142766,12063,,cache-misses,801660887,100.00,,
   121.852407193,8331442,,instructions,801660073,100.00,,
   121.852407193,9563,,cache-misses,801659911,100.00,,
   122.052656776,8340913,,instructions,801658988,100.00,,
   122.052656776,9338,,cache-misses,801658825,100.00,,
   122.252950474,9293625,,instructions,801658060,100.00,,
   122.252950474,23612,,cache-misses,801658008,100.00,,
   122.453325317,8571781,,instructions,801657878,100.00,,
   122.453325317,17229,,cache-misses,801657758,100.00,,
   122.653598911,8374808,,instructions,801657008,100.00,,
   122.653598911,10380,,cache-misses,801656850,100.00,,
   122.853858026,8583872,,instructions,801655983,100.00,,
   122.853858026,12570,,cache-misses,801655833,100.00,,
   123.054123651,8349148,,instructions,801655024,100.00,,
   123.054123651,10127,,cache-misses,801654871,100.00,,
   123.254376046,8378418,,instructions,801653979,100.00,,
   123.254376046,10386,,cache-misses,801653822,100.00,,
   123.454634067,8483891,,instructions,801652948,100.00,,
   123.454634067,13020,,cache-misses,801652806,100.00,,
   123.654896515,8325720,,instructions,801651989,100.00,,
   123.654896515,9782,,cache-misses,801651836,100.00,,
   123.855192088,9276623,,instructions,801651107,100.00,,
   123.855192088,26213,,cache-misses,801651055,100.00,,
   124.055582504,8675982,,instructions,801650986,100.00,,
   124.055582504,16963,,cache-misses,801650904,100.00,,
   124.255952817,8486752,,instructions,801650702,100.00,,
   124.255952817,18068,,cache-misses,801650638,100.00,,
   124.456312087,8424999,,instructions,801650444,100.00,,
   124.456312087,12392,,cache-misses,801650309,100.00,,
   124.656599952,8401353,,instructions,801649645,100.00,,
   124.656599952,12699,,cache-misses,801649505,100.00,,
   124.856888494,8298685,,instructions,801648874,100.00,,
   124.856888494,9680,,cache-misses,801648718,100.00,,
   125.057164275,8473439,,instructions,801647989,100.00,,
   125.057164275,11706,,cache-misses,801647836,100.00,,
   125.257487868,9215707,,instructions,801647301,100.00,,
   125.257487868,24916,,cache-misses,801647252,100.00,,
   125.457872139,8287321,,instructions,801647231,100.00,,
   125.457872139,12755,,cache-misses,801647095,100.00,,
   125.658161150,8331984,,instructions,801646462,100.00,,
   125.658161150,12014,,cache-misses,801646317,100.00,,
   125.858483024,9720527,,instructions,801645774,100.00,,
   125.858483024,28436,,cache-misses,801645721,100.00,,
   126.058871306,8580112,,instructions,801645715,100.00,,
   126.058871306,17327,,cache-misses,801645592,100.00,,
   126.259175316,8213056,,instructions,801645012,100.00,,
   126.259175316,10064,,cache-misses,801644875,100.00,,
   126.459496878,8505242,,instructions,801644442,100.00,,
   126.459496878,16977,,cache-misses,801644336,100.00,,
   126.659821618,8401983,,instructions,801643929,100.00,,
   126.659821618,13562,,cache-misses,801643797,100.00,,
   126.860151357,9194835,,instructions,801643326,100.00,,
   126.860151357,29558,,cache-misses,801643266,100.00,,
   127.060593649,8444081,,instructions,801643601,100.00,,
   127.060593649,14432,,cache-misses,801643479,100.00,,
   127.260894951,8190197,,instructions,801642935,100.00,,
   127.260894951,11202,,cache-misses,801642792,100.00,,
   127.461178284,8120598,,instructions,801642134,100.00,,
   127.461178284,9580,,cache-misses,801641995,100.00,,
   127.661487711,8250243,,instructions,801641497,100.00,,
   127.661487711,12832,,cache-misses,801641358,100.00,,
   127.861750472,8108524,,instructions,801640587,100.00,,
   127.861750472,9767,,cache-misses,801640438,100.00,,
   128.062001461,8103136,,instructions,801639587,100.00,,
   128.062001461,9365,,cache-misses,801639442,100.00,,
   128.262286305,9080764,,instructions,801638706,100.00,,
   128.262286305,25915,,cache-misses,801638636,100.00,,
   128.462651930,8152811,,instructions,801638513,100.00,,
   128.462651930,14132,,cache-misses,801638379,100.00,,
   128.662918753,8161157,,instructions,801637627,100.00,,
   128.662918753,11062,,cache-misses,801637487,100.00,,
   128.863177450,8232243,,instructions,801636684,100.00,,
   128.863177450,13155,,cache-misses,801636553,100.00,,
   129.063449221,8443630,,instructions,801635826,100.00,,
   129.063449221,15628,,cache-misses,801635700,100.00,,
   129.263761981,8614069,,instructions,801635159,100.00,,
   129.263761981,19354,,cache-misses,801635083,100.00,,
   129.464106356,8341300,,instructions,801634823,100.00,,
   129.464106356,12768,,cache-misses,801634698,100.00,,
   129.664384065,8333466,,instructions,801634040,100.00,,
   129.664384065,11087,,cache-misses,801633899,100.00,,
   129.864685940,9140264,,instructions,801633271,100.00,,
   129.864685940,25571,,cache-misses,801633215,100.00,,
   130.065054221,8298759,,instructions,801633110,100.00,,
   130.065054221,11454,,cache-misses,801632987,100.00,,
   130.265317398,8297554,,instructions,801632244,100.00,,
   130.265317398,10837,,cache-misses,801632101,100.00,,
   130.465571929,8214011,,instructions,801631310,100.00,,
   130.465571929,9369,,cache-misses,801631161,100.00,,
   130.665825783,8238689,,instructions,801630354,100.00,,
   130.665825783,10014,,cache-misses,801630211,100.00,,
   130.866119950,9723150,,instructions,801629543,100.00,,
   130.866119950,29504,,cache-misses,801629493,100.00,,
   131.066488179,8113382,,instructions,801629392,100.00,,
   131.066488179,17574,,cache-misses,801629272,100.00,,
   131.266793908,9227164,,instructions,801628688,100.00,,
   131.266793908,24978,,cache-misses,801628632,100.00,,
   131.467238960,8587096,,instructions,801628962,100.00,,
   131.467238960,19888,,cache-misses,801628877,100.00,,
   131.667534376,8192950,,instructions,801628356,100.00,,
   131.667534376,9697,,cache-misses,801628211,100.00,,
   131.867798855,8343953,,instructions,801627455,100.00,,
   131.867798855,13108,,cache-misses,801627331,100.00,,
   132.068066564,8183159,,instructions,801626640,100.00,,
   132.068066564,9895,,cache-misses,801626500,100.00,,
   132.268317032,8271587,,instructions,801625693,100.00,,
   132.268317032,11113,,cache-misses,801625553,100.00,,
   132.468570053,8245877,,instructions,801624768,100.00,,
   132.468570053,11174,,cache-misses,801624624,100.00,,
   132.668823334,8156300,,instructions,801623853,100.00,,
   132.668823334,9211,,cache-misses,801623701,100.00,,
   132.869116980,9220059,,instructions,801623058,100.00,,
   132.869116980,27170,,cache-misses,801623001,100.00,,
   133.069488282,8269584,,instructions,801622938,100.00,,
   133.069488282,12022,,cache-misses,801622809,100.00,,
   133.269756042,8380497,,instructions,801622123,100.00,,
   133.269756042,11485,,cache-misses,801621986,100.00,,
   133.470015678,8225418,,instructions,801621250,100.00,,
   133.470015678,11084,,cache-misses,801621109,100.00,,
   133.670276303,8197448,,instructions,801620387,100.00,,
   133.670276303,10606,,cache-misses,801620242,100.00,,
   133.870581251,8270099,,instructions,801619774,100.00,,
   133.870581251,12223,,cache-misses,801619641,100.00,,
   134.070848646,8334177,,instructions,801618933,100.00,,
   134.070848646,13288,,cache-misses,801618816,100.00,,
   134.271171615,9330328,,instructions,801618350,100.00,,
   134.271171615,30381,,cache-misses,801618302,100.00,,
   134.471540573,8271392,,instructions,801618235,100.00,,
   134.471540573,12746,,cache-misses,801618111,100.00,,
   134.671800157,8226608,,instructions,801617395,100.00,,
   134.671800157,9206,,cache-misses,801617256,100.00,,
   134.872104844,8412640,,instructions,801616786,100.00,,
   134.872104844,12965,,cache-misses,801616662,100.00,,
   135.072385365,8367514,,instructions,801616047,100.00,,
   135.072385365,12631,,cache-misses,801615922,100.00,,
   135.272646875,8289397,,instructions,801615226,100.00,,
   135.272646875,10883,,cache-misses,801615087,100.00,,
   135.472910052,8473646,,instructions,801614392,100.00,,
   135.472910052,13213,,cache-misses,801614255,100.00,,
   135.673175312,8203637,,instructions,801613575,100.00,,
   135.673175312,9169,,cache-misses,801613437,100.00,,
   135.873476146,10301601,,instructions,801612856,100.00,,
   135.873476146,44649,,cache-misses,801612805,100.00,,
   136.073853593,8298142,,instructions,801612770,100.00,,
   136.073853593,18236,,cache-misses,801612665,100.00,,
   136.274134948,8260353,,instructions,801612084,100.00,,
   136.274134948,11130,,cache-misses,801611958,100.00,,
   136.474435416,8517928,,instructions,801611458,100.00,,
   136.474435416,15776,,cache-misses,801611357,100.00,,
   136.674725937,8266473,,instructions,801610834,100.00,,
   136.674725937,11821,,cache-misses,801610703,100.00,,
   136.874989218,8214507,,instructions,801610031,100.00,,
   136.874989218,9679,,cache-misses,801609888,100.00,,
   137.075244739,8383130,,instructions,801609165,100.00,,
   137.075244739,13637,,cache-misses,801609029,100.00,,
   137.275546822,9079416,,instructions,801608473,100.00,,
   137.275546822,25134,,cache-misses,801608420,100.00,,
   137.475917343,8471219,,instructions,801608356,100.00,,
   137.475917343,14548,,cache-misses,801608243,100.00,,
   137.676237291,13380400,,instructions,801607801,100.00,,
   137.676237291,101057,,cache-misses,801607752,100.00,,
   137.876608905,8312603,,instructions,801607708,100.00,,
   137.876608905,13138,,cache-misses,801607598,100.00,,
   138.076881145,8270581,,instructions,801606979,100.00,,
   138.076881145,11644,,cache-misses,801606850,100.00,,
   138.277141405,8293237,,instructions,801606166,100.00,,
   138.277141405,12254,,cache-misses,801606032,100.00,,
   138.477405936,8260960,,instructions,801605364,100.00,,
   138.477405936,12322,,cache-misses,801605236,100.00,,
   138.677675259,8148608,,instructions,801604608,100.00,,
   138.677675259,9188,,cache-misses,801604473,100.00,,
   138.877967967,9048427,,instructions,801603889,100.00,,
   138.877967967,25155,,cache-misses,801603831,100.00,,
   139.078334999,8312336,,instructions,801603764,100.00,,
   139.078334999,13659,,cache-misses,801603652,100.00,,
   139.278637551,8698901,,instructions,801603124,100.00,,
   139.278637551,22546,,cache-misses,801603063,100.00,,
   139.478975467,8331184,,instructions,801602852,100.00,,
   139.478975467,11050,,cache-misses,801602725,100.00,,
   139.679235050,8484534,,instructions,801602040,100.00,,
   139.679235050,12438,,cache-misses,801601915,100.00,,
   139.879500050,8254216,,instructions,801601280,100.00,,
   139.879500050,9680,,cache-misses,801601142,100.00,,
   140.079751300,8332102,,instructions,801600416,100.00,,
   140.079751300,11055,,cache-misses,801600289,100.00,,
   140.280049269,9119462,,instructions,801599717,100.00,,
   140.280049269,25905,,cache-misses,801599666,100.00,,
   140.480461456,8322317,,instructions,801599693,100.00,,
   140.480461456,12993,,cache-misses,801599765,100.00,,
   140.680720831,8231137,,instructions,801599116,100.00,,
   140.680720831,9319,,cache-misses,801598976,100.00,,
   140.881018331,9469443,,instructions,801598417,100.00,,
   140.881018331,30962,,cache-misses,801598370,100.00,,
   141.081384789,8285607,,instructions,801598314,100.00,,
   141.081384789,16267,,cache-misses,801598202,100.00,,
   141.281650050,8318337,,instructions,801597575,100.00,,
   141.281650050,11401,,cache-misses,801597443,100.00,,
   141.481956664,8555702,,instructions,801596997,100.00,,
   141.481956664,16686,,cache-misses,801596905,100.00,,
   141.682256873,8427926,,instructions,801596481,100.00,,
   141.682256873,11780,,cache-misses,801596355,100.00,,
   141.882567810,9153170,,instructions,801595866,100.00,,
   141.882567810,26965,,cache-misses,801595831,100.00,,
   142.082984216,8282949,,instructions,801596064,100.00,,
   142.082984216,11937,,cache-misses,801595951,100.00,,
   142.283249789,8297207,,instructions,801595336,100.00,,
   142.283249789,11953,,cache-misses,801595205,100.00,,
   142.483502914,8192611,,instructions,801594524,100.00,,
   142.483502914,9462,,cache-misses,801594387,100.00,,
   142.683753851,8218330,,instructions,801593692,100.00,,
   142.683753851,10518,,cache-misses,801593557,100.00,,
   142.884009945,8178880,,instructions,801592896,100.00,,
   142.884009945,9491,,cache-misses,801592759,100.00,,
   143.084258330,8179898,,instructions,801592059,100.00,,
   143.084258330,9310,,cache-misses,801591921,100.00,,
   143.284556716,9237817,,instructions,801591367,100.00,,
   143.284556716,28925,,cache-misses,801591330,100.00,,
   143.484926455,8297780,,instructions,801591298,100.00,,
   143.484926455,12697,,cache-misses,801591195,100.00,,
   143.685192809,8339234,,instructions,801590594,100.00,,
   143.685192809,10680,,cache-misses,801590470,100.00,,
   143.885453382,8230804,,instructions,801589829,100.00,,
   143.885453382,11304,,cache-misses,801589706,100.00,,
   144.085711507,8199381,,instructions,801589067,100.00,,
   144.085711507,10496,,cache-misses,801588932,100.00,,
   144.286012340,13347841,,instructions,801588410,100.00,,
   144.286012340,78779,,cache-misses,801588371,100.00,,
   144.486375309,8411011,,instructions,801588301,100.00,,
   144.486375309,13656,,cache-misses,801588199,100.00,,
   144.686643955,8244732,,instructions,801587631,100.00,,
   144.686643955,9567,,cache-misses,801587497,100.00,,
   144.886939892,9151696,,instructions,801586960,100.00,,
   144.886939892,26114,,cache-misses,801586912,100.00,,
   145.087307132,8297982,,instructions,801586876,100.00,,
   145.087307132,11392,,cache-misses,801586765,100.00,,
   145.287571090,8363269,,instructions,801586169,100.00,,
   145.287571090,12205,,cache-misses,801586041,100.00,,
   145.487830257,8387140,,instructions,801585412,100.00,,
   145.487830257,12063,,cache-misses,801585286,100.00,,
   145.688090152,8251481,,instructions,801584664,100.00,,
   145.688090152,10488,,cache-misses,801584534,100.00,,
   145.888392236,9743012,,instructions,801584051,100.00,,
   145.888392236,29318,,cache-misses,801583995,100.00,,
   146.088759892,8208763,,instructions,801583966,100.00,,
   146.088759892,15068,,cache-misses,801583859,100.00,,
   146.289065152,9036071,,instructions,801583378,100.00,,
   146.289065152,25870,,cache-misses,801583338,100.00,,
   146.489481923,8615137,,instructions,801583550,100.00,,
   146.489481923,18228,,cache-misses,801583471,100.00,,
   146.689773277,8205186,,instructions,801583037,100.00,,
   146.689773277,10281,,cache-misses,801582909,100.00,,
   146.890032548,8256744,,instructions,801582284,100.00,,
   146.890032548,10959,,cache-misses,801582160,100.00,,
   147.090290308,8180261,,instructions,801581546,100.00,,
   147.090290308,9512,,cache-misses,801581411,100.00,,
   147.290591870,8303198,,instructions,801581015,100.00,,
   147.290591870,12230,,cache-misses,801580899,100.00,,
   147.490860464,8450414,,instructions,801580321,100.00,,
   147.490860464,15974,,cache-misses,801580210,100.00,,
   147.691143954,8178082,,instructions,801579742,100.00,,
   147.691143954,9774,,cache-misses,801579611,100.00,,
   147.891439631,9201783,,instructions,801579098,100.00,,
   147.891439631,27017,,cache-misses,801579052,100.00,,
   148.091808537,8235334,,instructions,801579031,100.00,,
   148.091808537,11700,,cache-misses,801578925,100.00,,
   148.292076974,8302351,,instructions,801578358,100.00,,
   148.292076974,12490,,cache-misses,801578243,100.00,,
   148.492339682,8279172,,instructions,801577658,100.00,,
   148.492339682,11784,,cache-misses,801577537,100.00,,
   148.692601714,8182570,,instructions,801576949,100.00,,
   148.692601714,10548,,cache-misses,801576822,100.00,,
   148.892855516,8156952,,instructions,801576200,100.00,,
   148.892855516,9586,,cache-misses,801576069,100.00,,
   149.093103849,8157907,,instructions,801575419,100.00,,
   149.093103849,9265,,cache-misses,801575287,100.00,,
   149.293439266,9559962,,instructions,801574986,100.00,,
   149.293439266,37537,,cache-misses,801574950,100.00,,
   149.493812495,8470824,,instructions,801574963,100.00,,
   149.493812495,14863,,cache-misses,801574856,100.00,,
   149.694082495,8247318,,instructions,801574330,100.00,,
   149.694082495,9423,,cache-misses,801574200,100.00,,
   149.894339838,8485005,,instructions,801573594,100.00,,
   149.894339838,12507,,cache-misses,801573469,100.00,,
   150.094599421,8251097,,instructions,801572887,100.00,,
   150.094599421,9718,,cache-misses,801572757,100.00,,
   150.294851609,8300578,,instructions,801572130,100.00,,
   150.294851609,10576,,cache-misses,801572004,100.00,,
   150.495106713,8376336,,instructions,801571391,100.00,,
   150.495106713,12875,,cache-misses,801571268,100.00,,
   150.695368119,8192051,,instructions,801570703,100.00,,
   150.695368119,9241,,cache-misses,801570572,100.00,,
