# Mon May 06 20:25:45 2019
abstime,time_stamp,volt,curr,pf,mul
1557199545162,0.08,122.2,0.00403,0.398,0.196001468
1557199545211,0.129,122.3,0.00405,0.395,0.195649425
1557199545257,0.175,122.3,0.00405,0.395,0.195649425
1557199545303,0.221,122.3,0.00405,0.395,0.195649425
1557199545349,0.267,122.3,0.00405,0.395,0.195649425
1557199545402,0.32,122.3,0.00411,0.395,0.198547935
1557199545447,0.365,122.3,0.00411,0.395,0.198547935
1557199545493,0.411,122.3,0.00411,0.395,0.198547935
1557199545538,0.456,122.3,0.00411,0.395,0.198547935
1557199545602,0.52,122.2,0.00408,0.393,0.195940368
1557199545647,0.565,122.2,0.00408,0.393,0.195940368
1557199545692,0.611,122.2,0.00408,0.393,0.195940368
1557199545737,0.656,122.2,0.00408,0.393,0.195940368
1557199545802,0.72,122.2,0.00405,0.399,0.19746909
1557199545848,0.766,122.2,0.00405,0.399,0.19746909
1557199545895,0.813,122.2,0.00405,0.399,0.19746909
1557199545941,0.859,122.2,0.00405,0.399,0.19746909
1557199546002,0.92,122.2,0.00404,0.4,0.1974752
1557199546048,0.966,122.2,0.00404,0.4,0.1974752
1557199546094,1.012,122.2,0.00404,0.4,0.1974752
1557199546140,1.058,122.2,0.00404,0.4,0.1974752
1557199546202,1.12,122.2,0.00404,0.399,0.196981512
1557199546248,1.166,122.2,0.00404,0.399,0.196981512
1557199546295,1.213,122.2,0.00404,0.399,0.196981512
1557199546341,1.259,122.2,0.00404,0.399,0.196981512
1557199546402,1.32,122.3,0.00406,0.402,0.199608276
1557199546448,1.366,122.3,0.00406,0.402,0.199608276
1557199546494,1.412,122.3,0.00406,0.402,0.199608276
1557199546540,1.458,122.3,0.00406,0.402,0.199608276
1557199546601,1.519,122.2,0.00403,0.396,0.195016536
1557199546647,1.565,122.2,0.00403,0.396,0.195016536
1557199546693,1.611,122.2,0.00403,0.396,0.195016536
1557199546739,1.657,122.2,0.00403,0.396,0.195016536
1557199546802,1.72,122.2,0.00405,0.395,0.19548945
1557199546848,1.766,122.2,0.00405,0.395,0.19548945
1557199546894,1.812,122.2,0.00405,0.395,0.19548945
1557199546940,1.858,122.2,0.00405,0.395,0.19548945
1557199547002,1.92,122.2,0.00408,0.399,0.198931824
1557199547048,1.966,122.2,0.00408,0.399,0.198931824
1557199547094,2.012,122.2,0.00408,0.399,0.198931824
1557199547140,2.058,122.2,0.00408,0.399,0.198931824
1557199547201,2.119,122.3,0.00406,0.398,0.197622124
1557199547247,2.165,122.3,0.00406,0.398,0.197622124
1557199547293,2.211,122.3,0.00406,0.398,0.197622124
1557199547339,2.257,122.3,0.00406,0.398,0.197622124
1557199547401,2.319,122.3,0.00411,0.393,0.197542629
1557199547447,2.365,122.3,0.00411,0.393,0.197542629
1557199547494,2.412,122.3,0.00411,0.393,0.197542629
1557199547540,2.458,122.3,0.00411,0.393,0.197542629
1557199547602,2.52,122.3,0.00404,0.394,0.194672248
1557199547648,2.566,122.3,0.00404,0.394,0.194672248
1557199547694,2.612,122.3,0.00404,0.394,0.194672248
1557199547740,2.658,122.3,0.00404,0.394,0.194672248
1557199547801,2.719,122.2,0.00405,0.397,0.19647927
1557199547847,2.765,122.2,0.00405,0.397,0.19647927
1557199547893,2.811,122.2,0.00405,0.397,0.19647927
1557199547940,2.858,122.2,0.00405,0.397,0.19647927
1557199548002,2.92,122.2,0.00409,0.397,0.198419806
1557199548048,2.966,122.2,0.00409,0.397,0.198419806
1557199548094,3.012,122.2,0.00409,0.397,0.198419806
1557199548141,3.059,122.2,0.00409,0.397,0.198419806
1557199548202,3.12,122.2,0.00406,0.399,0.197956668
1557199548248,3.166,122.2,0.00406,0.399,0.197956668
1557199548294,3.212,122.2,0.00406,0.399,0.197956668
1557199548340,3.258,122.2,0.00406,0.399,0.197956668
1557199548401,3.319,122.3,0.00406,0.397,0.197125586
1557199548448,3.366,122.3,0.00406,0.397,0.197125586
1557199548494,3.412,122.3,0.00406,0.397,0.197125586
1557199548540,3.458,122.3,0.00406,0.397,0.197125586
1557199548601,3.519,122.3,0.00403,0.399,0.196654731
1557199548647,3.565,122.3,0.00403,0.399,0.196654731
1557199548693,3.611,122.3,0.00403,0.399,0.196654731
1557199548739,3.657,122.3,0.00403,0.399,0.196654731
1557199548801,3.719,122.2,0.00408,0.396,0.197436096
1557199548847,3.765,122.2,0.00408,0.396,0.197436096
1557199548894,3.812,122.2,0.00408,0.396,0.197436096
1557199548940,3.858,122.2,0.00408,0.396,0.197436096
1557199549002,3.92,122.2,0.00406,0.397,0.196964404
1557199549048,3.966,122.2,0.00406,0.397,0.196964404
1557199549094,4.012,122.2,0.00406,0.397,0.196964404
1557199549141,4.059,122.2,0.00406,0.397,0.196964404
1557199549202,4.12,122.2,0.0041,0.395,0.1979029
1557199549248,4.166,122.2,0.0041,0.395,0.1979029
1557199549294,4.212,122.2,0.0041,0.395,0.1979029
1557199549340,4.258,122.2,0.0041,0.395,0.1979029
1557199549401,4.319,122.2,0.0041,0.394,0.19740188
1557199549447,4.365,122.2,0.0041,0.394,0.19740188
1557199549493,4.411,122.2,0.0041,0.394,0.19740188
1557199549539,4.457,122.2,0.0041,0.394,0.19740188
1557199549602,4.52,122.2,0.00402,0.399,0.196006356
1557199549648,4.566,122.2,0.00402,0.399,0.196006356
1557199549694,4.612,122.2,0.00402,0.399,0.196006356
1557199549740,4.658,122.2,0.00402,0.399,0.196006356
1557199549801,4.719,122.2,0.00402,0.401,0.196988844
1557199549848,4.766,122.2,0.00402,0.401,0.196988844
1557199549894,4.812,122.2,0.00402,0.401,0.196988844
1557199549940,4.858,122.2,0.00402,0.401,0.196988844
1557199550001,4.919,122.2,0.00406,0.398,0.197460536
1557199550047,4.965,122.2,0.00406,0.398,0.197460536
1557199550093,5.011,122.2,0.00406,0.398,0.197460536
1557199550140,5.058,122.2,0.00406,0.398,0.197460536
1557199550202,5.12,122.2,0.00406,0.397,0.196964404
1557199550248,5.166,122.2,0.00406,0.397,0.196964404
1557199550294,5.212,122.2,0.00406,0.397,0.196964404
1557199550340,5.258,122.2,0.00406,0.397,0.196964404
1557199550401,5.319,122.2,0.00407,0.393,0.195460122
1557199550447,5.365,122.2,0.00407,0.393,0.195460122
1557199550494,5.412,122.2,0.00407,0.393,0.195460122
1557199550540,5.458,122.2,0.00407,0.393,0.195460122
1557199550602,5.52,122.2,0.00404,0.397,0.195994136
1557199550648,5.566,122.2,0.00404,0.397,0.195994136
1557199550694,5.612,122.2,0.00404,0.397,0.195994136
1557199550740,5.658,122.2,0.00404,0.397,0.195994136
1557199550801,5.719,122.2,0.00403,0.401,0.197478866
1557199550848,5.766,122.2,0.00403,0.401,0.197478866
1557199550894,5.812,122.2,0.00403,0.401,0.197478866
1557199550940,5.858,122.2,0.00403,0.401,0.197478866
1557199551001,5.919,122.2,0.00408,0.394,0.196438944
1557199551047,5.965,122.2,0.00408,0.394,0.196438944
1557199551093,6.011,122.2,0.00408,0.394,0.196438944
1557199551139,6.057,122.2,0.00408,0.394,0.196438944
1557199551202,6.12,122.2,0.00405,0.399,0.19746909
1557199551248,6.166,122.2,0.00405,0.399,0.19746909
1557199551294,6.212,122.2,0.00405,0.399,0.19746909
1557199551340,6.258,122.2,0.00405,0.399,0.19746909
1557199551401,6.319,122.3,0.00408,0.397,0.198096648
1557199551447,6.365,122.3,0.00408,0.397,0.198096648
1557199551493,6.411,122.3,0.00408,0.397,0.198096648
1557199551539,6.457,122.3,0.00408,0.397,0.198096648
1557199551602,6.52,122.3,0.00401,0.4,0.1961692
1557199551648,6.566,122.3,0.00401,0.4,0.1961692
1557199551694,6.612,122.3,0.00401,0.4,0.1961692
1557199551740,6.658,122.3,0.00401,0.4,0.1961692
1557199551802,6.72,122.2,0.00401,0.401,0.196498822
1557199551848,6.766,122.2,0.00401,0.401,0.196498822
1557199551894,6.812,122.2,0.00401,0.401,0.196498822
1557199551940,6.858,122.2,0.00401,0.401,0.196498822
1557199552001,6.919,122.2,0.00404,0.399,0.196981512
1557199552047,6.965,122.2,0.00404,0.399,0.196981512
1557199552093,7.011,122.2,0.00404,0.399,0.196981512
1557199552139,7.057,122.2,0.00404,0.399,0.196981512
1557199552202,7.12,122.2,0.00407,0.401,0.199438954
1557199552248,7.166,122.2,0.00407,0.401,0.199438954
1557199552294,7.212,122.2,0.00407,0.401,0.199438954
1557199552340,7.258,122.2,0.00407,0.401,0.199438954
1557199552401,7.319,122.3,0.00406,0.397,0.197125586
1557199552447,7.365,122.3,0.00406,0.397,0.197125586
1557199552493,7.411,122.3,0.00406,0.397,0.197125586
1557199552539,7.457,122.3,0.00406,0.397,0.197125586
1557199552601,7.519,122.3,0.00403,0.397,0.195668993
1557199552647,7.565,122.3,0.00403,0.397,0.195668993
1557199552693,7.611,122.3,0.00403,0.397,0.195668993
1557199552739,7.657,122.3,0.00403,0.397,0.195668993
1557199552801,7.719,122.2,0.00405,0.397,0.19647927
1557199552848,7.766,122.2,0.00405,0.397,0.19647927
1557199552894,7.812,122.2,0.00405,0.397,0.19647927
1557199552940,7.858,122.2,0.00405,0.397,0.19647927
1557199553002,7.92,122.2,0.00408,0.397,0.197934672
1557199553048,7.966,122.2,0.00408,0.397,0.197934672
1557199553095,8.013,122.2,0.00408,0.397,0.197934672
1557199553140,8.058,122.2,0.00408,0.397,0.197934672
1557199553201,8.119,122.2,0.00404,0.398,0.196487824
1557199553247,8.165,122.2,0.00404,0.398,0.196487824
1557199553293,8.211,122.2,0.00404,0.398,0.196487824
1557199553339,8.257,122.2,0.00404,0.398,0.196487824
1557199553402,8.32,122.3,0.00409,0.394,0.197081558
1557199553448,8.366,122.3,0.00409,0.394,0.197081558
1557199553494,8.412,122.3,0.00409,0.394,0.197081558
1557199553540,8.458,122.3,0.00409,0.394,0.197081558
1557199553601,8.519,122.3,0.00406,0.4,0.1986152
1557199553647,8.565,122.3,0.00406,0.4,0.1986152
1557199553694,8.612,122.3,0.00406,0.4,0.1986152
1557199553740,8.658,122.3,0.00406,0.4,0.1986152
1557199553801,8.719,122.2,0.00405,0.395,0.19548945
1557199553847,8.765,122.2,0.00405,0.395,0.19548945
1557199553893,8.811,122.2,0.00405,0.395,0.19548945
1557199553939,8.857,122.2,0.00405,0.395,0.19548945
1557199554001,8.919,122.2,0.00405,0.396,0.19598436
1557199554048,8.966,122.2,0.00405,0.396,0.19598436
1557199554094,9.012,122.2,0.00405,0.396,0.19598436
1557199554140,9.058,122.2,0.00405,0.396,0.19598436
1557199554201,9.119,122.2,0.00405,0.4,0.197964
1557199554247,9.165,122.2,0.00405,0.4,0.197964
1557199554293,9.211,122.2,0.00405,0.4,0.197964
1557199554339,9.257,122.2,0.00405,0.4,0.197964
1557199554400,9.319,122.2,0.00408,0.398,0.198433248
1557199554447,9.365,122.2,0.00408,0.398,0.198433248
1557199554493,9.411,122.2,0.00408,0.398,0.198433248
1557199554539,9.457,122.2,0.00408,0.398,0.198433248
1557199554601,9.519,122.2,0.00411,0.393,0.197381106
1557199554647,9.565,122.2,0.00411,0.393,0.197381106
1557199554694,9.612,122.2,0.00411,0.393,0.197381106
1557199554740,9.658,122.2,0.00411,0.393,0.197381106
1557199554801,9.719,122.2,0.00404,0.397,0.195994136
1557199554847,9.765,122.2,0.00404,0.397,0.195994136
1557199554893,9.811,122.2,0.00404,0.397,0.195994136
1557199554939,9.857,122.2,0.00404,0.397,0.195994136
1557199555001,9.919,122.2,0.00405,0.395,0.19548945
1557199555047,9.965,122.2,0.00405,0.395,0.19548945
1557199555093,10.011,122.2,0.00405,0.395,0.19548945
1557199555139,10.057,122.2,0.00405,0.395,0.19548945
1557199555201,10.119,122.3,0.00409,0.396,0.198081972
1557199555248,10.166,122.3,0.00409,0.396,0.198081972
1557199555294,10.212,122.3,0.00409,0.396,0.198081972
1557199555340,10.258,122.3,0.00409,0.396,0.198081972
1557199555401,10.319,122.3,0.00405,0.397,0.196640055
1557199555447,10.365,122.3,0.00405,0.397,0.196640055
1557199555493,10.411,122.3,0.00405,0.397,0.196640055
1557199555539,10.457,122.3,0.00405,0.397,0.196640055
1557199555600,10.518,122.2,0.00403,0.396,0.195016536
1557199555646,10.564,122.2,0.00403,0.396,0.195016536
1557199555692,10.61,122.2,0.00403,0.396,0.195016536
1557199555738,10.656,122.2,0.00403,0.396,0.195016536
1557199555801,10.719,122.2,0.00402,0.396,0.194532624
1557199555847,10.765,122.2,0.00402,0.396,0.194532624
1557199555893,10.811,122.2,0.00402,0.396,0.194532624
1557199555940,10.858,122.2,0.00402,0.396,0.194532624
1557199556003,10.921,122.2,0.00404,0.397,0.195994136
1557199556049,10.967,122.2,0.00404,0.397,0.195994136
1557199556095,11.013,122.2,0.00404,0.397,0.195994136
1557199556141,11.059,122.2,0.00404,0.397,0.195994136
1557199556201,11.119,122.2,0.00412,0.397,0.199875208
1557199556247,11.165,122.2,0.00412,0.397,0.199875208
1557199556293,11.211,122.2,0.00412,0.397,0.199875208
1557199556339,11.257,122.2,0.00412,0.397,0.199875208
1557199556401,11.319,122.2,0.00414,0.39,0.19730412
1557199556447,11.365,122.2,0.00414,0.39,0.19730412
1557199556493,11.411,122.2,0.00414,0.39,0.19730412
1557199556540,11.458,122.2,0.00414,0.39,0.19730412
1557199556601,11.519,122.2,0.00404,0.397,0.195994136
1557199556647,11.565,122.2,0.00404,0.397,0.195994136
1557199556693,11.611,122.2,0.00404,0.397,0.195994136
1557199556739,11.657,122.2,0.00404,0.397,0.195994136
1557199556801,11.719,122.2,0.00403,0.399,0.196493934
1557199556847,11.765,122.2,0.00403,0.399,0.196493934
1557199556893,11.811,122.2,0.00403,0.399,0.196493934
1557199556939,11.857,122.2,0.00403,0.399,0.196493934
1557199557000,11.918,122.2,0.00405,0.395,0.19548945
1557199557046,11.964,122.2,0.00405,0.395,0.19548945
1557199557092,12.01,122.2,0.00405,0.395,0.19548945
1557199557138,12.056,122.2,0.00405,0.395,0.19548945
1557199557200,12.118,122.2,0.00407,0.396,0.196952184
1557199557247,12.165,122.2,0.00407,0.396,0.196952184
1557199557293,12.211,122.2,0.00407,0.396,0.196952184
1557199557339,12.257,122.2,0.00407,0.396,0.196952184
1557199557400,12.318,122.2,0.00408,0.398,0.198433248
1557199557446,12.364,122.2,0.00408,0.398,0.198433248
1557199557493,12.411,122.2,0.00408,0.398,0.198433248
1557199557538,12.456,122.2,0.00408,0.398,0.198433248
1557199557601,12.519,122.2,0.00403,0.398,0.196001468
1557199557647,12.565,122.2,0.00403,0.398,0.196001468
1557199557693,12.611,122.2,0.00403,0.398,0.196001468
1557199557739,12.657,122.2,0.00403,0.398,0.196001468
1557199557800,12.718,122.2,0.00404,0.4,0.1974752
1557199557847,12.765,122.2,0.00404,0.4,0.1974752
1557199557893,12.811,122.2,0.00404,0.4,0.1974752
1557199557939,12.857,122.2,0.00404,0.4,0.1974752
1557199558000,12.918,122.2,0.00404,0.399,0.196981512
1557199558046,12.964,122.2,0.00404,0.399,0.196981512
1557199558092,13.01,122.2,0.00404,0.399,0.196981512
1557199558138,13.056,122.2,0.00404,0.399,0.196981512
1557199558201,13.119,122.2,0.00409,0.398,0.198919604
1557199558247,13.165,122.2,0.00409,0.398,0.198919604
1557199558293,13.211,122.2,0.00409,0.398,0.198919604
1557199558339,13.257,122.2,0.00409,0.398,0.198919604
1557199558400,13.318,122.2,0.00406,0.397,0.196964404
1557199558446,13.364,122.2,0.00406,0.397,0.196964404
1557199558492,13.41,122.2,0.00406,0.397,0.196964404
1557199558539,13.457,122.2,0.00406,0.397,0.196964404
1557199558601,13.519,122.2,0.00404,0.397,0.195994136
1557199558647,13.565,122.2,0.00404,0.397,0.195994136
1557199558693,13.611,122.2,0.00404,0.397,0.195994136
1557199558739,13.657,122.2,0.00404,0.397,0.195994136
1557199558800,13.718,122.2,0.00406,0.395,0.19597214
1557199558847,13.765,122.2,0.00406,0.395,0.19597214
1557199558893,13.811,122.2,0.00406,0.395,0.19597214
1557199558939,13.857,122.2,0.00406,0.395,0.19597214
1557199559004,13.922,122.1,0.00406,0.397,0.196803222
1557199559051,13.969,122.1,0.00406,0.397,0.196803222
1557199559097,14.015,122.1,0.00406,0.397,0.196803222
1557199559143,14.061,122.1,0.00406,0.397,0.196803222
1557199559200,14.118,122.2,0.00409,0.396,0.197920008
1557199559246,14.164,122.2,0.00409,0.396,0.197920008
1557199559292,14.21,122.2,0.00409,0.396,0.197920008
1557199559338,14.256,122.2,0.00409,0.396,0.197920008
1557199559401,14.319,122.2,0.00405,0.4,0.197964
1557199559447,14.365,122.2,0.00405,0.4,0.197964
1557199559493,14.411,122.2,0.00405,0.4,0.197964
1557199559539,14.457,122.2,0.00405,0.4,0.197964
1557199559600,14.518,122.2,0.00407,0.4,0.1989416
1557199559646,14.564,122.2,0.00407,0.4,0.1989416
1557199559693,14.611,122.2,0.00407,0.4,0.1989416
1557199559739,14.657,122.2,0.00407,0.4,0.1989416
1557199559801,14.719,122.2,0.00405,0.397,0.19647927
1557199559847,14.765,122.2,0.00405,0.397,0.19647927
1557199559893,14.811,122.2,0.00405,0.397,0.19647927
1557199559939,14.857,122.2,0.00405,0.397,0.19647927
1557199560000,14.918,122.1,0.00401,0.393,0.192421053
1557199560046,14.964,122.1,0.00401,0.393,0.192421053
1557199560092,15.01,122.1,0.00401,0.393,0.192421053
1557199560138,15.056,122.1,0.00401,0.393,0.192421053
1557199560200,15.118,122.1,0.00406,0.398,0.197298948
1557199560246,15.164,122.1,0.00406,0.398,0.197298948
1557199560292,15.21,122.1,0.00406,0.398,0.197298948
1557199560338,15.256,122.1,0.00406,0.398,0.197298948
1557199560401,15.319,122.1,0.00409,0.395,0.197258655
1557199560447,15.365,122.1,0.00409,0.395,0.197258655
1557199560493,15.411,122.1,0.00409,0.395,0.197258655
1557199560539,15.457,122.1,0.00409,0.395,0.197258655
1557199560601,15.519,122.1,0.00405,0.399,0.197307495
1557199560647,15.565,122.1,0.00405,0.399,0.197307495
1557199560693,15.611,122.1,0.00405,0.399,0.197307495
1557199560739,15.657,122.1,0.00405,0.399,0.197307495
1557199560800,15.718,122.1,0.00406,0.395,0.19581177
1557199560846,15.764,122.1,0.00406,0.395,0.19581177
1557199560893,15.811,122.1,0.00406,0.395,0.19581177
1557199560939,15.857,122.1,0.00406,0.395,0.19581177
1557199561001,15.919,122.1,0.00406,0.394,0.195316044
1557199561047,15.965,122.1,0.00406,0.394,0.195316044
1557199561094,16.012,122.1,0.00406,0.394,0.195316044
1557199561140,16.058,122.1,0.00406,0.394,0.195316044
1557199561201,16.119,122.1,0.00409,0.398,0.198756822
1557199561247,16.165,122.1,0.00409,0.398,0.198756822
1557199561293,16.211,122.1,0.00409,0.398,0.198756822
1557199561339,16.257,122.1,0.00409,0.398,0.198756822
1557199561402,16.32,122.1,0.00409,0.397,0.198257433
1557199561448,16.366,122.1,0.00409,0.397,0.198257433
1557199561494,16.412,122.1,0.00409,0.397,0.198257433
1557199561540,16.458,122.1,0.00409,0.397,0.198257433
1557199561600,16.518,122.2,0.00413,0.394,0.198846284
1557199561646,16.564,122.2,0.00413,0.394,0.198846284
1557199561692,16.61,122.2,0.00413,0.394,0.198846284
1557199561738,16.656,122.2,0.00413,0.394,0.198846284
1557199561801,16.719,122.2,0.00403,0.401,0.197478866
1557199561847,16.765,122.2,0.00403,0.401,0.197478866
1557199561893,16.811,122.2,0.00403,0.401,0.197478866
1557199561939,16.857,122.2,0.00403,0.401,0.197478866
1557199562000,16.918,122.2,0.00403,0.398,0.196001468
1557199562046,16.964,122.2,0.00403,0.398,0.196001468
1557199562092,17.01,122.2,0.00403,0.398,0.196001468
1557199562138,17.056,122.2,0.00403,0.398,0.196001468
1557199562200,17.118,122.2,0.00405,0.397,0.19647927
1557199562246,17.164,122.2,0.00405,0.397,0.19647927
1557199562292,17.21,122.2,0.00405,0.397,0.19647927
1557199562339,17.257,122.2,0.00405,0.397,0.19647927
1557199562400,17.318,122.2,0.00403,0.396,0.195016536
1557199562445,17.363,122.2,0.00403,0.396,0.195016536
1557199562491,17.409,122.2,0.00403,0.396,0.195016536
1557199562538,17.456,122.2,0.00403,0.396,0.195016536
1557199562600,17.518,122.2,0.00408,0.396,0.197436096
1557199562646,17.564,122.2,0.00408,0.396,0.197436096
1557199562692,17.61,122.2,0.00408,0.396,0.197436096
1557199562738,17.656,122.2,0.00408,0.396,0.197436096
1557199562800,17.718,122.2,0.00402,0.398,0.195515112
1557199562846,17.764,122.2,0.00402,0.398,0.195515112
1557199562893,17.811,122.2,0.00402,0.398,0.195515112
1557199562939,17.857,122.2,0.00402,0.398,0.195515112
1557199563000,17.918,122.2,0.00401,0.399,0.195518778
1557199563046,17.964,122.2,0.00401,0.399,0.195518778
1557199563092,18.01,122.2,0.00401,0.399,0.195518778
1557199563138,18.056,122.2,0.00401,0.399,0.195518778
1557199563201,18.119,122.2,0.00403,0.399,0.196493934
1557199563248,18.166,122.2,0.00403,0.399,0.196493934
1557199563294,18.212,122.2,0.00403,0.399,0.196493934
1557199563340,18.258,122.2,0.00403,0.399,0.196493934
1557199563399,18.317,122.2,0.00408,0.396,0.197436096
1557199563445,18.363,122.2,0.00408,0.396,0.197436096
1557199563491,18.409,122.2,0.00408,0.396,0.197436096
1557199563537,18.455,122.2,0.00408,0.396,0.197436096
1557199563600,18.518,122.2,0.00405,0.399,0.19746909
1557199563646,18.564,122.2,0.00405,0.399,0.19746909
1557199563691,18.609,122.2,0.00405,0.399,0.19746909
1557199563736,18.654,122.2,0.00405,0.399,0.19746909
1557199563800,18.718,122.2,0.00405,0.398,0.19697418
1557199563846,18.764,122.2,0.00405,0.398,0.19697418
1557199563892,18.81,122.2,0.00405,0.398,0.19697418
1557199563938,18.856,122.2,0.00405,0.398,0.19697418
1557199564000,18.918,122.2,0.00403,0.399,0.196493934
1557199564046,18.964,122.2,0.00403,0.399,0.196493934
1557199564093,19.011,122.2,0.00403,0.399,0.196493934
1557199564139,19.057,122.2,0.00403,0.399,0.196493934
1557199564200,19.118,122.2,0.00406,0.398,0.197460536
1557199564246,19.164,122.2,0.00406,0.398,0.197460536
1557199564292,19.21,122.2,0.00406,0.398,0.197460536
1557199564338,19.256,122.2,0.00406,0.398,0.197460536
1557199564400,19.318,122.2,0.00409,0.4,0.1999192
1557199564446,19.364,122.2,0.00409,0.4,0.1999192
1557199564493,19.411,122.2,0.00409,0.4,0.1999192
1557199564539,19.457,122.2,0.00409,0.4,0.1999192
1557199564600,19.518,122.2,0.00409,0.403,0.201418594
1557199564646,19.564,122.2,0.00409,0.403,0.201418594
1557199564692,19.61,122.2,0.00409,0.403,0.201418594
1557199564738,19.656,122.2,0.00409,0.403,0.201418594
1557199564799,19.717,122.2,0.00403,0.398,0.196001468
1557199564845,19.763,122.2,0.00403,0.398,0.196001468
1557199564891,19.809,122.2,0.00403,0.398,0.196001468
1557199564938,19.856,122.2,0.00403,0.398,0.196001468
1557199565000,19.918,122.2,0.00404,0.399,0.196981512
1557199565046,19.964,122.2,0.00404,0.399,0.196981512
1557199565092,20.01,122.2,0.00404,0.399,0.196981512
1557199565138,20.056,122.2,0.00404,0.399,0.196981512
1557199565199,20.117,122.2,0.0041,0.395,0.1979029
1557199565245,20.163,122.2,0.0041,0.395,0.1979029
1557199565291,20.209,122.2,0.0041,0.395,0.1979029
1557199565337,20.255,122.2,0.0041,0.395,0.1979029
1557199565400,20.318,122.2,0.00408,0.398,0.198433248
1557199565446,20.364,122.2,0.00408,0.398,0.198433248
1557199565492,20.41,122.2,0.00408,0.398,0.198433248
1557199565538,20.456,122.2,0.00408,0.398,0.198433248
1557199565599,20.517,122.3,0.00408,0.397,0.198096648
1557199565645,20.563,122.3,0.00408,0.397,0.198096648
1557199565691,20.609,122.3,0.00408,0.397,0.198096648
1557199565738,20.656,122.3,0.00408,0.397,0.198096648
1557199565800,20.718,122.2,0.00403,0.396,0.195016536
1557199565846,20.764,122.2,0.00403,0.396,0.195016536
1557199565892,20.81,122.2,0.00403,0.396,0.195016536
1557199565938,20.856,122.2,0.00403,0.396,0.195016536
1557199565999,20.917,122.2,0.00409,0.395,0.19742021
1557199566045,20.963,122.2,0.00409,0.395,0.19742021
1557199566092,21.01,122.2,0.00409,0.395,0.19742021
1557199566138,21.056,122.2,0.00409,0.395,0.19742021
1557199566200,21.118,122.2,0.00405,0.395,0.19548945
1557199566246,21.164,122.2,0.00405,0.395,0.19548945
1557199566292,21.21,122.2,0.00405,0.395,0.19548945
1557199566338,21.256,122.2,0.00405,0.395,0.19548945
1557199566399,21.317,122.2,0.0041,0.395,0.1979029
1557199566446,21.364,122.2,0.0041,0.395,0.1979029
1557199566492,21.41,122.2,0.0041,0.395,0.1979029
1557199566538,21.456,122.2,0.0041,0.395,0.1979029
1557199566600,21.518,122.3,0.00408,0.395,0.19709868
1557199566646,21.564,122.3,0.00408,0.395,0.19709868
1557199566693,21.611,122.3,0.00408,0.395,0.19709868
1557199566739,21.657,122.3,0.00408,0.395,0.19709868
1557199566800,21.718,122.3,0.00405,0.397,0.196640055
1557199566846,21.764,122.3,0.00405,0.397,0.196640055
1557199566892,21.81,122.3,0.00405,0.397,0.196640055
1557199566938,21.856,122.3,0.00405,0.397,0.196640055
1557199566999,21.917,122.2,0.00409,0.393,0.196420614
1557199567045,21.963,122.2,0.00409,0.393,0.196420614
1557199567091,22.009,122.2,0.00409,0.393,0.196420614
1557199567137,22.055,122.2,0.00409,0.393,0.196420614
1557199567199,22.117,122.2,0.00405,0.398,0.19697418
1557199567245,22.163,122.2,0.00405,0.398,0.19697418
1557199567292,22.21,122.2,0.00405,0.398,0.19697418
1557199567338,22.256,122.2,0.00405,0.398,0.19697418
1557199567400,22.318,122.2,0.00408,0.397,0.197934672
1557199567446,22.364,122.2,0.00408,0.397,0.197934672
1557199567492,22.41,122.2,0.00408,0.397,0.197934672
1557199567538,22.456,122.2,0.00408,0.397,0.197934672
1557199567599,22.517,122.3,0.00407,0.395,0.196615595
1557199567645,22.563,122.3,0.00407,0.395,0.196615595
1557199567692,22.61,122.3,0.00407,0.395,0.196615595
1557199567738,22.656,122.3,0.00407,0.395,0.196615595
1557199567800,22.718,122.3,0.00404,0.398,0.196648616
1557199567846,22.764,122.3,0.00404,0.398,0.196648616
1557199567892,22.81,122.3,0.00404,0.398,0.196648616
1557199567938,22.856,122.3,0.00404,0.398,0.196648616
1557199567999,22.917,122.2,0.00404,0.397,0.195994136
1557199568045,22.963,122.2,0.00404,0.397,0.195994136
1557199568092,23.01,122.2,0.00404,0.397,0.195994136
1557199568138,23.056,122.2,0.00404,0.397,0.195994136
1557199568199,23.117,122.2,0.00408,0.395,0.19693752
1557199568245,23.163,122.2,0.00408,0.395,0.19693752
1557199568291,23.209,122.2,0.00408,0.395,0.19693752
1557199568337,23.255,122.2,0.00408,0.395,0.19693752
1557199568400,23.318,122.2,0.00405,0.398,0.19697418
1557199568446,23.364,122.2,0.00405,0.398,0.19697418
1557199568492,23.41,122.2,0.00405,0.398,0.19697418
1557199568538,23.456,122.2,0.00405,0.398,0.19697418
1557199568601,23.519,122.2,0.00409,0.396,0.197920008
1557199568647,23.565,122.2,0.00409,0.396,0.197920008
1557199568693,23.611,122.2,0.00409,0.396,0.197920008
1557199568739,23.657,122.2,0.00409,0.396,0.197920008
1557199568799,23.717,122.2,0.00411,0.39,0.19587438
1557199568845,23.763,122.2,0.00411,0.39,0.19587438
1557199568891,23.809,122.2,0.00411,0.39,0.19587438
1557199568938,23.856,122.2,0.00411,0.39,0.19587438
1557199569000,23.918,122.2,0.00407,0.397,0.197449538
1557199569046,23.964,122.2,0.00407,0.397,0.197449538
1557199569092,24.01,122.2,0.00407,0.397,0.197449538
1557199569138,24.056,122.2,0.00407,0.397,0.197449538
1557199569200,24.118,122.2,0.00407,0.394,0.195957476
1557199569246,24.164,122.2,0.00407,0.394,0.195957476
1557199569292,24.21,122.2,0.00407,0.394,0.195957476
1557199569338,24.256,122.2,0.00407,0.394,0.195957476
1557199569399,24.317,122.2,0.00409,0.394,0.196920412
1557199569446,24.364,122.2,0.00409,0.394,0.196920412
1557199569491,24.409,122.2,0.00409,0.394,0.196920412
1557199569538,24.456,122.2,0.00409,0.394,0.196920412
1557199569599,24.517,122.2,0.00407,0.395,0.19645483
1557199569645,24.563,122.2,0.00407,0.395,0.19645483
1557199569691,24.609,122.2,0.00407,0.395,0.19645483
1557199569737,24.655,122.2,0.00407,0.395,0.19645483
1557199569799,24.717,122.2,0.00409,0.395,0.19742021
1557199569846,24.764,122.2,0.00409,0.395,0.19742021
1557199569892,24.81,122.2,0.00409,0.395,0.19742021
1557199569938,24.856,122.2,0.00409,0.395,0.19742021
1557199570000,24.918,122.2,0.0041,0.394,0.19740188
1557199570046,24.964,122.2,0.0041,0.394,0.19740188
1557199570092,25.01,122.2,0.0041,0.394,0.19740188
1557199570138,25.056,122.2,0.0041,0.394,0.19740188
1557199570199,25.117,122.2,0.00413,0.394,0.198846284
1557199570245,25.163,122.2,0.00413,0.394,0.198846284
1557199570290,25.208,122.2,0.00413,0.394,0.198846284
1557199570336,25.254,122.2,0.00413,0.394,0.198846284
1557199570400,25.318,122.2,0.00407,0.399,0.198444246
1557199570446,25.364,122.2,0.00407,0.399,0.198444246
1557199570492,25.41,122.2,0.00407,0.399,0.198444246
1557199570538,25.456,122.2,0.00407,0.399,0.198444246
1557199570599,25.517,122.3,0.00415,0.391,0.198450095
1557199570645,25.563,122.3,0.00415,0.391,0.198450095
1557199570691,25.609,122.3,0.00415,0.391,0.198450095
1557199570737,25.655,122.3,0.00415,0.391,0.198450095
1557199570799,25.717,122.3,0.00408,0.393,0.196100712
1557199570845,25.763,122.3,0.00408,0.393,0.196100712
1557199570891,25.809,122.3,0.00408,0.393,0.196100712
1557199570938,25.856,122.3,0.00408,0.393,0.196100712
1557199570999,25.917,122.2,0.00406,0.395,0.19597214
1557199571045,25.963,122.2,0.00406,0.395,0.19597214
1557199571091,26.009,122.2,0.00406,0.395,0.19597214
1557199571137,26.055,122.2,0.00406,0.395,0.19597214
1557199571199,26.117,122.2,0.00405,0.398,0.19697418
1557199571245,26.163,122.2,0.00405,0.398,0.19697418
1557199571291,26.209,122.2,0.00405,0.398,0.19697418
1557199571337,26.255,122.2,0.00405,0.398,0.19697418
1557199571399,26.317,122.2,0.00407,0.397,0.197449538
1557199571445,26.363,122.2,0.00407,0.397,0.197449538
1557199571491,26.409,122.2,0.00407,0.397,0.197449538
1557199571537,26.455,122.2,0.00407,0.397,0.197449538
1557199571599,26.517,122.2,0.00409,0.394,0.196920412
1557199571645,26.563,122.2,0.00409,0.394,0.196920412
1557199571691,26.609,122.2,0.00409,0.394,0.196920412
1557199571737,26.655,122.2,0.00409,0.394,0.196920412
1557199571799,26.717,122.2,0.00411,0.389,0.195372138
1557199571844,26.763,122.2,0.00411,0.389,0.195372138
1557199571890,26.808,122.2,0.00411,0.389,0.195372138
1557199571937,26.855,122.2,0.00411,0.389,0.195372138
1557199571999,26.917,122.2,0.00407,0.392,0.194962768
1557199572045,26.963,122.2,0.00407,0.392,0.194962768
1557199572091,27.009,122.2,0.00407,0.392,0.194962768
1557199572137,27.055,122.2,0.00407,0.392,0.194962768
1557199572200,27.118,122.2,0.0041,0.395,0.1979029
1557199572246,27.164,122.2,0.0041,0.395,0.1979029
1557199572292,27.21,122.2,0.0041,0.395,0.1979029
1557199572338,27.256,122.2,0.0041,0.395,0.1979029
1557199572399,27.317,122.2,0.00414,0.394,0.199327752
1557199572446,27.364,122.2,0.00414,0.394,0.199327752
1557199572492,27.41,122.2,0.00414,0.394,0.199327752
1557199572538,27.456,122.2,0.00414,0.394,0.199327752
1557199572599,27.517,122.3,0.00408,0.395,0.19709868
1557199572645,27.563,122.3,0.00408,0.395,0.19709868
1557199572691,27.609,122.3,0.00408,0.395,0.19709868
1557199572737,27.655,122.3,0.00408,0.395,0.19709868
1557199572799,27.717,122.3,0.00406,0.396,0.196629048
1557199572844,27.762,122.3,0.00406,0.396,0.196629048
1557199572890,27.808,122.3,0.00406,0.396,0.196629048
1557199572937,27.855,122.3,0.00406,0.396,0.196629048
1557199572999,27.917,122.2,0.00405,0.395,0.19548945
1557199573045,27.963,122.2,0.00405,0.395,0.19548945
1557199573091,28.009,122.2,0.00405,0.395,0.19548945
1557199573137,28.055,122.2,0.00405,0.395,0.19548945
1557199573199,28.117,122.2,0.00407,0.397,0.197449538
1557199573244,28.163,122.2,0.00407,0.397,0.197449538
1557199573290,28.208,122.2,0.00407,0.397,0.197449538
1557199573336,28.254,122.2,0.00407,0.397,0.197449538
1557199573399,28.317,122.2,0.00406,0.402,0.199445064
1557199573445,28.363,122.2,0.00406,0.402,0.199445064
1557199573491,28.409,122.2,0.00406,0.402,0.199445064
1557199573537,28.455,122.2,0.00406,0.402,0.199445064
1557199573599,28.517,122.3,0.00408,0.397,0.198096648
1557199573645,28.563,122.3,0.00408,0.397,0.198096648
1557199573692,28.61,122.3,0.00408,0.397,0.198096648
1557199573738,28.656,122.3,0.00408,0.397,0.198096648
1557199573799,28.717,122.3,0.00404,0.395,0.19516634
1557199573845,28.763,122.3,0.00404,0.395,0.19516634
1557199573891,28.809,122.3,0.00404,0.395,0.19516634
1557199573937,28.855,122.3,0.00404,0.395,0.19516634
1557199573999,28.917,122.2,0.00403,0.398,0.196001468
1557199574045,28.963,122.2,0.00403,0.398,0.196001468
1557199574091,29.009,122.2,0.00403,0.398,0.196001468
1557199574138,29.056,122.2,0.00403,0.398,0.196001468
1557199574199,29.117,122.2,0.00409,0.395,0.19742021
1557199574245,29.163,122.2,0.00409,0.395,0.19742021
1557199574291,29.209,122.2,0.00409,0.395,0.19742021
1557199574337,29.255,122.2,0.00409,0.395,0.19742021
1557199574398,29.316,122.2,0.00412,0.395,0.19886828
1557199574444,29.362,122.2,0.00412,0.395,0.19886828
1557199574490,29.408,122.2,0.00412,0.395,0.19886828
1557199574537,29.455,122.2,0.00412,0.395,0.19886828
1557199574599,29.517,122.3,0.00411,0.393,0.197542629
1557199574645,29.563,122.3,0.00411,0.393,0.197542629
1557199574691,29.609,122.3,0.00411,0.393,0.197542629
1557199574737,29.655,122.3,0.00411,0.393,0.197542629
1557199574798,29.716,122.3,0.00405,0.397,0.196640055
1557199574844,29.762,122.3,0.00405,0.397,0.196640055
1557199574891,29.809,122.3,0.00405,0.397,0.196640055
1557199574937,29.855,122.3,0.00405,0.397,0.196640055
1557199574999,29.917,122.2,0.00403,0.395,0.19452407
1557199575046,29.964,122.2,0.00403,0.395,0.19452407
1557199575092,30.01,122.2,0.00403,0.395,0.19452407
