time,freq,util
.196410782,600000,25.641
.431099844,600000,25
.665832083,600000,28.4211
.899969583,600000,23.3333
1.134698542,600000,25.8065
1.368807187,600000,25.2747
1.603701719,600000,25.8065
1.837655729,600000,24.4444
2.071846458,600000,24.1758
2.306135312,600000,26.087
2.540474583,600000,23.3333
2.775719531,600000,28.125
3.010211458,600000,23.3333
3.244779843,600000,26.8817
3.479482499,600000,23.3333
3.713416405,600000,26.087
3.947267238,600000,25.8065
4.238457238,600000,51.7544
4.474504947,600000,25
4.712243384,600000,27.1739
4.953879738,600000,32.2917
5.190558853,600000,24.1758
5.433640623,600000,37.5
5.672802342,600000,27.6596
5.908534529,600000,25
6.143733488,600000,26.8817
6.381306873,600000,27.6596
6.616572862,600000,26.5957
6.853688592,600000,24.1758
7.087191508,600000,25
7.322846352,600000,24.4444
7.558020206,600000,25
7.793302289,600000,25.2747
8.031413747,600000,24.7312
8.267039476,600000,25
8.505818955,600000,27.0833
8.741107549,600000,24.1758
8.976536559,600000,26.8817
9.212323174,600000,25
9.452247809,600000,26.5957
9.687115465,600000,23.3333
9.948006507,600000,51.8868
10.195924580,600000,30.2083
10.433627288,600000,27.3684
10.667579632,600000,27.957
10.905772340,600000,25.8065
11.139202027,600000,22.4719
11.379999579,600000,23.0769
11.619858433,600000,24.7312
11.855784215,600000,26.5957
12.092760933,600000,25
12.330041923,600000,25.8065
12.563852808,600000,26.8817
12.798161610,600000,24.1758
13.033539006,600000,24.1758
13.266711245,600000,25.2747
13.501593902,600000,23.3333
13.735903849,600000,26.5957
13.971342391,600000,25.2747
14.205493224,600000,26.8817
14.438658224,600000,23.3333
14.672946089,600000,25.2747
14.907202599,600000,25
15.143709265,600000,26.5957
15.378894370,600000,25.2747
15.614430359,600000,25.8065
15.848107859,600000,24.1758
16.082303796,600000,25
16.316696192,600000,24.4444
16.551539265,600000,24.1758
16.786590359,600000,25
17.021526504,600000,25.2747
17.256963015,600000,25
17.490853952,600000,24.4444
17.724905046,600000,28.125
17.959370723,600000,24.1758
18.194655098,600000,25.8065
18.432335670,600000,25
18.668569160,600000,24.1758
18.908402493,600000,27.7778
19.153257389,600000,29.5918
19.388769472,600000,24.4444
19.624002649,600000,26.5957
19.858090514,600000,25.2747
20.092305566,600000,24.1758
20.325984628,600000,26.087
20.559790722,600000,24.1758
20.795581242,600000,26.5957
21.030302701,600000,23.3333
21.265467961,600000,26.5957
21.502412961,600000,26.5957
21.737063378,600000,24.1758
21.972271294,600000,25
22.206673429,600000,25.2747
22.441680252,600000,24.1758
22.676346086,600000,25
22.911183221,600000,23.5955
23.146666502,600000,25
23.382299002,600000,25
23.616714158,600000,24.1758
23.852332075,600000,25
24.086550616,600000,24.1758
24.320621866,600000,24.4444
24.555653689,600000,29.8969
24.788601085,600000,23.3333
25.023219574,600000,25.2747
25.257435876,600000,24.1758
25.490705512,600000,24.4444
25.725755824,600000,27.6596
25.960471345,600000,25
26.195054209,600000,25.2747
26.429277334,600000,25
26.663002386,600000,25
26.897740563,600000,23.5955
27.133046761,600000,25
27.368440875,600000,27.6596
27.603497073,600000,25
27.838465979,600000,24.1758
28.074595250,600000,25.8065
28.308946031,600000,25.2747
28.543452802,600000,25.8065
28.776719469,600000,26.8817
29.011892489,600000,25
29.246956656,600000,25
29.481672750,600000,23.5955
29.715606031,600000,25.8065
29.949888843,600000,23.3333
30.184868843,600000,26.087
30.419993635,600000,24.1758
30.654990822,600000,26.8817
30.889725145,600000,24.1758
31.124535249,600000,27.3684
31.359321707,600000,23.3333
31.595216759,600000,26.5957
31.829929051,600000,24.7312
32.067717801,600000,25
32.303253790,600000,24.4444
32.536891030,600000,25
32.770888738,600000,24.1758
33.005696811,600000,26.8817
33.240122019,600000,23.3333
33.474797956,600000,26.087
33.709128477,600000,25
33.943411029,600000,25.8065
34.176176862,600000,25.2747
34.410752591,600000,25
34.645741810,600000,25
34.880042800,600000,24.4444
35.114692331,600000,26.8817
35.349010039,600000,25.2747
35.582965612,600000,25.8065
35.817136862,600000,25
36.051839257,600000,24.4444
36.286387851,600000,25
36.521781236,600000,24.4444
36.756806809,600000,25
36.991056080,600000,25.2747
37.225338788,600000,26.5957
37.459221861,600000,25.2747
37.694611080,600000,25.8065
37.928302069,600000,25
38.162756444,600000,24.4444
38.397267850,600000,25
38.632290611,600000,24.1758
38.867096652,600000,24.1758
39.101462381,600000,24.4444
39.335690454,600000,26.5957
39.570766964,600000,24.4444
39.805956027,600000,25.8065
40.041055558,600000,24.1758
40.275472225,600000,26.5957
40.509832954,600000,23.5955
40.744681235,600000,26.5957
40.980183214,600000,25
41.215168266,600000,25.8065
41.450117641,600000,25.2747
41.684730766,600000,27.0833
41.918114516,600000,26.8817
42.153112849,600000,25
42.388593682,600000,25.8065
42.624147276,600000,28.866
42.858000453,600000,26.8817
43.092277484,600000,24.1758
43.327317171,600000,23.3333
43.562641390,600000,25.2747
43.797531650,600000,24.1758
44.033287067,600000,27.3684
44.266363890,600000,24.4444
44.501352171,600000,23.3333
44.736165296,600000,25.8065
44.971480712,600000,24.1758
45.206532223,600000,25.2747
45.441738368,600000,25
45.676785191,600000,25
45.911671389,600000,24.1758
46.146300816,600000,25.2747
46.381249097,600000,24.1758
46.616184826,600000,27.3684
46.851881753,600000,24.1758
47.086396128,600000,26.087
47.321325868,600000,24.1758
47.556935451,600000,24.1758
47.790916753,600000,24.4444
48.024775763,600000,27.3684
48.258272430,600000,24.1758
48.493227846,600000,25.2747
48.727148003,600000,25
48.962052638,600000,24.4444
49.197404409,600000,25.2747
49.445652898,600000,31.6327
49.685157638,600000,29.4737
49.919884669,600000,25.2747
50.154808210,600000,25.8065
50.388827065,600000,25
50.623195658,600000,26.087
50.856577064,600000,24.1758
51.091191439,600000,25.2747
51.326007272,600000,25.8065
51.561709512,600000,24.1758
51.795950137,600000,26.087
52.031003053,600000,23.3333
52.266334095,600000,26.5957
52.501580814,600000,24.1758
52.736087428,600000,25.8065
52.975995345,600000,24.7312
53.210924095,600000,23.3333
53.445851438,600000,25.8065
53.679264147,600000,24.4444
53.914246178,600000,26.5957
54.147626594,600000,25.2747
54.382842011,600000,25
54.616797480,600000,24.4444
54.851766021,600000,23.3333
55.086118104,600000,26.5957
