# Mon Jun 03 11:13:03 2019
abstime,time_stamp,volt,curr,pf,mul
1559585583788,0.088,121.2,0.05474,0.51,3.38358888
1559585583835,0.135,121.2,0.05474,0.51,3.38358888
1559585583881,0.181,121.2,0.05474,0.51,3.38358888
1559585583927,0.227,121.2,0.05474,0.51,3.38358888
1559585583983,0.283,121.2,0.05642,0.512,3.501109248
1559585584028,0.328,121.2,0.05642,0.512,3.501109248
1559585584074,0.374,121.2,0.05642,0.512,3.501109248
1559585584119,0.419,121.2,0.05642,0.512,3.501109248
1559585584182,0.482,121.2,0.05568,0.512,3.455188992
1559585584228,0.528,121.2,0.05568,0.512,3.455188992
1559585584274,0.574,121.2,0.05568,0.512,3.455188992
1559585584320,0.62,121.2,0.05568,0.512,3.455188992
1559585584383,0.683,121.2,0.05524,0.509,3.407799792
1559585584429,0.729,121.2,0.05524,0.509,3.407799792
1559585584475,0.775,121.2,0.05524,0.509,3.407799792
1559585584521,0.821,121.2,0.05524,0.509,3.407799792
1559585584582,0.882,121.2,0.0552,0.51,3.4120224
1559585584628,0.928,121.2,0.0552,0.51,3.4120224
1559585584674,0.974,121.2,0.0552,0.51,3.4120224
1559585584720,1.02,121.2,0.0552,0.51,3.4120224
1559585584783,1.083,121.2,0.05465,0.515,3.4111437
1559585584829,1.129,121.2,0.05465,0.515,3.4111437
1559585584875,1.175,121.2,0.05465,0.515,3.4111437
1559585584921,1.221,121.2,0.05465,0.515,3.4111437
1559585584982,1.282,121.2,0.0549,0.512,3.40678656
1559585585028,1.328,121.2,0.0549,0.512,3.40678656
1559585585074,1.374,121.2,0.0549,0.512,3.40678656
1559585585120,1.42,121.2,0.0549,0.512,3.40678656
1559585585182,1.482,121.2,0.05482,0.514,3.415110576
1559585585228,1.528,121.2,0.05482,0.514,3.415110576
1559585585274,1.574,121.2,0.05482,0.514,3.415110576
1559585585320,1.62,121.2,0.05482,0.514,3.415110576
1559585585382,1.682,121.2,0.05595,0.513,3.47872482
1559585585429,1.729,121.2,0.05595,0.513,3.47872482
1559585585475,1.775,121.2,0.05595,0.513,3.47872482
1559585585521,1.821,121.2,0.05595,0.513,3.47872482
1559585585582,1.882,121.2,0.05579,0.512,3.462014976
1559585585628,1.928,121.2,0.05579,0.512,3.462014976
1559585585674,1.974,121.2,0.05579,0.512,3.462014976
1559585585720,2.02,121.2,0.05579,0.512,3.462014976
1559585585782,2.082,121.2,0.05514,0.511,3.414996648
1559585585829,2.129,121.2,0.05514,0.511,3.414996648
1559585585875,2.175,121.2,0.05514,0.511,3.414996648
1559585585921,2.221,121.2,0.05514,0.511,3.414996648
1559585585982,2.282,121.2,0.05527,0.51,3.41634924
1559585586028,2.328,121.2,0.05527,0.51,3.41634924
1559585586074,2.374,121.2,0.05527,0.51,3.41634924
1559585586120,2.42,121.2,0.05527,0.51,3.41634924
1559585586183,2.483,121.2,0.05519,0.51,3.41140428
1559585586229,2.529,121.2,0.05519,0.51,3.41140428
1559585586275,2.575,121.2,0.05519,0.51,3.41140428
1559585586321,2.621,121.2,0.05519,0.51,3.41140428
1559585586382,2.682,121.2,0.05507,0.511,3.410661324
1559585586428,2.728,121.2,0.05507,0.511,3.410661324
1559585586474,2.774,121.2,0.05507,0.511,3.410661324
1559585586520,2.82,121.2,0.05507,0.511,3.410661324
1559585586582,2.882,121.2,0.05482,0.514,3.415110576
1559585586628,2.928,121.2,0.05482,0.514,3.415110576
1559585586674,2.974,121.2,0.05482,0.514,3.415110576
1559585586720,3.02,121.2,0.05482,0.514,3.415110576
1559585586782,3.082,121.2,0.05561,0.514,3.464325048
1559585586828,3.128,121.2,0.05561,0.514,3.464325048
1559585586874,3.174,121.2,0.05561,0.514,3.464325048
1559585586920,3.22,121.2,0.05561,0.514,3.464325048
1559585586982,3.282,121.2,0.05545,0.517,3.47451918
1559585587029,3.329,121.2,0.05545,0.517,3.47451918
1559585587074,3.374,121.2,0.05545,0.517,3.47451918
1559585587121,3.421,121.2,0.05545,0.517,3.47451918
1559585587182,3.482,121.2,0.05521,0.511,3.419331972
1559585587227,3.527,121.2,0.05521,0.511,3.419331972
1559585587274,3.574,121.2,0.05521,0.511,3.419331972
1559585587320,3.62,121.2,0.05521,0.511,3.419331972
1559585587382,3.682,121.2,0.05512,0.511,3.413757984
1559585587428,3.728,121.2,0.05512,0.511,3.413757984
1559585587474,3.774,121.2,0.05512,0.511,3.413757984
1559585587520,3.82,121.2,0.05512,0.511,3.413757984
1559585587582,3.882,121.2,0.05511,0.511,3.413138652
1559585587628,3.928,121.2,0.05511,0.511,3.413138652
1559585587674,3.974,121.2,0.05511,0.511,3.413138652
1559585587720,4.02,121.2,0.05511,0.511,3.413138652
1559585587782,4.082,121.2,0.0556,0.51,3.4367472
1559585587828,4.128,121.2,0.0556,0.51,3.4367472
1559585587874,4.174,121.2,0.0556,0.51,3.4367472
1559585587920,4.22,121.2,0.0556,0.51,3.4367472
1559585587981,4.281,121.2,0.0621,0.523,3.93636996
1559585588027,4.327,121.2,0.0621,0.523,3.93636996
1559585588073,4.373,121.2,0.0621,0.523,3.93636996
1559585588119,4.419,121.2,0.0621,0.523,3.93636996
1559585588182,4.482,121.2,0.06024,0.521,3.803866848
1559585588228,4.528,121.2,0.06024,0.521,3.803866848
1559585588274,4.574,121.2,0.06024,0.521,3.803866848
1559585588320,4.62,121.2,0.06024,0.521,3.803866848
1559585588381,4.682,121.2,0.0589,0.517,3.69069756
1559585588427,4.727,121.2,0.0589,0.517,3.69069756
1559585588473,4.773,121.2,0.0589,0.517,3.69069756
1559585588520,4.82,121.2,0.0589,0.517,3.69069756
1559585588582,4.882,121.2,0.05934,0.52,3.73984416
1559585588628,4.928,121.2,0.05934,0.52,3.73984416
1559585588674,4.974,121.2,0.05934,0.52,3.73984416
1559585588720,5.02,121.2,0.05934,0.52,3.73984416
1559585588781,5.082,121.2,0.05821,0.52,3.66862704
1559585588827,5.127,121.2,0.05821,0.52,3.66862704
1559585588873,5.173,121.2,0.05821,0.52,3.66862704
1559585588920,5.22,121.2,0.05821,0.52,3.66862704
1559585588982,5.282,121.2,0.05934,0.519,3.732652152
1559585589028,5.328,121.2,0.05934,0.519,3.732652152
1559585589074,5.374,121.2,0.05934,0.519,3.732652152
1559585589120,5.42,121.2,0.05934,0.519,3.732652152
1559585589182,5.482,121.2,0.05973,0.519,3.757184244
1559585589229,5.529,121.2,0.05973,0.519,3.757184244
1559585589274,5.574,121.2,0.05973,0.519,3.757184244
1559585589320,5.62,121.2,0.05973,0.519,3.757184244
1559585589382,5.682,121.2,0.06058,0.522,3.832678512
1559585589428,5.728,121.2,0.06058,0.522,3.832678512
1559585589474,5.774,121.2,0.06058,0.522,3.832678512
1559585589520,5.82,121.2,0.06058,0.522,3.832678512
1559585589581,5.881,121.2,0.05742,0.515,3.58404156
1559585589628,5.928,121.2,0.05742,0.515,3.58404156
1559585589674,5.974,121.2,0.05742,0.515,3.58404156
1559585589720,6.02,121.2,0.05742,0.515,3.58404156
1559585589782,6.082,121.2,0.05741,0.514,3.576459288
1559585589829,6.129,121.2,0.05741,0.514,3.576459288
1559585589874,6.174,121.2,0.05741,0.514,3.576459288
1559585589921,6.221,121.2,0.05741,0.514,3.576459288
1559585589982,6.282,121.2,0.05723,0.515,3.57218214
1559585590028,6.328,121.2,0.05723,0.515,3.57218214
1559585590074,6.374,121.2,0.05723,0.515,3.57218214
1559585590120,6.42,121.2,0.05723,0.515,3.57218214
1559585590181,6.481,121.3,0.05703,0.517,3.576471063
1559585590227,6.527,121.3,0.05703,0.517,3.576471063
1559585590273,6.573,121.3,0.05703,0.517,3.576471063
1559585590319,6.619,121.3,0.05703,0.517,3.576471063
1559585590381,6.681,121.3,0.05752,0.518,3.614177168
1559585590428,6.728,121.3,0.05752,0.518,3.614177168
1559585590474,6.774,121.3,0.05752,0.518,3.614177168
1559585590520,6.82,121.3,0.05752,0.518,3.614177168
1559585590582,6.882,121.2,0.05784,0.52,3.64530816
1559585590628,6.928,121.2,0.05784,0.52,3.64530816
1559585590674,6.974,121.2,0.05784,0.52,3.64530816
1559585590720,7.02,121.2,0.05784,0.52,3.64530816
1559585590781,7.081,121.2,0.05703,0.517,3.573522612
1559585590828,7.128,121.2,0.05703,0.517,3.573522612
1559585590874,7.174,121.2,0.05703,0.517,3.573522612
1559585590920,7.22,121.2,0.05703,0.517,3.573522612
1559585590981,7.281,121.2,0.05702,0.517,3.572896008
1559585591027,7.327,121.2,0.05702,0.517,3.572896008
1559585591073,7.373,121.2,0.05702,0.517,3.572896008
1559585591120,7.42,121.2,0.05702,0.517,3.572896008
1559585591182,7.482,121.3,0.05715,0.516,3.57706422
1559585591228,7.529,121.3,0.05715,0.516,3.57706422
1559585591274,7.574,121.3,0.05715,0.516,3.57706422
1559585591321,7.621,121.3,0.05715,0.516,3.57706422
1559585591382,7.682,121.3,0.05724,0.515,3.57575418
1559585591428,7.728,121.3,0.05724,0.515,3.57575418
1559585591474,7.774,121.3,0.05724,0.515,3.57575418
1559585591520,7.82,121.3,0.05724,0.515,3.57575418
1559585591581,7.881,121.3,0.05726,0.515,3.57700357
1559585591627,7.927,121.3,0.05726,0.515,3.57700357
1559585591673,7.973,121.3,0.05726,0.515,3.57700357
1559585591719,8.019,121.3,0.05726,0.515,3.57700357
1559585591781,8.081,121.2,0.0577,0.516,3.60851184
1559585591827,8.127,121.2,0.0577,0.516,3.60851184
1559585591874,8.174,121.2,0.0577,0.516,3.60851184
1559585591920,8.22,121.2,0.0577,0.516,3.60851184
1559585591982,8.282,121.2,0.05802,0.517,3.635556408
1559585592028,8.328,121.2,0.05802,0.517,3.635556408
1559585592075,8.375,121.2,0.05802,0.517,3.635556408
1559585592120,8.42,121.2,0.05802,0.517,3.635556408
1559585592181,8.481,121.2,0.05721,0.516,3.577867632
1559585592227,8.527,121.2,0.05721,0.516,3.577867632
1559585592274,8.574,121.2,0.05721,0.516,3.577867632
1559585592320,8.62,121.2,0.05721,0.516,3.577867632
1559585592381,8.681,121.2,0.05691,0.517,3.566003364
1559585592427,8.727,121.2,0.05691,0.517,3.566003364
1559585592473,8.773,121.2,0.05691,0.517,3.566003364
1559585592519,8.819,121.2,0.05691,0.517,3.566003364
1559585592582,8.882,121.2,0.05708,0.517,3.576655632
1559585592628,8.928,121.2,0.05708,0.517,3.576655632
1559585592674,8.974,121.2,0.05708,0.517,3.576655632
1559585592720,9.02,121.2,0.05708,0.517,3.576655632
1559585592781,9.081,121.2,0.05722,0.516,3.578493024
1559585592827,9.127,121.2,0.05722,0.516,3.578493024
1559585592873,9.173,121.2,0.05722,0.516,3.578493024
1559585592919,9.219,121.2,0.05722,0.516,3.578493024
1559585592981,9.281,121.2,0.05739,0.513,3.568257684
1559585593027,9.327,121.2,0.05739,0.513,3.568257684
1559585593073,9.373,121.2,0.05739,0.513,3.568257684
1559585593120,9.42,121.2,0.05739,0.513,3.568257684
1559585593182,9.482,121.2,0.05863,0.516,3.666673296
1559585593228,9.528,121.2,0.05863,0.516,3.666673296
1559585593274,9.574,121.2,0.05863,0.516,3.666673296
1559585593320,9.62,121.2,0.05863,0.516,3.666673296
1559585593382,9.682,121.2,0.05832,0.515,3.64021776
1559585593428,9.728,121.2,0.05832,0.515,3.64021776
1559585593474,9.774,121.2,0.05832,0.515,3.64021776
1559585593520,9.82,121.2,0.05832,0.515,3.64021776
1559585593581,9.881,121.2,0.05756,0.513,3.578827536
1559585593627,9.927,121.2,0.05756,0.513,3.578827536
1559585593673,9.973,121.2,0.05756,0.513,3.578827536
1559585593720,10.02,121.2,0.05756,0.513,3.578827536
1559585593781,10.081,121.2,0.05762,0.512,3.575574528
1559585593827,10.127,121.2,0.05762,0.512,3.575574528
1559585593873,10.173,121.2,0.05762,0.512,3.575574528
1559585593919,10.219,121.2,0.05762,0.512,3.575574528
1559585593981,10.281,121.2,0.0584,0.514,3.63813312
1559585594027,10.327,121.2,0.0584,0.514,3.63813312
1559585594074,10.374,121.2,0.0584,0.514,3.63813312
1559585594120,10.42,121.2,0.0584,0.514,3.63813312
1559585594181,10.481,121.3,0.05733,0.514,3.574422306
1559585594227,10.527,121.3,0.05733,0.514,3.574422306
1559585594273,10.573,121.3,0.05733,0.514,3.574422306
1559585594319,10.619,121.3,0.05733,0.514,3.574422306
1559585594381,10.681,121.3,0.05746,0.515,3.58949747
1559585594427,10.727,121.3,0.05746,0.515,3.58949747
1559585594474,10.774,121.3,0.05746,0.515,3.58949747
1559585594520,10.82,121.3,0.05746,0.515,3.58949747
1559585594581,10.881,121.3,0.05831,0.516,3.649669548
1559585594627,10.927,121.3,0.05831,0.516,3.649669548
1559585594673,10.973,121.3,0.05831,0.516,3.649669548
1559585594719,11.019,121.3,0.05831,0.516,3.649669548
1559585594781,11.081,121.2,0.05946,0.515,3.71137428
1559585594828,11.128,121.2,0.05946,0.515,3.71137428
1559585594874,11.174,121.2,0.05946,0.515,3.71137428
1559585594920,11.22,121.2,0.05946,0.515,3.71137428
1559585594981,11.281,121.2,0.06158,0.52,3.88101792
1559585595027,11.327,121.2,0.06158,0.52,3.88101792
1559585595073,11.374,121.2,0.06158,0.52,3.88101792
1559585595120,11.42,121.2,0.06158,0.52,3.88101792
1559585595182,11.482,121.3,0.05758,0.513,3.583024902
1559585595228,11.528,121.3,0.05758,0.513,3.583024902
1559585595274,11.574,121.3,0.05758,0.513,3.583024902
1559585595320,11.62,121.3,0.05758,0.513,3.583024902
1559585595381,11.681,121.3,0.05755,0.514,3.58813891
1559585595427,11.727,121.3,0.05755,0.514,3.58813891
1559585595474,11.774,121.3,0.05755,0.514,3.58813891
1559585595520,11.82,121.3,0.05755,0.514,3.58813891
1559585595581,11.881,121.3,0.05766,0.515,3.60199137
1559585595627,11.927,121.3,0.05766,0.515,3.60199137
1559585595673,11.973,121.3,0.05766,0.515,3.60199137
1559585595727,12.027,121.3,0.05766,0.515,3.60199137
1559585595782,12.082,121.3,0.05803,0.518,3.646222202
1559585595828,12.128,121.3,0.05803,0.518,3.646222202
1559585595874,12.174,121.3,0.05803,0.518,3.646222202
1559585595920,12.22,121.3,0.05803,0.518,3.646222202
1559585595981,12.281,121.2,0.05778,0.514,3.599509104
1559585596027,12.327,121.2,0.05778,0.514,3.599509104
1559585596073,12.373,121.2,0.05778,0.514,3.599509104
1559585596119,12.419,121.2,0.05778,0.514,3.599509104
1559585596181,12.481,121.3,0.05745,0.513,3.574935405
1559585596227,12.527,121.3,0.05745,0.513,3.574935405
1559585596273,12.573,121.3,0.05745,0.513,3.574935405
1559585596319,12.619,121.3,0.05745,0.513,3.574935405
1559585596381,12.681,121.3,0.05759,0.515,3.597618505
1559585596427,12.727,121.3,0.05759,0.515,3.597618505
1559585596474,12.774,121.3,0.05759,0.515,3.597618505
1559585596520,12.82,121.3,0.05759,0.515,3.597618505
1559585596581,12.881,121.3,0.0582,0.515,3.6357249
1559585596627,12.927,121.3,0.0582,0.515,3.6357249
1559585596673,12.973,121.3,0.0582,0.515,3.6357249
1559585596719,13.019,121.3,0.0582,0.515,3.6357249
1559585596781,13.081,121.2,0.0584,0.514,3.63813312
1559585596827,13.127,121.2,0.0584,0.514,3.63813312
1559585596873,13.173,121.2,0.0584,0.514,3.63813312
1559585596920,13.22,121.2,0.0584,0.514,3.63813312
1559585596981,13.281,121.2,0.05919,0.514,3.687347592
1559585597027,13.327,121.2,0.05919,0.514,3.687347592
1559585597073,13.373,121.2,0.05919,0.514,3.687347592
1559585597119,13.419,121.2,0.05919,0.514,3.687347592
1559585597181,13.481,121.2,0.06024,0.517,3.774662496
1559585597226,13.526,121.2,0.06024,0.517,3.774662496
1559585597273,13.573,121.2,0.06024,0.517,3.774662496
1559585597319,13.619,121.2,0.06024,0.517,3.774662496
1559585597381,13.681,121.2,0.05828,0.514,3.630657504
1559585597427,13.727,121.2,0.05828,0.514,3.630657504
1559585597473,13.773,121.2,0.05828,0.514,3.630657504
1559585597520,13.82,121.2,0.05828,0.514,3.630657504
1559585597581,13.881,121.2,0.05737,0.513,3.567014172
1559585597627,13.927,121.2,0.05737,0.513,3.567014172
1559585597673,13.973,121.2,0.05737,0.513,3.567014172
1559585597719,14.019,121.2,0.05737,0.513,3.567014172
1559585597781,14.082,121.2,0.05733,0.514,3.571475544
1559585597828,14.128,121.2,0.05733,0.514,3.571475544
1559585597874,14.174,121.2,0.05733,0.514,3.571475544
1559585597920,14.22,121.2,0.05733,0.514,3.571475544
1559585597981,14.281,121.2,0.05721,0.515,3.57093378
1559585598027,14.327,121.2,0.05721,0.515,3.57093378
1559585598075,14.375,121.2,0.05721,0.515,3.57093378
1559585598121,14.421,121.2,0.05721,0.515,3.57093378
1559585598181,14.481,121.2,0.05775,0.513,3.5906409
1559585598226,14.526,121.2,0.05775,0.513,3.5906409
1559585598272,14.572,121.2,0.05775,0.513,3.5906409
1559585598319,14.619,121.2,0.05775,0.513,3.5906409
1559585598381,14.681,121.3,0.05871,0.511,3.639098253
1559585598427,14.727,121.3,0.05871,0.511,3.639098253
1559585598473,14.773,121.3,0.05871,0.511,3.639098253
1559585598519,14.819,121.3,0.05871,0.511,3.639098253
1559585598580,14.88,121.3,0.05822,0.512,3.615788032
1559585598626,14.926,121.3,0.05822,0.512,3.615788032
1559585598672,14.972,121.3,0.05822,0.512,3.615788032
1559585598718,15.018,121.3,0.05822,0.512,3.615788032
1559585598781,15.081,121.3,0.0575,0.514,3.5850215
1559585598827,15.127,121.3,0.0575,0.514,3.5850215
1559585598873,15.173,121.3,0.0575,0.514,3.5850215
1559585598919,15.219,121.3,0.0575,0.514,3.5850215
1559585598981,15.281,121.2,0.0584,0.512,3.62397696
1559585599027,15.328,121.2,0.0584,0.512,3.62397696
1559585599074,15.374,121.2,0.0584,0.512,3.62397696
1559585599120,15.42,121.2,0.0584,0.512,3.62397696
1559585599181,15.481,121.3,0.05781,0.511,3.583312383
1559585599227,15.527,121.3,0.05781,0.511,3.583312383
1559585599273,15.573,121.3,0.05781,0.511,3.583312383
1559585599319,15.619,121.3,0.05781,0.511,3.583312383
1559585599380,15.68,121.3,0.05767,0.512,3.581629952
1559585599426,15.727,121.3,0.05767,0.512,3.581629952
1559585599472,15.772,121.3,0.05767,0.512,3.581629952
1559585599518,15.818,121.3,0.05767,0.512,3.581629952
1559585599581,15.881,121.3,0.05772,0.513,3.591736668
1559585599627,15.927,121.3,0.05772,0.513,3.591736668
1559585599673,15.973,121.3,0.05772,0.513,3.591736668
1559585599719,16.019,121.3,0.05772,0.513,3.591736668
1559585599780,16.08,121.2,0.05822,0.515,3.63397596
1559585599826,16.126,121.2,0.05822,0.515,3.63397596
1559585599873,16.173,121.2,0.05822,0.515,3.63397596
1559585599919,16.219,121.2,0.05822,0.515,3.63397596
1559585599981,16.281,121.2,0.05747,0.514,3.580197096
1559585600027,16.327,121.2,0.05747,0.514,3.580197096
1559585600073,16.373,121.2,0.05747,0.514,3.580197096
1559585600119,16.419,121.2,0.05747,0.514,3.580197096
1559585600180,16.48,121.2,0.05738,0.513,3.567635928
1559585600226,16.526,121.2,0.05738,0.513,3.567635928
1559585600273,16.573,121.2,0.05738,0.513,3.567635928
1559585600319,16.619,121.2,0.05738,0.513,3.567635928
1559585600381,16.681,121.2,0.05747,0.513,3.573231732
1559585600427,16.727,121.2,0.05747,0.513,3.573231732
1559585600473,16.773,121.2,0.05747,0.513,3.573231732
1559585600519,16.819,121.2,0.05747,0.513,3.573231732
1559585600581,16.881,121.2,0.05743,0.512,3.563784192
1559585600627,16.927,121.2,0.05743,0.512,3.563784192
1559585600673,16.973,121.2,0.05743,0.512,3.563784192
1559585600719,17.019,121.2,0.05743,0.512,3.563784192
1559585600781,17.081,121.2,0.05747,0.511,3.559301004
1559585600826,17.126,121.2,0.05747,0.511,3.559301004
1559585600873,17.173,121.2,0.05747,0.511,3.559301004
1559585600919,17.219,121.2,0.05747,0.511,3.559301004
1559585600981,17.281,121.2,0.05779,0.513,3.593127924
1559585601027,17.327,121.2,0.05779,0.513,3.593127924
1559585601079,17.379,121.2,0.05779,0.513,3.593127924
1559585601125,17.425,121.2,0.05779,0.513,3.593127924
1559585601181,17.481,121.2,0.05839,0.514,3.637510152
1559585601227,17.527,121.2,0.05839,0.514,3.637510152
1559585601273,17.573,121.2,0.05839,0.514,3.637510152
1559585601319,17.619,121.2,0.05839,0.514,3.637510152
1559585601380,17.68,121.2,0.05796,0.511,3.589648272
1559585601426,17.726,121.2,0.05796,0.511,3.589648272
1559585601472,17.773,121.2,0.05796,0.511,3.589648272
1559585601519,17.819,121.2,0.05796,0.511,3.589648272
1559585601581,17.881,121.2,0.05819,0.512,3.610945536
1559585601627,17.927,121.2,0.05819,0.512,3.610945536
1559585601673,17.973,121.2,0.05819,0.512,3.610945536
1559585601719,18.019,121.2,0.05819,0.512,3.610945536
1559585601780,18.08,121.2,0.05877,0.516,3.675428784
1559585601826,18.126,121.2,0.05877,0.516,3.675428784
1559585601872,18.172,121.2,0.05877,0.516,3.675428784
1559585601920,18.22,121.2,0.05877,0.516,3.675428784
1559585601981,18.281,121.2,0.05796,0.514,3.610722528
1559585602027,18.327,121.2,0.05796,0.514,3.610722528
1559585602073,18.373,121.2,0.05796,0.514,3.610722528
1559585602119,18.419,121.2,0.05796,0.514,3.610722528
1559585602180,18.48,121.2,0.05771,0.512,3.581159424
1559585602226,18.526,121.2,0.05771,0.512,3.581159424
1559585602272,18.573,121.2,0.05771,0.512,3.581159424
1559585602319,18.619,121.2,0.05771,0.512,3.581159424
1559585602381,18.681,121.2,0.05871,0.513,3.650329476
1559585602427,18.727,121.2,0.05871,0.513,3.650329476
1559585602473,18.773,121.2,0.05871,0.513,3.650329476
1559585602519,18.819,121.2,0.05871,0.513,3.650329476
1559585602583,18.883,121.2,0.05806,0.513,3.609915336
1559585602628,18.928,121.2,0.05806,0.513,3.609915336
1559585602674,18.974,121.2,0.05806,0.513,3.609915336
1559585602720,19.02,121.2,0.05806,0.513,3.609915336
1559585602780,19.08,121.2,0.05763,0.511,3.569210316
1559585602826,19.126,121.2,0.05763,0.511,3.569210316
1559585602873,19.173,121.2,0.05763,0.511,3.569210316
1559585602919,19.219,121.2,0.05763,0.511,3.569210316
1559585602981,19.281,121.2,0.05759,0.511,3.566732988
1559585603027,19.327,121.2,0.05759,0.511,3.566732988
1559585603073,19.373,121.2,0.05759,0.511,3.566732988
1559585603119,19.419,121.2,0.05759,0.511,3.566732988
1559585603181,19.481,121.2,0.05749,0.512,3.567507456
1559585603227,19.527,121.2,0.05749,0.512,3.567507456
1559585603273,19.573,121.2,0.05749,0.512,3.567507456
1559585603319,19.619,121.2,0.05749,0.512,3.567507456
1559585603380,19.68,121.2,0.0576,0.511,3.56735232
1559585603426,19.727,121.2,0.0576,0.511,3.56735232
1559585603472,19.772,121.2,0.0576,0.511,3.56735232
1559585603520,19.82,121.2,0.0576,0.511,3.56735232
1559585603581,19.881,121.2,0.05742,0.513,3.570122952
1559585603627,19.927,121.2,0.05742,0.513,3.570122952
1559585603673,19.973,121.2,0.05742,0.513,3.570122952
1559585603719,20.019,121.2,0.05742,0.513,3.570122952
1559585603780,20.08,121.2,0.05776,0.517,3.619264704
1559585603826,20.127,121.2,0.05776,0.517,3.619264704
1559585603873,20.173,121.2,0.05776,0.517,3.619264704
1559585603919,20.219,121.2,0.05776,0.517,3.619264704
1559585603980,20.28,121.2,0.05872,0.519,3.693652416
1559585604026,20.326,121.2,0.05872,0.519,3.693652416
1559585604072,20.372,121.2,0.05872,0.519,3.693652416
1559585604118,20.418,121.2,0.05872,0.519,3.693652416
1559585604180,20.48,121.2,0.05749,0.513,3.574475244
1559585604227,20.527,121.2,0.05749,0.513,3.574475244
1559585604273,20.573,121.2,0.05749,0.513,3.574475244
1559585604319,20.619,121.2,0.05749,0.513,3.574475244
1559585604380,20.68,121.2,0.05738,0.512,3.560681472
1559585604426,20.726,121.2,0.05738,0.512,3.560681472
1559585604472,20.772,121.2,0.05738,0.512,3.560681472
1559585604518,20.818,121.2,0.05738,0.512,3.560681472
1559585604581,20.881,121.2,0.05766,0.513,3.585045096
1559585604627,20.927,121.2,0.05766,0.513,3.585045096
1559585604673,20.973,121.2,0.05766,0.513,3.585045096
1559585604720,21.02,121.2,0.05766,0.513,3.585045096
1559585604780,21.08,121.2,0.05747,0.514,3.580197096
1559585604826,21.126,121.2,0.05747,0.514,3.580197096
1559585604872,21.172,121.2,0.05747,0.514,3.580197096
1559585604918,21.218,121.2,0.05747,0.514,3.580197096
1559585604980,21.28,121.2,0.05753,0.512,3.569989632
1559585605026,21.327,121.2,0.05753,0.512,3.569989632
1559585605073,21.373,121.2,0.05753,0.512,3.569989632
1559585605119,21.419,121.2,0.05753,0.512,3.569989632
1559585605180,21.48,121.2,0.05826,0.515,3.63647268
1559585605226,21.526,121.2,0.05826,0.515,3.63647268
1559585605272,21.572,121.2,0.05826,0.515,3.63647268
1559585605318,21.618,121.2,0.05826,0.515,3.63647268
1559585605380,21.68,121.2,0.05819,0.512,3.610945536
1559585605426,21.727,121.2,0.05819,0.512,3.610945536
1559585605473,21.773,121.2,0.05819,0.512,3.610945536
1559585605519,21.819,121.2,0.05819,0.512,3.610945536
1559585605580,21.88,121.2,0.05764,0.512,3.576815616
1559585605626,21.926,121.2,0.05764,0.512,3.576815616
1559585605672,21.972,121.2,0.05764,0.512,3.576815616
1559585605718,22.018,121.2,0.05764,0.512,3.576815616
1559585605781,22.081,121.2,0.05733,0.514,3.571475544
1559585605827,22.127,121.2,0.05733,0.514,3.571475544
1559585605873,22.173,121.2,0.05733,0.514,3.571475544
1559585605919,22.219,121.2,0.05733,0.514,3.571475544
1559585605980,22.28,121.2,0.0573,0.514,3.56960664
1559585606026,22.326,121.2,0.0573,0.514,3.56960664
1559585606072,22.372,121.2,0.0573,0.514,3.56960664
1559585606118,22.418,121.2,0.0573,0.514,3.56960664
1559585606181,22.481,121.2,0.05777,0.512,3.584882688
1559585606227,22.527,121.2,0.05777,0.512,3.584882688
1559585606273,22.573,121.2,0.05777,0.512,3.584882688
1559585606319,22.619,121.2,0.05777,0.512,3.584882688
1559585606380,22.68,121.2,0.05781,0.512,3.587364864
1559585606426,22.726,121.2,0.05781,0.512,3.587364864
1559585606472,22.772,121.2,0.05781,0.512,3.587364864
1559585606518,22.818,121.2,0.05781,0.512,3.587364864
1559585606580,22.88,121.3,0.05846,0.514,3.644875772
1559585606625,22.925,121.3,0.05846,0.514,3.644875772
1559585606671,22.971,121.3,0.05846,0.514,3.644875772
1559585606717,23.018,121.3,0.05846,0.514,3.644875772
1559585606780,23.08,121.2,0.05815,0.513,3.61551114
1559585606826,23.126,121.2,0.05815,0.513,3.61551114
1559585606872,23.172,121.2,0.05815,0.513,3.61551114
1559585606918,23.218,121.2,0.05815,0.513,3.61551114
1559585606980,23.28,121.2,0.05768,0.511,3.572306976
1559585607026,23.326,121.2,0.05768,0.511,3.572306976
1559585607072,23.372,121.2,0.05768,0.511,3.572306976
1559585607118,23.418,121.2,0.05768,0.511,3.572306976
1559585607180,23.48,121.3,0.05755,0.512,3.57417728
1559585607226,23.526,121.3,0.05755,0.512,3.57417728
1559585607272,23.572,121.3,0.05755,0.512,3.57417728
1559585607319,23.619,121.3,0.05755,0.512,3.57417728
1559585607380,23.68,121.3,0.05754,0.511,3.566576622
1559585607426,23.726,121.3,0.05754,0.511,3.566576622
1559585607472,23.772,121.3,0.05754,0.511,3.566576622
1559585607519,23.819,121.3,0.05754,0.511,3.566576622
1559585607579,23.879,121.2,0.0573,0.514,3.56960664
1559585607626,23.926,121.2,0.0573,0.514,3.56960664
1559585607672,23.972,121.2,0.0573,0.514,3.56960664
1559585607718,24.018,121.2,0.0573,0.514,3.56960664
1559585607780,24.08,121.2,0.05753,0.513,3.576962268
1559585607826,24.126,121.2,0.05753,0.513,3.576962268
1559585607872,24.172,121.2,0.05753,0.513,3.576962268
1559585607918,24.219,121.2,0.05753,0.513,3.576962268
1559585607980,24.28,121.2,0.05819,0.514,3.625050792
1559585608025,24.325,121.2,0.05819,0.514,3.625050792
1559585608071,24.371,121.2,0.05819,0.514,3.625050792
1559585608118,24.418,121.2,0.05819,0.514,3.625050792
1559585608180,24.48,121.2,0.05833,0.513,3.626702748
1559585608226,24.526,121.2,0.05833,0.513,3.626702748
1559585608272,24.572,121.2,0.05833,0.513,3.626702748
1559585608319,24.619,121.2,0.05833,0.513,3.626702748
1559585608379,24.679,121.2,0.05776,0.511,3.577261632
1559585608425,24.725,121.2,0.05776,0.511,3.577261632
1559585608472,24.772,121.2,0.05776,0.511,3.577261632
1559585608518,24.818,121.2,0.05776,0.511,3.577261632
1559585608586,24.886,121.2,0.05797,0.509,3.576215676
1559585608632,24.932,121.2,0.05797,0.509,3.576215676
1559585608678,24.978,121.2,0.05797,0.509,3.576215676
1559585608724,25.024,121.2,0.05797,0.509,3.576215676
1559585608780,25.08,121.2,0.05796,0.508,3.568574016
1559585608826,25.126,121.2,0.05796,0.508,3.568574016
1559585608872,25.172,121.2,0.05796,0.508,3.568574016
1559585608918,25.218,121.2,0.05796,0.508,3.568574016
1559585608979,25.279,121.2,0.05844,0.512,3.626459136
1559585609026,25.326,121.2,0.05844,0.512,3.626459136
1559585609072,25.372,121.2,0.05844,0.512,3.626459136
1559585609118,25.418,121.2,0.05844,0.512,3.626459136
1559585609180,25.48,121.2,0.05778,0.51,3.57149736
1559585609226,25.526,121.2,0.05778,0.51,3.57149736
1559585609272,25.572,121.2,0.05778,0.51,3.57149736
1559585609319,25.619,121.2,0.05778,0.51,3.57149736
1559585609380,25.68,121.2,0.05866,0.513,3.647220696
1559585609426,25.726,121.2,0.05866,0.513,3.647220696
1559585609472,25.772,121.2,0.05866,0.513,3.647220696
1559585609518,25.818,121.2,0.05866,0.513,3.647220696
1559585609579,25.879,121.2,0.05827,0.511,3.608847564
1559585609625,25.925,121.2,0.05827,0.511,3.608847564
1559585609671,25.971,121.2,0.05827,0.511,3.608847564
1559585609718,26.018,121.2,0.05827,0.511,3.608847564
1559585609780,26.08,121.2,0.05758,0.512,3.573092352
1559585609826,26.126,121.2,0.05758,0.512,3.573092352
1559585609872,26.172,121.2,0.05758,0.512,3.573092352
1559585609919,26.219,121.2,0.05758,0.512,3.573092352
1559585609980,26.28,121.2,0.05799,0.51,3.58447788
1559585610026,26.326,121.2,0.05799,0.51,3.58447788
1559585610072,26.372,121.2,0.05799,0.51,3.58447788
1559585610118,26.418,121.2,0.05799,0.51,3.58447788
1559585610179,26.479,121.2,0.05797,0.511,3.590267604
1559585610225,26.525,121.2,0.05797,0.511,3.590267604
1559585610271,26.571,121.2,0.05797,0.511,3.590267604
1559585610317,26.617,121.2,0.05797,0.511,3.590267604
1559585610380,26.68,121.3,0.05843,0.511,3.621742649
1559585610426,26.726,121.3,0.05843,0.511,3.621742649
1559585610472,26.772,121.3,0.05843,0.511,3.621742649
1559585610518,26.818,121.3,0.05843,0.511,3.621742649
1559585610579,26.879,121.3,0.0584,0.513,3.63405096
1559585610625,26.925,121.3,0.0584,0.513,3.63405096
1559585610671,26.971,121.3,0.0584,0.513,3.63405096
1559585610718,27.018,121.3,0.0584,0.513,3.63405096
1559585610780,27.08,121.2,0.05937,0.514,3.698561016
1559585610826,27.126,121.2,0.05937,0.514,3.698561016
1559585610873,27.173,121.2,0.05937,0.514,3.698561016
1559585610919,27.219,121.2,0.05937,0.514,3.698561016
1559585610980,27.28,121.2,0.05861,0.513,3.644111916
1559585611026,27.326,121.2,0.05861,0.513,3.644111916
1559585611072,27.372,121.2,0.05861,0.513,3.644111916
1559585611119,27.419,121.2,0.05861,0.513,3.644111916
1559585611180,27.48,121.2,0.05757,0.513,3.579449292
1559585611226,27.526,121.2,0.05757,0.513,3.579449292
1559585611272,27.572,121.2,0.05757,0.513,3.579449292
1559585611319,27.619,121.2,0.05757,0.513,3.579449292
1559585611380,27.68,121.2,0.05733,0.514,3.571475544
1559585611426,27.726,121.2,0.05733,0.514,3.571475544
1559585611472,27.772,121.2,0.05733,0.514,3.571475544
1559585611518,27.818,121.2,0.05733,0.514,3.571475544
1559585611579,27.879,121.3,0.05756,0.512,3.574798336
1559585611625,27.925,121.3,0.05756,0.512,3.574798336
1559585611671,27.971,121.3,0.05756,0.512,3.574798336
1559585611717,28.017,121.3,0.05756,0.512,3.574798336
1559585611779,28.079,121.2,0.05731,0.514,3.570229608
1559585611826,28.126,121.2,0.05731,0.514,3.570229608
1559585611872,28.172,121.2,0.05731,0.514,3.570229608
1559585611918,28.218,121.2,0.05731,0.514,3.570229608
1559585611979,28.279,121.2,0.05777,0.512,3.584882688
1559585612025,28.325,121.2,0.05777,0.512,3.584882688
1559585612071,28.371,121.2,0.05777,0.512,3.584882688
1559585612117,28.417,121.2,0.05777,0.512,3.584882688
1559585612180,28.48,121.2,0.0585,0.513,3.6372726
1559585612226,28.526,121.2,0.0585,0.513,3.6372726
1559585612272,28.572,121.2,0.0585,0.513,3.6372726
1559585612318,28.618,121.2,0.0585,0.513,3.6372726
1559585612380,28.68,121.2,0.05797,0.514,3.611345496
1559585612426,28.726,121.2,0.05797,0.514,3.611345496
1559585612472,28.772,121.2,0.05797,0.514,3.611345496
1559585612518,28.818,121.2,0.05797,0.514,3.611345496
1559585612579,28.879,121.2,0.05764,0.512,3.576815616
1559585612625,28.925,121.2,0.05764,0.512,3.576815616
1559585612671,28.971,121.2,0.05764,0.512,3.576815616
1559585612717,29.017,121.2,0.05764,0.512,3.576815616
1559585612780,29.08,121.2,0.05743,0.513,3.570744708
1559585612826,29.126,121.2,0.05743,0.513,3.570744708
1559585612872,29.172,121.2,0.05743,0.513,3.570744708
1559585612918,29.218,121.2,0.05743,0.513,3.570744708
1559585612979,29.279,121.2,0.0576,0.512,3.57433344
1559585613025,29.325,121.2,0.0576,0.512,3.57433344
1559585613071,29.371,121.2,0.0576,0.512,3.57433344
1559585613117,29.417,121.2,0.0576,0.512,3.57433344
1559585613179,29.479,121.2,0.0574,0.513,3.56887944
1559585613226,29.526,121.2,0.0574,0.513,3.56887944
1559585613272,29.572,121.2,0.0574,0.513,3.56887944
1559585613318,29.618,121.2,0.0574,0.513,3.56887944
1559585613380,29.68,121.2,0.05741,0.515,3.58341738
1559585613426,29.726,121.2,0.05741,0.515,3.58341738
1559585613472,29.772,121.2,0.05741,0.515,3.58341738
1559585613518,29.818,121.2,0.05741,0.515,3.58341738
1559585613579,29.879,121.2,0.05827,0.515,3.63709686
1559585613625,29.925,121.2,0.05827,0.515,3.63709686
1559585613671,29.971,121.2,0.05827,0.515,3.63709686
1559585613718,30.018,121.2,0.05827,0.515,3.63709686
1559585613779,30.079,121.2,0.058,0.514,3.6132144
1559585613825,30.125,121.2,0.058,0.514,3.6132144
1559585613871,30.171,121.2,0.058,0.514,3.6132144
1559585613917,30.217,121.2,0.058,0.514,3.6132144
1559585613979,30.279,121.2,0.05852,0.515,3.65270136
1559585614026,30.326,121.2,0.05852,0.515,3.65270136
1559585614072,30.372,121.2,0.05852,0.515,3.65270136
1559585614118,30.418,121.2,0.05852,0.515,3.65270136
1559585614179,30.479,121.2,0.05769,0.511,3.572926308
1559585614225,30.525,121.2,0.05769,0.511,3.572926308
1559585614271,30.571,121.2,0.05769,0.511,3.572926308
1559585614317,30.617,121.2,0.05769,0.511,3.572926308
1559585614379,30.679,121.2,0.05812,0.513,3.613645872
1559585614425,30.725,121.2,0.05812,0.513,3.613645872
1559585614472,30.772,121.2,0.05812,0.513,3.613645872
1559585614518,30.818,121.2,0.05812,0.513,3.613645872
1559585614579,30.879,121.3,0.05819,0.512,3.613924864
1559585614625,30.925,121.3,0.05819,0.512,3.613924864
1559585614671,30.971,121.3,0.05819,0.512,3.613924864
1559585614717,31.017,121.3,0.05819,0.512,3.613924864
1559585614779,31.079,121.3,0.05845,0.512,3.63007232
1559585614825,31.125,121.3,0.05845,0.512,3.63007232
1559585614872,31.172,121.3,0.05845,0.512,3.63007232
1559585614918,31.218,121.3,0.05845,0.512,3.63007232
1559585614979,31.279,121.2,0.05914,0.516,3.698568288
1559585615025,31.325,121.2,0.05914,0.516,3.698568288
1559585615071,31.371,121.2,0.05914,0.516,3.698568288
1559585615117,31.417,121.2,0.05914,0.516,3.698568288
1559585615179,31.479,121.3,0.05862,0.515,3.66196209
1559585615225,31.525,121.3,0.05862,0.515,3.66196209
1559585615272,31.572,121.3,0.05862,0.515,3.66196209
1559585615318,31.618,121.3,0.05862,0.515,3.66196209
1559585615379,31.679,121.3,0.05826,0.514,3.632406132
1559585615424,31.724,121.3,0.05826,0.514,3.632406132
1559585615471,31.771,121.3,0.05826,0.514,3.632406132
1559585615517,31.817,121.3,0.05826,0.514,3.632406132
1559585615579,31.879,121.3,0.05818,0.513,3.620361042
1559585615625,31.925,121.3,0.05818,0.513,3.620361042
1559585615671,31.971,121.3,0.05818,0.513,3.620361042
1559585615718,32.018,121.3,0.05818,0.513,3.620361042
1559585615779,32.079,121.3,0.05827,0.512,3.618893312
1559585615825,32.125,121.3,0.05827,0.512,3.618893312
1559585615871,32.171,121.3,0.05827,0.512,3.618893312
1559585615917,32.217,121.3,0.05827,0.512,3.618893312
1559585615979,32.279,121.3,0.05815,0.512,3.61144064
1559585616025,32.325,121.3,0.05815,0.512,3.61144064
1559585616071,32.371,121.3,0.05815,0.512,3.61144064
1559585616116,32.416,121.3,0.05815,0.512,3.61144064
1559585616179,32.479,121.2,0.05881,0.515,3.67080258
1559585616224,32.525,121.2,0.05881,0.515,3.67080258
1559585616271,32.571,121.2,0.05881,0.515,3.67080258
1559585616316,32.617,121.2,0.05881,0.515,3.67080258
1559585616379,32.679,121.2,0.05894,0.515,3.67891692
1559585616425,32.725,121.2,0.05894,0.515,3.67891692
1559585616471,32.771,121.2,0.05894,0.515,3.67891692
1559585616517,32.817,121.2,0.05894,0.515,3.67891692
1559585616579,32.879,121.2,0.05811,0.515,3.62710998
1559585616626,32.926,121.2,0.05811,0.515,3.62710998
1559585616672,32.972,121.2,0.05811,0.515,3.62710998
1559585616718,33.018,121.2,0.05811,0.515,3.62710998
1559585616779,33.079,121.2,0.05819,0.514,3.625050792
1559585616825,33.125,121.2,0.05819,0.514,3.625050792
1559585616871,33.171,121.2,0.05819,0.514,3.625050792
1559585616917,33.217,121.2,0.05819,0.514,3.625050792
1559585616979,33.279,121.2,0.058,0.515,3.620244
1559585617025,33.325,121.2,0.058,0.515,3.620244
1559585617071,33.371,121.2,0.058,0.515,3.620244
1559585617117,33.417,121.2,0.058,0.515,3.620244
1559585617179,33.479,121.2,0.05802,0.514,3.614460336
1559585617225,33.525,121.2,0.05802,0.514,3.614460336
1559585617272,33.572,121.2,0.05802,0.514,3.614460336
1559585617318,33.618,121.2,0.05802,0.514,3.614460336
1559585617379,33.679,121.2,0.05816,0.514,3.623181888
1559585617425,33.725,121.2,0.05816,0.514,3.623181888
1559585617471,33.771,121.2,0.05816,0.514,3.623181888
1559585617517,33.817,121.2,0.05816,0.514,3.623181888
1559585617579,33.879,121.2,0.05917,0.515,3.69327306
1559585617625,33.925,121.2,0.05917,0.515,3.69327306
1559585617671,33.971,121.2,0.05917,0.515,3.69327306
1559585617718,34.018,121.2,0.05917,0.515,3.69327306
1559585617779,34.079,121.2,0.05856,0.514,3.648100608
1559585617825,34.125,121.2,0.05856,0.514,3.648100608
1559585617871,34.171,121.2,0.05856,0.514,3.648100608
1559585617917,34.217,121.2,0.05856,0.514,3.648100608
1559585617979,34.279,121.2,0.05831,0.513,3.625459236
1559585618025,34.325,121.2,0.05831,0.513,3.625459236
1559585618071,34.371,121.2,0.05831,0.513,3.625459236
1559585618117,34.417,121.2,0.05831,0.513,3.625459236
1559585618179,34.479,121.2,0.05818,0.513,3.617376408
1559585618225,34.526,121.2,0.05818,0.513,3.617376408
1559585618272,34.572,121.2,0.05818,0.513,3.617376408
1559585618318,34.618,121.2,0.05818,0.513,3.617376408
1559585618379,34.679,121.2,0.05844,0.513,3.633542064
1559585618425,34.725,121.2,0.05844,0.513,3.633542064
1559585618471,34.771,121.2,0.05844,0.513,3.633542064
1559585618518,34.818,121.2,0.05844,0.513,3.633542064
1559585618579,34.879,121.2,0.0584,0.511,3.61689888
1559585618625,34.925,121.2,0.0584,0.511,3.61689888
1559585618671,34.971,121.2,0.0584,0.511,3.61689888
1559585618717,35.017,121.2,0.0584,0.511,3.61689888
1559585618778,35.078,121.2,0.05891,0.511,3.648484812
1559585618824,35.124,121.2,0.05891,0.511,3.648484812
1559585618871,35.171,121.2,0.05891,0.511,3.648484812
1559585618917,35.217,121.2,0.05891,0.511,3.648484812
1559585618979,35.279,121.2,0.06077,0.514,3.785776536
1559585619025,35.326,121.2,0.06077,0.514,3.785776536
1559585619072,35.372,121.2,0.06077,0.514,3.785776536
1559585619118,35.418,121.2,0.06077,0.514,3.785776536
1559585619179,35.479,121.2,0.05823,0.514,3.627542664
1559585619226,35.526,121.2,0.05823,0.514,3.627542664
1559585619272,35.572,121.2,0.05823,0.514,3.627542664
1559585619317,35.618,121.2,0.05823,0.514,3.627542664
1559585619379,35.679,121.2,0.0581,0.513,3.61240236
1559585619424,35.725,121.2,0.0581,0.513,3.61240236
1559585619471,35.771,121.2,0.0581,0.513,3.61240236
1559585619517,35.817,121.2,0.0581,0.513,3.61240236
1559585619578,35.878,121.3,0.05841,0.512,3.627588096
1559585619624,35.924,121.3,0.05841,0.512,3.627588096
1559585619670,35.97,121.3,0.05841,0.512,3.627588096
1559585619716,36.016,121.3,0.05841,0.512,3.627588096
1559585619779,36.079,121.3,0.05848,0.512,3.631935488
1559585619824,36.124,121.3,0.05848,0.512,3.631935488
1559585619871,36.171,121.3,0.05848,0.512,3.631935488
1559585619917,36.217,121.3,0.05848,0.512,3.631935488
1559585619979,36.279,121.2,0.05873,0.512,3.644454912
1559585620025,36.326,121.2,0.05873,0.512,3.644454912
1559585620072,36.372,121.2,0.05873,0.512,3.644454912
1559585620118,36.418,121.2,0.05873,0.512,3.644454912
1559585620179,36.479,121.2,0.05933,0.514,3.696069144
1559585620225,36.525,121.2,0.05933,0.514,3.696069144
1559585620271,36.571,121.2,0.05933,0.514,3.696069144
1559585620317,36.617,121.2,0.05933,0.514,3.696069144
1559585620378,36.678,121.2,0.05847,0.513,3.635407332
1559585620424,36.724,121.2,0.05847,0.513,3.635407332
1559585620470,36.77,121.2,0.05847,0.513,3.635407332
1559585620516,36.816,121.2,0.05847,0.513,3.635407332
1559585620578,36.879,121.3,0.05849,0.514,3.646746218
1559585620624,36.924,121.3,0.05849,0.514,3.646746218
1559585620670,36.97,121.3,0.05849,0.514,3.646746218
1559585620716,37.016,121.3,0.05849,0.514,3.646746218
1559585620779,37.079,121.2,0.05799,0.514,3.612591432
1559585620825,37.125,121.2,0.05799,0.514,3.612591432
1559585620871,37.171,121.2,0.05799,0.514,3.612591432
1559585620917,37.217,121.2,0.05799,0.514,3.612591432
1559585620978,37.278,121.2,0.05818,0.513,3.617376408
1559585621024,37.324,121.2,0.05818,0.513,3.617376408
1559585621070,37.37,121.2,0.05818,0.513,3.617376408
1559585621117,37.417,121.2,0.05818,0.513,3.617376408
1559585621179,37.479,121.2,0.05837,0.512,3.622115328
1559585621225,37.525,121.2,0.05837,0.512,3.622115328
1559585621271,37.571,121.2,0.05837,0.512,3.622115328
1559585621317,37.617,121.2,0.05837,0.512,3.622115328
1559585621378,37.678,121.2,0.05917,0.514,3.686101656
1559585621424,37.724,121.2,0.05917,0.514,3.686101656
1559585621470,37.77,121.2,0.05917,0.514,3.686101656
1559585621516,37.816,121.2,0.05917,0.514,3.686101656
1559585621578,37.878,121.2,0.0591,0.514,3.68174088
1559585621624,37.924,121.2,0.0591,0.514,3.68174088
1559585621671,37.971,121.2,0.0591,0.514,3.68174088
1559585621717,38.017,121.2,0.0591,0.514,3.68174088
1559585621778,38.078,121.2,0.05853,0.512,3.632044032
1559585621824,38.124,121.2,0.05853,0.512,3.632044032
1559585621870,38.17,121.2,0.05853,0.512,3.632044032
1559585621916,38.216,121.2,0.05853,0.512,3.632044032
1559585621978,38.278,121.2,0.05839,0.513,3.630433284
1559585622024,38.324,121.2,0.05839,0.513,3.630433284
1559585622070,38.37,121.2,0.05839,0.513,3.630433284
1559585622116,38.416,121.2,0.05839,0.513,3.630433284
1559585622179,38.479,121.2,0.05834,0.512,3.620253696
1559585622225,38.525,121.2,0.05834,0.512,3.620253696
1559585622271,38.571,121.2,0.05834,0.512,3.620253696
1559585622317,38.617,121.2,0.05834,0.512,3.620253696
1559585622378,38.678,121.2,0.05828,0.512,3.616530432
1559585622424,38.724,121.2,0.05828,0.512,3.616530432
1559585622470,38.77,121.2,0.05828,0.512,3.616530432
1559585622516,38.816,121.2,0.05828,0.512,3.616530432
1559585622579,38.879,121.2,0.05846,0.514,3.641870928
1559585622625,38.925,121.2,0.05846,0.514,3.641870928
1559585622671,38.971,121.2,0.05846,0.514,3.641870928
1559585622717,39.017,121.2,0.05846,0.514,3.641870928
1559585622779,39.079,121.2,0.0593,0.516,3.70857456
1559585622825,39.125,121.2,0.0593,0.516,3.70857456
1559585622871,39.171,121.2,0.0593,0.516,3.70857456
1559585622917,39.217,121.2,0.0593,0.516,3.70857456
1559585622978,39.279,121.2,0.05848,0.515,3.65020464
1559585623025,39.325,121.2,0.05848,0.515,3.65020464
1559585623071,39.371,121.2,0.05848,0.515,3.65020464
1559585623117,39.417,121.2,0.05848,0.515,3.65020464
1559585623178,39.478,121.2,0.05786,0.511,3.583454952
1559585623224,39.524,121.2,0.05786,0.511,3.583454952
1559585623270,39.57,121.2,0.05786,0.511,3.583454952
1559585623317,39.617,121.2,0.05786,0.511,3.583454952
1559585623379,39.679,121.2,0.05781,0.51,3.57335172
1559585623425,39.725,121.2,0.05781,0.51,3.57335172
1559585623471,39.771,121.2,0.05781,0.51,3.57335172
1559585623517,39.817,121.2,0.05781,0.51,3.57335172
1559585623579,39.879,121.3,0.0576,0.511,3.57029568
1559585623625,39.925,121.3,0.0576,0.511,3.57029568
1559585623671,39.971,121.3,0.0576,0.511,3.57029568
1559585623717,40.017,121.3,0.0576,0.511,3.57029568
1559585623778,40.078,121.3,0.05755,0.511,3.567196465
1559585623824,40.124,121.3,0.05755,0.511,3.567196465
1559585623870,40.17,121.3,0.05755,0.511,3.567196465
1559585623916,40.216,121.3,0.05755,0.511,3.567196465
1559585623978,40.279,121.3,0.05898,0.514,3.677296836
1559585624025,40.325,121.3,0.05898,0.514,3.677296836
1559585624071,40.371,121.3,0.05898,0.514,3.677296836
1559585624117,40.417,121.3,0.05898,0.514,3.677296836
1559585624178,40.478,121.2,0.0585,0.513,3.6372726
1559585624224,40.524,121.2,0.0585,0.513,3.6372726
1559585624270,40.57,121.2,0.0585,0.513,3.6372726
1559585624316,40.616,121.2,0.0585,0.513,3.6372726
1559585624378,40.679,121.2,0.05795,0.51,3.5820054
1559585624425,40.725,121.2,0.05795,0.51,3.5820054
1559585624471,40.771,121.2,0.05795,0.51,3.5820054
1559585624517,40.817,121.2,0.05795,0.51,3.5820054
1559585624578,40.878,121.3,0.05756,0.513,3.581780364
1559585624624,40.924,121.3,0.05756,0.513,3.581780364
1559585624670,40.97,121.3,0.05756,0.513,3.581780364
1559585624716,41.016,121.3,0.05756,0.513,3.581780364
1559585624779,41.079,121.3,0.05731,0.513,3.566223639
1559585624825,41.125,121.3,0.05731,0.513,3.566223639
1559585624871,41.171,121.3,0.05731,0.513,3.566223639
1559585624917,41.217,121.3,0.05731,0.513,3.566223639
1559585624979,41.279,121.2,0.05749,0.512,3.567507456
1559585625025,41.325,121.2,0.05749,0.512,3.567507456
1559585625072,41.372,121.2,0.05749,0.512,3.567507456
1559585625118,41.418,121.2,0.05749,0.512,3.567507456
1559585625179,41.479,121.2,0.05759,0.512,3.573712896
1559585625225,41.525,121.2,0.05759,0.512,3.573712896
1559585625271,41.571,121.2,0.05759,0.512,3.573712896
1559585625318,41.618,121.2,0.05759,0.512,3.573712896
1559585625379,41.679,121.2,0.05816,0.512,3.609083904
1559585625425,41.725,121.2,0.05816,0.512,3.609083904
1559585625471,41.771,121.2,0.05816,0.512,3.609083904
1559585625518,41.818,121.2,0.05816,0.512,3.609083904
1559585625579,41.879,121.2,0.05849,0.513,3.636650844
1559585625625,41.925,121.2,0.05849,0.513,3.636650844
1559585625671,41.971,121.2,0.05849,0.513,3.636650844
1559585625717,42.017,121.2,0.05849,0.513,3.636650844
1559585625778,42.078,121.2,0.05753,0.514,3.583934904
1559585625824,42.124,121.2,0.05753,0.514,3.583934904
1559585625870,42.17,121.2,0.05753,0.514,3.583934904
1559585625916,42.216,121.2,0.05753,0.514,3.583934904
1559585625978,42.279,121.2,0.05747,0.513,3.573231732
1559585626024,42.324,121.2,0.05747,0.513,3.573231732
1559585626071,42.371,121.2,0.05747,0.513,3.573231732
1559585626117,42.417,121.2,0.05747,0.513,3.573231732
1559585626179,42.479,121.2,0.05722,0.515,3.57155796
1559585626225,42.525,121.2,0.05722,0.515,3.57155796
1559585626271,42.571,121.2,0.05722,0.515,3.57155796
1559585626317,42.617,121.2,0.05722,0.515,3.57155796
1559585626379,42.679,121.2,0.06456,0.531,4.154900832
1559585626424,42.724,121.2,0.06456,0.531,4.154900832
1559585626470,42.77,121.2,0.06456,0.531,4.154900832
1559585626516,42.816,121.2,0.06456,0.531,4.154900832
1559585626579,42.879,121.3,0.05886,0.517,3.691234206
1559585626625,42.925,121.3,0.05886,0.517,3.691234206
1559585626671,42.971,121.3,0.05886,0.517,3.691234206
1559585626717,43.017,121.3,0.05886,0.517,3.691234206
