# Mon Jun 10 17:51:30 2019
abstime,time_stamp,volt,curr,pf,mul
1560214290176,0.079,122.3,0.00424,0.377,0.195494104
1560214290224,0.127,122.3,0.00424,0.377,0.195494104
1560214290270,0.173,122.3,0.00424,0.377,0.195494104
1560214290315,0.218,122.3,0.00426,0.379,0.197458242
1560214290362,0.265,122.3,0.00426,0.379,0.197458242
1560214290408,0.311,122.3,0.00426,0.379,0.197458242
1560214290454,0.357,122.3,0.00426,0.379,0.197458242
1560214290507,0.41,122.3,0.00421,0.379,0.195140657
1560214290553,0.456,122.3,0.00421,0.379,0.195140657
1560214290600,0.503,122.3,0.00421,0.379,0.195140657
1560214290645,0.548,122.3,0.00421,0.379,0.195140657
1560214290708,0.611,122.2,0.00419,0.38,0.19456684
1560214290754,0.657,122.2,0.00419,0.38,0.19456684
1560214290800,0.703,122.2,0.00419,0.38,0.19456684
1560214290846,0.749,122.2,0.00419,0.38,0.19456684
1560214290907,0.81,122.2,0.00424,0.379,0.196370512
1560214290953,0.856,122.2,0.00424,0.379,0.196370512
1560214290999,0.902,122.2,0.00424,0.379,0.196370512
1560214291045,0.948,122.2,0.00424,0.379,0.196370512
1560214291107,1.01,122.2,0.00424,0.381,0.197406768
1560214291153,1.056,122.2,0.00424,0.381,0.197406768
1560214291199,1.102,122.2,0.00424,0.381,0.197406768
1560214291245,1.148,122.2,0.00424,0.381,0.197406768
1560214291308,1.211,122.3,0.00427,0.38,0.19844398
1560214291353,1.256,122.3,0.00427,0.38,0.19844398
1560214291400,1.303,122.3,0.00427,0.38,0.19844398
1560214291446,1.349,122.3,0.00427,0.38,0.19844398
1560214291507,1.41,122.3,0.00424,0.378,0.196012656
1560214291553,1.456,122.3,0.00424,0.378,0.196012656
1560214291600,1.503,122.3,0.00424,0.378,0.196012656
1560214291646,1.549,122.3,0.00424,0.378,0.196012656
1560214291707,1.61,122.3,0.00422,0.379,0.195604174
1560214291753,1.656,122.3,0.00422,0.379,0.195604174
1560214291799,1.702,122.3,0.00422,0.379,0.195604174
1560214291845,1.748,122.3,0.00422,0.379,0.195604174
1560214291907,1.81,122.3,0.00426,0.377,0.196416246
1560214291953,1.856,122.3,0.00426,0.377,0.196416246
1560214292000,1.903,122.3,0.00426,0.377,0.196416246
1560214292047,1.95,122.3,0.00426,0.377,0.196416246
1560214292107,2.01,122.3,0.00426,0.375,0.19537425
1560214292153,2.056,122.3,0.00426,0.375,0.19537425
1560214292199,2.102,122.3,0.00426,0.375,0.19537425
1560214292245,2.148,122.3,0.00426,0.375,0.19537425
1560214292307,2.21,122.3,0.00426,0.379,0.197458242
1560214292353,2.256,122.3,0.00426,0.379,0.197458242
1560214292399,2.302,122.3,0.00426,0.379,0.197458242
1560214292446,2.349,122.3,0.00426,0.379,0.197458242
1560214292507,2.41,122.3,0.00425,0.38,0.1975145
1560214292553,2.456,122.3,0.00425,0.38,0.1975145
1560214292599,2.502,122.3,0.00425,0.38,0.1975145
1560214292645,2.548,122.3,0.00425,0.38,0.1975145
1560214292706,2.609,122.3,0.00417,0.379,0.193286589
1560214292752,2.655,122.3,0.00417,0.379,0.193286589
1560214292798,2.701,122.3,0.00417,0.379,0.193286589
1560214292844,2.747,122.3,0.00417,0.379,0.193286589
1560214292907,2.81,122.3,0.00422,0.379,0.195604174
1560214292953,2.856,122.3,0.00422,0.379,0.195604174
1560214292999,2.902,122.3,0.00422,0.379,0.195604174
1560214293045,2.948,122.3,0.00422,0.379,0.195604174
1560214293106,3.009,122.3,0.00423,0.379,0.196067691
1560214293152,3.055,122.3,0.00423,0.379,0.196067691
1560214293198,3.101,122.3,0.00423,0.379,0.196067691
1560214293244,3.147,122.3,0.00423,0.379,0.196067691
1560214293306,3.21,122.3,0.0042,0.383,0.19673178
1560214293352,3.255,122.3,0.0042,0.383,0.19673178
1560214293398,3.301,122.3,0.0042,0.383,0.19673178
1560214293444,3.347,122.3,0.0042,0.383,0.19673178
1560214293506,3.409,122.3,0.00423,0.378,0.195550362
1560214293552,3.456,122.3,0.00423,0.378,0.195550362
1560214293599,3.502,122.3,0.00423,0.378,0.195550362
1560214293645,3.548,122.3,0.00423,0.378,0.195550362
1560214293706,3.609,122.3,0.00423,0.381,0.197102349
1560214293752,3.655,122.3,0.00423,0.381,0.197102349
1560214293798,3.701,122.3,0.00423,0.381,0.197102349
1560214293844,3.747,122.3,0.00423,0.381,0.197102349
1560214293906,3.809,122.2,0.00425,0.376,0.1952756
1560214293951,3.854,122.2,0.00425,0.376,0.1952756
1560214293997,3.9,122.2,0.00425,0.376,0.1952756
1560214294044,3.947,122.2,0.00425,0.376,0.1952756
1560214294106,4.009,122.2,0.00425,0.379,0.19683365
1560214294152,4.055,122.2,0.00425,0.379,0.19683365
1560214294198,4.101,122.2,0.00425,0.379,0.19683365
1560214294244,4.147,122.2,0.00425,0.379,0.19683365
1560214294306,4.209,122.2,0.00423,0.38,0.19642428
1560214294352,4.255,122.2,0.00423,0.38,0.19642428
1560214294398,4.301,122.2,0.00423,0.38,0.19642428
1560214294444,4.347,122.2,0.00423,0.38,0.19642428
1560214294505,4.408,122.2,0.00427,0.379,0.197759926
1560214294552,4.455,122.2,0.00427,0.379,0.197759926
1560214294598,4.501,122.2,0.00427,0.379,0.197759926
1560214294644,4.547,122.2,0.00427,0.379,0.197759926
1560214294706,4.609,122.2,0.00419,0.382,0.195590876
1560214294752,4.655,122.2,0.00419,0.382,0.195590876
1560214294798,4.701,122.2,0.00419,0.382,0.195590876
1560214294844,4.747,122.2,0.00419,0.382,0.195590876
1560214294906,4.809,122.2,0.00423,0.379,0.195907374
1560214294952,4.855,122.2,0.00423,0.379,0.195907374
1560214294998,4.901,122.2,0.00423,0.379,0.195907374
1560214295044,4.947,122.2,0.00423,0.379,0.195907374
1560214295106,5.009,122.2,0.00426,0.378,0.196776216
1560214295152,5.055,122.2,0.00426,0.378,0.196776216
1560214295198,5.101,122.2,0.00426,0.378,0.196776216
1560214295244,5.147,122.2,0.00426,0.378,0.196776216
1560214295306,5.21,122.3,0.00425,0.379,0.196994725
1560214295353,5.256,122.3,0.00425,0.379,0.196994725
1560214295399,5.302,122.3,0.00425,0.379,0.196994725
1560214295445,5.348,122.3,0.00425,0.379,0.196994725
1560214295505,5.408,122.3,0.00428,0.379,0.198385276
1560214295551,5.454,122.3,0.00428,0.379,0.198385276
1560214295598,5.501,122.3,0.00428,0.379,0.198385276
1560214295644,5.547,122.3,0.00428,0.379,0.198385276
1560214295706,5.609,122.3,0.00426,0.376,0.195895248
1560214295752,5.655,122.3,0.00426,0.376,0.195895248
1560214295798,5.702,122.3,0.00426,0.376,0.195895248
1560214295845,5.748,122.3,0.00426,0.376,0.195895248
1560214295906,5.809,122.3,0.00429,0.373,0.195700791
1560214295951,5.854,122.3,0.00429,0.373,0.195700791
1560214295997,5.9,122.3,0.00429,0.373,0.195700791
1560214296043,5.946,122.3,0.00429,0.373,0.195700791
1560214296105,6.008,122.3,0.00428,0.377,0.197338388
1560214296151,6.054,122.3,0.00428,0.377,0.197338388
1560214296197,6.1,122.3,0.00428,0.377,0.197338388
1560214296243,6.147,122.3,0.00428,0.377,0.197338388
1560214296306,6.209,122.3,0.00426,0.378,0.196937244
1560214296352,6.255,122.3,0.00426,0.378,0.196937244
1560214296398,6.301,122.3,0.00426,0.378,0.196937244
1560214296444,6.347,122.3,0.00426,0.378,0.196937244
1560214296506,6.409,122.3,0.00425,0.377,0.195955175
1560214296552,6.455,122.3,0.00425,0.377,0.195955175
1560214296598,6.501,122.3,0.00425,0.377,0.195955175
1560214296644,6.547,122.3,0.00425,0.377,0.195955175
1560214296706,6.609,122.3,0.00426,0.376,0.195895248
1560214296752,6.655,122.3,0.00426,0.376,0.195895248
1560214296798,6.701,122.3,0.00426,0.376,0.195895248
1560214296844,6.747,122.3,0.00426,0.376,0.195895248
1560214296906,6.809,122.3,0.00424,0.38,0.19704976
1560214296952,6.855,122.3,0.00424,0.38,0.19704976
1560214296998,6.901,122.3,0.00424,0.38,0.19704976
1560214297044,6.948,122.3,0.00424,0.38,0.19704976
1560214297105,7.009,122.3,0.0043,0.375,0.19720875
1560214297152,7.055,122.3,0.0043,0.375,0.19720875
1560214297198,7.101,122.3,0.0043,0.375,0.19720875
1560214297244,7.147,122.3,0.0043,0.375,0.19720875
1560214297306,7.209,122.3,0.00424,0.38,0.19704976
1560214297352,7.255,122.3,0.00424,0.38,0.19704976
1560214297398,7.301,122.3,0.00424,0.38,0.19704976
1560214297444,7.348,122.3,0.00424,0.38,0.19704976
1560214297506,7.409,122.3,0.00427,0.378,0.197399538
1560214297552,7.455,122.3,0.00427,0.378,0.197399538
1560214297598,7.501,122.3,0.00427,0.378,0.197399538
1560214297644,7.547,122.3,0.00427,0.378,0.197399538
1560214297705,7.608,122.3,0.00427,0.374,0.195310654
1560214297751,7.654,122.3,0.00427,0.374,0.195310654
1560214297797,7.7,122.3,0.00427,0.374,0.195310654
1560214297843,7.746,122.3,0.00427,0.374,0.195310654
1560214297906,7.809,122.3,0.00426,0.377,0.196416246
1560214297952,7.855,122.3,0.00426,0.377,0.196416246
1560214297998,7.901,122.3,0.00426,0.377,0.196416246
1560214298044,7.947,122.3,0.00426,0.377,0.196416246
1560214298106,8.01,122.3,0.00426,0.377,0.196416246
1560214298153,8.056,122.3,0.00426,0.377,0.196416246
1560214298199,8.102,122.3,0.00426,0.377,0.196416246
1560214298245,8.148,122.3,0.00426,0.377,0.196416246
1560214298306,8.209,122.3,0.00424,0.381,0.197568312
1560214298352,8.255,122.3,0.00424,0.381,0.197568312
1560214298398,8.301,122.3,0.00424,0.381,0.197568312
1560214298444,8.347,122.3,0.00424,0.381,0.197568312
1560214298505,8.408,122.3,0.00423,0.382,0.197619678
1560214298551,8.454,122.3,0.00423,0.382,0.197619678
1560214298597,8.5,122.3,0.00423,0.382,0.197619678
1560214298642,8.545,122.3,0.00423,0.382,0.197619678
1560214298705,8.608,122.3,0.00421,0.377,0.194110891
1560214298751,8.654,122.3,0.00421,0.377,0.194110891
1560214298797,8.7,122.3,0.00421,0.377,0.194110891
1560214298842,8.745,122.3,0.00421,0.377,0.194110891
1560214298906,8.809,122.2,0.00424,0.376,0.194816128
1560214298952,8.855,122.2,0.00424,0.376,0.194816128
1560214298998,8.901,122.2,0.00424,0.376,0.194816128
1560214299044,8.947,122.2,0.00424,0.376,0.194816128
1560214299105,9.008,122.2,0.0043,0.377,0.19809842
1560214299151,9.054,122.2,0.0043,0.377,0.19809842
1560214299197,9.101,122.2,0.0043,0.377,0.19809842
1560214299244,9.147,122.2,0.0043,0.377,0.19809842
1560214299306,9.209,122.2,0.00427,0.378,0.197238132
1560214299352,9.255,122.2,0.00427,0.378,0.197238132
1560214299398,9.301,122.2,0.00427,0.378,0.197238132
1560214299444,9.347,122.2,0.00427,0.378,0.197238132
1560214299505,9.408,122.3,0.00427,0.376,0.196355096
1560214299552,9.455,122.3,0.00427,0.376,0.196355096
1560214299598,9.501,122.3,0.00427,0.376,0.196355096
1560214299644,9.547,122.3,0.00427,0.376,0.196355096
1560214299705,9.608,122.3,0.00424,0.378,0.196012656
1560214299751,9.654,122.3,0.00424,0.378,0.196012656
1560214299797,9.7,122.3,0.00424,0.378,0.196012656
1560214299843,9.746,122.3,0.00424,0.378,0.196012656
1560214299906,9.809,122.2,0.00426,0.376,0.195735072
1560214299952,9.855,122.2,0.00426,0.376,0.195735072
1560214299998,9.901,122.2,0.00426,0.376,0.195735072
1560214300044,9.947,122.2,0.00426,0.376,0.195735072
1560214300105,10.008,122.2,0.00428,0.376,0.196654016
1560214300151,10.054,122.2,0.00428,0.376,0.196654016
1560214300197,10.1,122.2,0.00428,0.376,0.196654016
1560214300243,10.146,122.2,0.00428,0.376,0.196654016
1560214300306,10.209,122.3,0.00428,0.378,0.197861832
1560214300352,10.255,122.3,0.00428,0.378,0.197861832
1560214300398,10.301,122.3,0.00428,0.378,0.197861832
1560214300444,10.347,122.3,0.00428,0.378,0.197861832
1560214300505,10.408,122.3,0.00425,0.38,0.1975145
1560214300551,10.454,122.3,0.00425,0.38,0.1975145
1560214300597,10.5,122.3,0.00425,0.38,0.1975145
1560214300644,10.547,122.3,0.00425,0.38,0.1975145
1560214300706,10.609,122.3,0.00422,0.38,0.19612028
1560214300752,10.655,122.3,0.00422,0.38,0.19612028
1560214300799,10.702,122.3,0.00422,0.38,0.19612028
1560214300845,10.748,122.3,0.00422,0.38,0.19612028
1560214300905,10.808,122.3,0.00423,0.378,0.195550362
1560214300951,10.854,122.3,0.00423,0.378,0.195550362
1560214300997,10.9,122.3,0.00423,0.378,0.195550362
1560214301043,10.946,122.3,0.00423,0.378,0.195550362
1560214301105,11.008,122.3,0.00429,0.377,0.197799459
1560214301151,11.054,122.3,0.00429,0.377,0.197799459
1560214301197,11.1,122.3,0.00429,0.377,0.197799459
1560214301243,11.146,122.3,0.00429,0.377,0.197799459
1560214301306,11.209,122.3,0.00428,0.378,0.197861832
1560214301352,11.255,122.3,0.00428,0.378,0.197861832
1560214301398,11.301,122.3,0.00428,0.378,0.197861832
1560214301444,11.347,122.3,0.00428,0.378,0.197861832
1560214301505,11.408,122.3,0.00426,0.38,0.19797924
1560214301551,11.454,122.3,0.00426,0.38,0.19797924
1560214301597,11.501,122.3,0.00426,0.38,0.19797924
1560214301644,11.547,122.3,0.00426,0.38,0.19797924
1560214301705,11.608,122.3,0.00424,0.378,0.196012656
1560214301751,11.654,122.3,0.00424,0.378,0.196012656
1560214301797,11.7,122.3,0.00424,0.378,0.196012656
1560214301843,11.746,122.3,0.00424,0.378,0.196012656
1560214301905,11.808,122.3,0.00423,0.38,0.19658502
1560214301952,11.855,122.3,0.00423,0.38,0.19658502
1560214301998,11.901,122.3,0.00423,0.38,0.19658502
1560214302044,11.947,122.3,0.00423,0.38,0.19658502
1560214302105,12.008,122.3,0.00426,0.376,0.195895248
1560214302151,12.054,122.3,0.00426,0.376,0.195895248
1560214302197,12.1,122.3,0.00426,0.376,0.195895248
1560214302243,12.146,122.3,0.00426,0.376,0.195895248
1560214302306,12.209,122.3,0.00427,0.38,0.19844398
1560214302352,12.255,122.3,0.00427,0.38,0.19844398
1560214302398,12.301,122.3,0.00427,0.38,0.19844398
1560214302444,12.347,122.3,0.00427,0.38,0.19844398
1560214302505,12.408,122.3,0.00426,0.376,0.195895248
1560214302551,12.454,122.3,0.00426,0.376,0.195895248
1560214302597,12.5,122.3,0.00426,0.376,0.195895248
1560214302643,12.546,122.3,0.00426,0.376,0.195895248
1560214302705,12.608,122.3,0.00421,0.379,0.195140657
1560214302751,12.654,122.3,0.00421,0.379,0.195140657
1560214302797,12.7,122.3,0.00421,0.379,0.195140657
1560214302843,12.746,122.3,0.00421,0.379,0.195140657
1560214302905,12.808,122.3,0.00424,0.377,0.195494104
1560214302952,12.855,122.3,0.00424,0.377,0.195494104
1560214302998,12.901,122.3,0.00424,0.377,0.195494104
1560214303044,12.947,122.3,0.00424,0.377,0.195494104
1560214303105,13.008,122.3,0.00432,0.374,0.197597664
1560214303151,13.054,122.3,0.00432,0.374,0.197597664
1560214303197,13.1,122.3,0.00432,0.374,0.197597664
1560214303243,13.146,122.3,0.00432,0.374,0.197597664
1560214303306,13.209,122.3,0.00428,0.375,0.1962915
1560214303352,13.255,122.3,0.00428,0.375,0.1962915
1560214303398,13.301,122.3,0.00428,0.375,0.1962915
1560214303444,13.347,122.3,0.00428,0.375,0.1962915
1560214303505,13.408,122.3,0.00427,0.376,0.196355096
1560214303551,13.454,122.3,0.00427,0.376,0.196355096
1560214303597,13.501,122.3,0.00427,0.376,0.196355096
1560214303644,13.547,122.3,0.00427,0.376,0.196355096
1560214303705,13.608,122.3,0.00422,0.378,0.195088068
1560214303751,13.654,122.3,0.00422,0.378,0.195088068
1560214303797,13.7,122.3,0.00422,0.378,0.195088068
1560214303843,13.746,122.3,0.00422,0.378,0.195088068
1560214303905,13.808,122.3,0.00422,0.379,0.195604174
1560214303951,13.854,122.3,0.00422,0.379,0.195604174
1560214303997,13.9,122.3,0.00422,0.379,0.195604174
1560214304043,13.946,122.3,0.00422,0.379,0.195604174
1560214304105,14.008,122.2,0.00427,0.375,0.19567275
1560214304150,14.053,122.2,0.00427,0.375,0.19567275
1560214304196,14.099,122.2,0.00427,0.375,0.19567275
1560214304242,14.145,122.2,0.00427,0.375,0.19567275
1560214304305,14.208,122.2,0.00428,0.376,0.196654016
1560214304351,14.254,122.2,0.00428,0.376,0.196654016
1560214304397,14.3,122.2,0.00428,0.376,0.196654016
1560214304443,14.346,122.2,0.00428,0.376,0.196654016
1560214304505,14.408,122.2,0.00424,0.379,0.196370512
1560214304551,14.454,122.2,0.00424,0.379,0.196370512
1560214304597,14.5,122.2,0.00424,0.379,0.196370512
1560214304643,14.546,122.2,0.00424,0.379,0.196370512
1560214304705,14.608,122.2,0.00424,0.379,0.196370512
1560214304750,14.653,122.2,0.00424,0.379,0.196370512
1560214304796,14.699,122.2,0.00424,0.379,0.196370512
1560214304843,14.746,122.2,0.00424,0.379,0.196370512
1560214304905,14.808,122.2,0.00425,0.377,0.19579495
1560214304951,14.854,122.2,0.00425,0.377,0.19579495
1560214304997,14.9,122.2,0.00425,0.377,0.19579495
1560214305043,14.946,122.2,0.00425,0.377,0.19579495
1560214305104,15.007,122.2,0.00428,0.376,0.196654016
1560214305150,15.053,122.2,0.00428,0.376,0.196654016
1560214305196,15.1,122.2,0.00428,0.376,0.196654016
1560214305243,15.146,122.2,0.00428,0.376,0.196654016
1560214305305,15.208,122.2,0.00429,0.376,0.197113488
1560214305351,15.254,122.2,0.00429,0.376,0.197113488
1560214305397,15.3,122.2,0.00429,0.376,0.197113488
1560214305443,15.346,122.2,0.00429,0.376,0.197113488
1560214305504,15.407,122.3,0.00426,0.379,0.197458242
1560214305550,15.453,122.3,0.00426,0.379,0.197458242
1560214305596,15.499,122.3,0.00426,0.379,0.197458242
1560214305642,15.545,122.3,0.00426,0.379,0.197458242
1560214305705,15.608,122.3,0.00424,0.379,0.196531208
1560214305750,15.653,122.3,0.00424,0.379,0.196531208
1560214305797,15.7,122.3,0.00424,0.379,0.196531208
1560214305843,15.746,122.3,0.00424,0.379,0.196531208
1560214305905,15.808,122.2,0.00423,0.381,0.196941186
1560214305951,15.854,122.2,0.00423,0.381,0.196941186
1560214305998,15.901,122.2,0.00423,0.381,0.196941186
1560214306044,15.947,122.2,0.00423,0.381,0.196941186
1560214306105,16.008,122.2,0.00426,0.374,0.194693928
1560214306151,16.054,122.2,0.00426,0.374,0.194693928
1560214306197,16.1,122.2,0.00426,0.374,0.194693928
1560214306243,16.146,122.2,0.00426,0.374,0.194693928
1560214306304,16.207,122.2,0.00428,0.379,0.198223064
1560214306350,16.253,122.2,0.00428,0.379,0.198223064
1560214306396,16.299,122.2,0.00428,0.379,0.198223064
1560214306441,16.344,122.2,0.00428,0.379,0.198223064
1560214306505,16.408,122.3,0.00426,0.377,0.196416246
1560214306551,16.454,122.3,0.00426,0.377,0.196416246
1560214306596,16.499,122.3,0.00426,0.377,0.196416246
1560214306642,16.545,122.3,0.00426,0.377,0.196416246
1560214306705,16.608,122.3,0.00427,0.379,0.197921759
1560214306751,16.654,122.3,0.00427,0.379,0.197921759
1560214306797,16.7,122.3,0.00427,0.379,0.197921759
1560214306844,16.747,122.3,0.00427,0.379,0.197921759
1560214306905,16.808,122.2,0.00423,0.377,0.194873562
1560214306951,16.854,122.2,0.00423,0.377,0.194873562
1560214306997,16.9,122.2,0.00423,0.377,0.194873562
1560214307043,16.946,122.2,0.00423,0.377,0.194873562
1560214307104,17.007,122.2,0.00424,0.378,0.195852384
1560214307150,17.053,122.2,0.00424,0.378,0.195852384
1560214307196,17.099,122.2,0.00424,0.378,0.195852384
1560214307243,17.146,122.2,0.00424,0.378,0.195852384
1560214307305,17.208,122.3,0.00432,0.377,0.199182672
1560214307351,17.254,122.3,0.00432,0.377,0.199182672
1560214307397,17.3,122.3,0.00432,0.377,0.199182672
1560214307443,17.346,122.3,0.00432,0.377,0.199182672
1560214307504,17.407,122.3,0.0043,0.379,0.19931231
1560214307550,17.453,122.3,0.0043,0.379,0.19931231
1560214307597,17.5,122.3,0.0043,0.379,0.19931231
1560214307643,17.546,122.3,0.0043,0.379,0.19931231
1560214307705,17.608,122.3,0.00428,0.375,0.1962915
1560214307751,17.654,122.3,0.00428,0.375,0.1962915
1560214307797,17.7,122.3,0.00428,0.375,0.1962915
1560214307844,17.747,122.3,0.00428,0.375,0.1962915
1560214307904,17.808,122.3,0.00423,0.378,0.195550362
1560214307951,17.854,122.3,0.00423,0.378,0.195550362
1560214307997,17.9,122.3,0.00423,0.378,0.195550362
1560214308043,17.946,122.3,0.00423,0.378,0.195550362
1560214308104,18.007,122.3,0.00425,0.378,0.19647495
1560214308150,18.053,122.3,0.00425,0.378,0.19647495
1560214308196,18.099,122.3,0.00425,0.378,0.19647495
1560214308242,18.145,122.3,0.00425,0.378,0.19647495
1560214308305,18.208,122.3,0.00428,0.374,0.195768056
1560214308351,18.254,122.3,0.00428,0.374,0.195768056
1560214308397,18.3,122.3,0.00428,0.374,0.195768056
1560214308443,18.346,122.3,0.00428,0.374,0.195768056
1560214308504,18.407,122.3,0.00426,0.379,0.197458242
1560214308550,18.453,122.3,0.00426,0.379,0.197458242
1560214308596,18.499,122.3,0.00426,0.379,0.197458242
1560214308642,18.545,122.3,0.00426,0.379,0.197458242
1560214308705,18.608,122.3,0.00427,0.376,0.196355096
1560214308751,18.654,122.3,0.00427,0.376,0.196355096
1560214308797,18.7,122.3,0.00427,0.376,0.196355096
1560214308844,18.747,122.3,0.00427,0.376,0.196355096
1560214308905,18.808,122.3,0.00426,0.376,0.195895248
1560214308951,18.854,122.3,0.00426,0.376,0.195895248
1560214308997,18.9,122.3,0.00426,0.376,0.195895248
1560214309043,18.946,122.3,0.00426,0.376,0.195895248
1560214309104,19.007,122.2,0.00429,0.376,0.197113488
1560214309151,19.054,122.2,0.00429,0.376,0.197113488
1560214309197,19.1,122.2,0.00429,0.376,0.197113488
1560214309243,19.146,122.2,0.00429,0.376,0.197113488
1560214309304,19.207,122.2,0.00431,0.375,0.19750575
1560214309350,19.253,122.2,0.00431,0.375,0.19750575
1560214309396,19.299,122.2,0.00431,0.375,0.19750575
1560214309442,19.345,122.2,0.00431,0.375,0.19750575
1560214309505,19.408,122.2,0.00429,0.375,0.19658925
1560214309551,19.454,122.2,0.00429,0.375,0.19658925
1560214309597,19.5,122.2,0.00429,0.375,0.19658925
1560214309643,19.546,122.2,0.00429,0.375,0.19658925
1560214309704,19.607,122.3,0.00427,0.376,0.196355096
1560214309750,19.654,122.3,0.00427,0.376,0.196355096
1560214309797,19.7,122.3,0.00427,0.376,0.196355096
1560214309844,19.747,122.3,0.00427,0.376,0.196355096
1560214309908,19.811,122.2,0.00421,0.378,0.194466636
1560214309955,19.858,122.2,0.00421,0.378,0.194466636
1560214310001,19.904,122.2,0.00421,0.378,0.194466636
1560214310047,19.95,122.2,0.00421,0.378,0.194466636
1560214310104,20.007,122.2,0.00427,0.377,0.196716338
1560214310149,20.052,122.2,0.00427,0.377,0.196716338
1560214310195,20.098,122.2,0.00427,0.377,0.196716338
1560214310241,20.144,122.2,0.00427,0.377,0.196716338
1560214310304,20.207,122.2,0.00429,0.377,0.197637726
