# Mon Jun 10 17:59:39 2019
abstime,time_stamp,volt,curr,pf,mul
1560214779875,0.079,122.5,0.00419,0.377,0.193504675
1560214779923,0.127,122.5,0.00419,0.377,0.193504675
1560214779969,0.173,122.5,0.00419,0.377,0.193504675
1560214780015,0.219,122.5,0.00419,0.377,0.193504675
1560214780061,0.265,122.4,0.00423,0.376,0.194674752
1560214780107,0.311,122.4,0.00423,0.376,0.194674752
1560214780153,0.357,122.4,0.00423,0.376,0.194674752
1560214780199,0.403,122.4,0.00423,0.376,0.194674752
1560214780255,0.459,122.4,0.00423,0.376,0.194674752
1560214780301,0.505,122.4,0.00423,0.376,0.194674752
1560214780347,0.551,122.4,0.00423,0.376,0.194674752
1560214780393,0.597,122.4,0.00423,0.376,0.194674752
1560214780455,0.659,122.4,0.00427,0.38,0.19860624
1560214780501,0.705,122.4,0.00427,0.38,0.19860624
1560214780547,0.751,122.4,0.00427,0.38,0.19860624
1560214780593,0.797,122.4,0.00427,0.38,0.19860624
1560214780656,0.86,122.4,0.00421,0.38,0.19581552
1560214780702,0.906,122.4,0.00421,0.38,0.19581552
1560214780748,0.952,122.4,0.00421,0.38,0.19581552
1560214780794,0.998,122.4,0.00421,0.38,0.19581552
1560214780855,1.059,122.4,0.00423,0.381,0.197263512
1560214780902,1.106,122.4,0.00423,0.381,0.197263512
1560214780948,1.152,122.4,0.00423,0.381,0.197263512
1560214780994,1.198,122.4,0.00423,0.381,0.197263512
1560214781055,1.259,122.4,0.00426,0.38,0.19814112
1560214781101,1.305,122.4,0.00426,0.38,0.19814112
1560214781147,1.351,122.4,0.00426,0.38,0.19814112
1560214781193,1.398,122.4,0.00426,0.38,0.19814112
1560214781256,1.46,122.4,0.00423,0.379,0.196228008
1560214781302,1.506,122.4,0.00423,0.379,0.196228008
1560214781348,1.552,122.4,0.00423,0.379,0.196228008
1560214781394,1.598,122.4,0.00423,0.379,0.196228008
1560214781455,1.659,122.4,0.00428,0.379,0.198547488
1560214781501,1.705,122.4,0.00428,0.379,0.198547488
1560214781547,1.751,122.4,0.00428,0.379,0.198547488
1560214781593,1.797,122.4,0.00428,0.379,0.198547488
1560214781656,1.86,122.4,0.00425,0.381,0.1981962
1560214781702,1.906,122.4,0.00425,0.381,0.1981962
1560214781747,1.952,122.4,0.00425,0.381,0.1981962
1560214781794,1.998,122.4,0.00425,0.381,0.1981962
1560214781855,2.059,122.4,0.00424,0.379,0.196691904
1560214781901,2.105,122.4,0.00424,0.379,0.196691904
1560214781947,2.151,122.4,0.00424,0.379,0.196691904
1560214781993,2.197,122.4,0.00424,0.379,0.196691904
1560214782055,2.259,122.4,0.00425,0.379,0.1971558
1560214782101,2.305,122.4,0.00425,0.379,0.1971558
1560214782147,2.351,122.4,0.00425,0.379,0.1971558
1560214782193,2.398,122.4,0.00425,0.379,0.1971558
1560214782255,2.459,122.4,0.00424,0.379,0.196691904
1560214782300,2.504,122.4,0.00424,0.379,0.196691904
1560214782346,2.55,122.4,0.00424,0.379,0.196691904
1560214782392,2.597,122.4,0.00424,0.379,0.196691904
1560214782455,2.659,122.4,0.00427,0.378,0.197560944
1560214782501,2.705,122.4,0.00427,0.378,0.197560944
1560214782547,2.751,122.4,0.00427,0.378,0.197560944
1560214782593,2.797,122.4,0.00427,0.378,0.197560944
1560214782656,2.86,122.5,0.00424,0.379,0.1968526
1560214782702,2.906,122.5,0.00424,0.379,0.1968526
1560214782748,2.952,122.5,0.00424,0.379,0.1968526
1560214782794,2.998,122.5,0.00424,0.379,0.1968526
1560214782855,3.059,122.5,0.00423,0.38,0.1969065
1560214782901,3.105,122.5,0.00423,0.38,0.1969065
1560214782947,3.151,122.5,0.00423,0.38,0.1969065
1560214782993,3.198,122.5,0.00423,0.38,0.1969065
1560214783055,3.259,122.4,0.00425,0.38,0.197676
1560214783101,3.305,122.4,0.00425,0.38,0.197676
1560214783147,3.351,122.4,0.00425,0.38,0.197676
1560214783193,3.397,122.4,0.00425,0.38,0.197676
1560214783255,3.459,122.4,0.00423,0.377,0.195192504
1560214783301,3.505,122.4,0.00423,0.377,0.195192504
1560214783348,3.552,122.4,0.00423,0.377,0.195192504
1560214783394,3.598,122.4,0.00423,0.377,0.195192504
1560214783455,3.659,122.4,0.00426,0.38,0.19814112
1560214783501,3.705,122.4,0.00426,0.38,0.19814112
1560214783547,3.751,122.4,0.00426,0.38,0.19814112
1560214783593,3.797,122.4,0.00426,0.38,0.19814112
1560214783656,3.86,122.4,0.00423,0.38,0.19674576
1560214783702,3.906,122.4,0.00423,0.38,0.19674576
1560214783748,3.952,122.4,0.00423,0.38,0.19674576
1560214783794,3.998,122.4,0.00423,0.38,0.19674576
1560214783855,4.059,122.4,0.00427,0.381,0.199128888
1560214783901,4.105,122.4,0.00427,0.381,0.199128888
1560214783947,4.151,122.4,0.00427,0.381,0.199128888
1560214783993,4.197,122.4,0.00427,0.381,0.199128888
1560214784054,4.258,122.4,0.00423,0.379,0.196228008
1560214784101,4.305,122.4,0.00423,0.379,0.196228008
1560214784147,4.351,122.4,0.00423,0.379,0.196228008
1560214784193,4.397,122.4,0.00423,0.379,0.196228008
1560214784255,4.459,122.4,0.00423,0.38,0.19674576
1560214784301,4.505,122.4,0.00423,0.38,0.19674576
1560214784347,4.551,122.4,0.00423,0.38,0.19674576
1560214784393,4.597,122.4,0.00423,0.38,0.19674576
1560214784455,4.659,122.4,0.00428,0.38,0.19907136
1560214784501,4.705,122.4,0.00428,0.38,0.19907136
1560214784547,4.751,122.4,0.00428,0.38,0.19907136
1560214784594,4.798,122.4,0.00428,0.38,0.19907136
1560214784656,4.86,122.4,0.00426,0.379,0.197619696
1560214784702,4.906,122.4,0.00426,0.379,0.197619696
1560214784748,4.952,122.4,0.00426,0.379,0.197619696
1560214784794,4.998,122.4,0.00426,0.379,0.197619696
1560214784855,5.059,122.5,0.00428,0.379,0.1987097
1560214784901,5.105,122.5,0.00428,0.379,0.1987097
1560214784947,5.151,122.5,0.00428,0.379,0.1987097
1560214784994,5.198,122.5,0.00428,0.379,0.1987097
1560214785055,5.259,122.4,0.00425,0.377,0.1961154
1560214785101,5.305,122.4,0.00425,0.377,0.1961154
1560214785147,5.351,122.4,0.00425,0.377,0.1961154
1560214785193,5.397,122.4,0.00425,0.377,0.1961154
1560214785254,5.458,122.4,0.00427,0.376,0.196515648
1560214785300,5.504,122.4,0.00427,0.376,0.196515648
1560214785346,5.55,122.4,0.00427,0.376,0.196515648
1560214785392,5.596,122.4,0.00427,0.376,0.196515648
1560214785455,5.659,122.4,0.00432,0.375,0.198288
1560214785501,5.705,122.4,0.00432,0.375,0.198288
1560214785547,5.751,122.4,0.00432,0.375,0.198288
1560214785593,5.797,122.4,0.00432,0.375,0.198288
1560214785654,5.858,122.5,0.00428,0.377,0.1976611
1560214785700,5.905,122.5,0.00428,0.377,0.1976611
1560214785747,5.951,122.5,0.00428,0.377,0.1976611
1560214785793,5.997,122.5,0.00428,0.377,0.1976611
1560214785855,6.059,122.5,0.0043,0.377,0.19858475
1560214785901,6.105,122.5,0.0043,0.377,0.19858475
1560214785947,6.151,122.5,0.0043,0.377,0.19858475
1560214785993,6.197,122.5,0.0043,0.377,0.19858475
1560214786055,6.259,122.5,0.00426,0.372,0.1941282
1560214786101,6.305,122.5,0.00426,0.372,0.1941282
1560214786147,6.351,122.5,0.00426,0.372,0.1941282
1560214786193,6.397,122.5,0.00426,0.372,0.1941282
1560214786254,6.458,122.5,0.00424,0.378,0.1963332
1560214786300,6.504,122.5,0.00424,0.378,0.1963332
1560214786346,6.55,122.5,0.00424,0.378,0.1963332
1560214786392,6.596,122.5,0.00424,0.378,0.1963332
1560214786454,6.658,122.5,0.00429,0.376,0.1975974
1560214786500,6.704,122.5,0.00429,0.376,0.1975974
1560214786547,6.751,122.5,0.00429,0.376,0.1975974
1560214786593,6.797,122.5,0.00429,0.376,0.1975974
1560214786655,6.859,122.5,0.00427,0.379,0.198245425
1560214786701,6.905,122.5,0.00427,0.379,0.198245425
1560214786747,6.951,122.5,0.00427,0.379,0.198245425
1560214786793,6.997,122.5,0.00427,0.379,0.198245425
1560214786854,7.058,122.5,0.00424,0.377,0.1958138
1560214786900,7.104,122.5,0.00424,0.377,0.1958138
1560214786947,7.151,122.5,0.00424,0.377,0.1958138
1560214786993,7.197,122.5,0.00424,0.377,0.1958138
1560214787055,7.259,122.5,0.00423,0.379,0.196388325
1560214787101,7.305,122.5,0.00423,0.379,0.196388325
1560214787147,7.351,122.5,0.00423,0.379,0.196388325
1560214787193,7.397,122.5,0.00423,0.379,0.196388325
1560214787255,7.459,122.4,0.00423,0.377,0.195192504
1560214787301,7.505,122.4,0.00423,0.377,0.195192504
1560214787348,7.552,122.4,0.00423,0.377,0.195192504
1560214787394,7.598,122.4,0.00423,0.377,0.195192504
1560214787455,7.659,122.4,0.00431,0.377,0.198884088
1560214787502,7.706,122.4,0.00431,0.377,0.198884088
1560214787548,7.752,122.4,0.00431,0.377,0.198884088
1560214787593,7.797,122.4,0.00431,0.377,0.198884088
1560214787657,7.861,122.4,0.00426,0.379,0.197619696
1560214787703,7.907,122.4,0.00426,0.379,0.197619696
1560214787749,7.953,122.4,0.00426,0.379,0.197619696
1560214787795,7.999,122.4,0.00426,0.379,0.197619696
1560214787855,8.059,122.5,0.00427,0.377,0.197199275
1560214787901,8.105,122.5,0.00427,0.377,0.197199275
1560214787947,8.151,122.5,0.00427,0.377,0.197199275
1560214787993,8.197,122.5,0.00427,0.377,0.197199275
1560214788054,8.258,122.5,0.00422,0.38,0.196441
1560214788100,8.304,122.5,0.00422,0.38,0.196441
1560214788146,8.35,122.5,0.00422,0.38,0.196441
1560214788192,8.396,122.5,0.00422,0.38,0.196441
1560214788255,8.459,122.4,0.00422,0.38,0.19628064
1560214788301,8.505,122.4,0.00422,0.38,0.19628064
1560214788347,8.551,122.4,0.00422,0.38,0.19628064
1560214788393,8.597,122.4,0.00422,0.38,0.19628064
1560214788454,8.658,122.4,0.00426,0.379,0.197619696
1560214788501,8.705,122.4,0.00426,0.379,0.197619696
1560214788547,8.751,122.4,0.00426,0.379,0.197619696
1560214788593,8.797,122.4,0.00426,0.379,0.197619696
1560214788654,8.858,122.4,0.00424,0.377,0.195653952
1560214788700,8.904,122.4,0.00424,0.377,0.195653952
1560214788746,8.95,122.4,0.00424,0.377,0.195653952
1560214788792,8.996,122.4,0.00424,0.377,0.195653952
1560214788854,9.058,122.5,0.00426,0.377,0.19673745
1560214788901,9.105,122.5,0.00426,0.377,0.19673745
1560214788947,9.151,122.5,0.00426,0.377,0.19673745
1560214788993,9.197,122.5,0.00426,0.377,0.19673745
1560214789055,9.259,122.5,0.00424,0.377,0.1958138
1560214789101,9.305,122.5,0.00424,0.377,0.1958138
1560214789147,9.351,122.5,0.00424,0.377,0.1958138
1560214789193,9.397,122.5,0.00424,0.377,0.1958138
1560214789255,9.459,122.5,0.00422,0.381,0.19695795
1560214789301,9.505,122.5,0.00422,0.381,0.19695795
1560214789347,9.551,122.5,0.00422,0.381,0.19695795
1560214789393,9.597,122.5,0.00422,0.381,0.19695795
1560214789454,9.658,122.4,0.00425,0.38,0.197676
1560214789501,9.705,122.4,0.00425,0.38,0.197676
1560214789547,9.751,122.4,0.00425,0.38,0.197676
1560214789593,9.797,122.4,0.00425,0.38,0.197676
1560214789654,9.858,122.5,0.00423,0.383,0.198461025
1560214789700,9.904,122.5,0.00423,0.383,0.198461025
1560214789747,9.951,122.5,0.00423,0.383,0.198461025
1560214789793,9.997,122.5,0.00423,0.383,0.198461025
1560214789854,10.058,122.5,0.00429,0.379,0.199173975
1560214789900,10.104,122.5,0.00429,0.379,0.199173975
1560214789946,10.15,122.5,0.00429,0.379,0.199173975
1560214789992,10.196,122.5,0.00429,0.379,0.199173975
1560214790055,10.259,122.5,0.00421,0.381,0.196491225
1560214790101,10.305,122.5,0.00421,0.381,0.196491225
1560214790147,10.351,122.5,0.00421,0.381,0.196491225
1560214790193,10.397,122.5,0.00421,0.381,0.196491225
1560214790254,10.458,122.5,0.00423,0.383,0.198461025
1560214790300,10.504,122.5,0.00423,0.383,0.198461025
1560214790346,10.55,122.5,0.00423,0.383,0.198461025
1560214790392,10.596,122.5,0.00423,0.383,0.198461025
1560214790455,10.659,122.5,0.00423,0.381,0.197424675
1560214790501,10.705,122.5,0.00423,0.381,0.197424675
1560214790547,10.751,122.5,0.00423,0.381,0.197424675
1560214790593,10.797,122.5,0.00423,0.381,0.197424675
1560214790659,10.863,122.5,0.00427,0.38,0.1987685
1560214790705,10.909,122.5,0.00427,0.38,0.1987685
1560214790751,10.955,122.5,0.00427,0.38,0.1987685
1560214790797,11.001,122.5,0.00427,0.38,0.1987685
1560214790854,11.058,122.5,0.00427,0.377,0.197199275
1560214790900,11.104,122.5,0.00427,0.377,0.197199275
1560214790947,11.151,122.5,0.00427,0.377,0.197199275
1560214790993,11.197,122.5,0.00427,0.377,0.197199275
1560214791055,11.259,122.5,0.00424,0.38,0.197372
1560214791101,11.305,122.5,0.00424,0.38,0.197372
1560214791147,11.351,122.5,0.00424,0.38,0.197372
1560214791193,11.397,122.5,0.00424,0.38,0.197372
1560214791254,11.458,122.5,0.00419,0.38,0.1950445
1560214791300,11.504,122.5,0.00419,0.38,0.1950445
1560214791346,11.55,122.5,0.00419,0.38,0.1950445
1560214791393,11.597,122.5,0.00419,0.38,0.1950445
1560214791454,11.658,122.5,0.00424,0.38,0.197372
1560214791500,11.704,122.5,0.00424,0.38,0.197372
1560214791546,11.75,122.5,0.00424,0.38,0.197372
1560214791592,11.796,122.5,0.00424,0.38,0.197372
1560214791654,11.858,122.5,0.00423,0.384,0.1989792
1560214791700,11.904,122.5,0.00423,0.384,0.1989792
1560214791746,11.95,122.5,0.00423,0.384,0.1989792
1560214791792,11.996,122.5,0.00423,0.384,0.1989792
1560214791855,12.059,122.5,0.00421,0.381,0.196491225
1560214791901,12.106,122.5,0.00421,0.381,0.196491225
1560214791948,12.152,122.5,0.00421,0.381,0.196491225
1560214791994,12.198,122.5,0.00421,0.381,0.196491225
1560214792054,12.258,122.5,0.00421,0.38,0.1959755
1560214792100,12.304,122.5,0.00421,0.38,0.1959755
1560214792146,12.35,122.5,0.00421,0.38,0.1959755
1560214792192,12.396,122.5,0.00421,0.38,0.1959755
1560214792254,12.458,122.5,0.00422,0.381,0.19695795
1560214792300,12.504,122.5,0.00422,0.381,0.19695795
1560214792346,12.55,122.5,0.00422,0.381,0.19695795
1560214792392,12.596,122.5,0.00422,0.381,0.19695795
1560214792454,12.658,122.5,0.00423,0.38,0.1969065
1560214792500,12.704,122.5,0.00423,0.38,0.1969065
1560214792546,12.75,122.5,0.00423,0.38,0.1969065
1560214792591,12.795,122.5,0.00423,0.38,0.1969065
1560214792653,12.858,122.5,0.00428,0.379,0.1987097
1560214792700,12.904,122.5,0.00428,0.379,0.1987097
1560214792746,12.95,122.5,0.00428,0.379,0.1987097
1560214792792,12.996,122.5,0.00428,0.379,0.1987097
1560214792854,13.058,122.5,0.00421,0.381,0.196491225
1560214792900,13.104,122.5,0.00421,0.381,0.196491225
1560214792947,13.151,122.5,0.00421,0.381,0.196491225
1560214792993,13.197,122.5,0.00421,0.381,0.196491225
1560214793054,13.258,122.5,0.00423,0.383,0.198461025
1560214793100,13.304,122.5,0.00423,0.383,0.198461025
1560214793146,13.35,122.5,0.00423,0.383,0.198461025
1560214793192,13.396,122.5,0.00423,0.383,0.198461025
1560214793254,13.458,122.5,0.00422,0.379,0.19592405
1560214793299,13.503,122.5,0.00422,0.379,0.19592405
1560214793346,13.55,122.5,0.00422,0.379,0.19592405
1560214793392,13.596,122.5,0.00422,0.379,0.19592405
1560214793454,13.658,122.5,0.00425,0.378,0.19679625
1560214793500,13.704,122.5,0.00425,0.378,0.19679625
1560214793546,13.75,122.5,0.00425,0.378,0.19679625
1560214793593,13.797,122.5,0.00425,0.378,0.19679625
1560214793653,13.857,122.5,0.00424,0.383,0.1989302
1560214793699,13.903,122.5,0.00424,0.383,0.1989302
1560214793745,13.949,122.5,0.00424,0.383,0.1989302
1560214793791,13.995,122.5,0.00424,0.383,0.1989302
1560214793854,14.058,122.5,0.00421,0.382,0.19700695
1560214793900,14.104,122.5,0.00421,0.382,0.19700695
1560214793946,14.15,122.5,0.00421,0.382,0.19700695
1560214793992,14.196,122.5,0.00421,0.382,0.19700695
1560214794053,14.257,122.5,0.00422,0.378,0.1954071
1560214794099,14.303,122.5,0.00422,0.378,0.1954071
1560214794145,14.349,122.5,0.00422,0.378,0.1954071
1560214794192,14.396,122.5,0.00422,0.378,0.1954071
1560214794254,14.458,122.5,0.00421,0.384,0.1980384
1560214794300,14.504,122.5,0.00421,0.384,0.1980384
1560214794346,14.55,122.5,0.00421,0.384,0.1980384
1560214794392,14.596,122.5,0.00421,0.384,0.1980384
1560214794453,14.657,122.5,0.00422,0.381,0.19695795
1560214794500,14.704,122.5,0.00422,0.381,0.19695795
1560214794546,14.75,122.5,0.00422,0.381,0.19695795
1560214794592,14.796,122.5,0.00422,0.381,0.19695795
1560214794654,14.858,122.5,0.00425,0.381,0.198358125
1560214794701,14.905,122.5,0.00425,0.381,0.198358125
1560214794747,14.951,122.5,0.00425,0.381,0.198358125
1560214794793,14.997,122.5,0.00425,0.381,0.198358125
1560214794854,15.058,122.5,0.00423,0.38,0.1969065
1560214794900,15.104,122.5,0.00423,0.38,0.1969065
1560214794946,15.15,122.5,0.00423,0.38,0.1969065
1560214794992,15.196,122.5,0.00423,0.38,0.1969065
1560214795054,15.258,122.5,0.00419,0.383,0.196584325
1560214795100,15.304,122.5,0.00419,0.383,0.196584325
1560214795146,15.35,122.5,0.00419,0.383,0.196584325
1560214795193,15.397,122.5,0.00419,0.383,0.196584325
1560214795254,15.458,122.5,0.00423,0.38,0.1969065
1560214795300,15.504,122.5,0.00423,0.38,0.1969065
1560214795346,15.55,122.5,0.00423,0.38,0.1969065
1560214795392,15.596,122.5,0.00423,0.38,0.1969065
1560214795454,15.658,122.4,0.00423,0.379,0.196228008
1560214795500,15.704,122.4,0.00423,0.379,0.196228008
1560214795547,15.751,122.4,0.00423,0.379,0.196228008
1560214795593,15.797,122.4,0.00423,0.379,0.196228008
1560214795654,15.858,122.5,0.00424,0.38,0.197372
1560214795700,15.904,122.5,0.00424,0.38,0.197372
1560214795746,15.95,122.5,0.00424,0.38,0.197372
1560214795792,15.996,122.5,0.00424,0.38,0.197372
1560214795853,16.057,122.5,0.00421,0.383,0.197522675
1560214795901,16.106,122.5,0.00421,0.383,0.197522675
1560214795948,16.152,122.5,0.00421,0.383,0.197522675
1560214795994,16.198,122.5,0.00421,0.383,0.197522675
1560214796053,16.258,122.5,0.00421,0.383,0.197522675
1560214796099,16.303,122.5,0.00421,0.383,0.197522675
1560214796145,16.349,122.5,0.00421,0.383,0.197522675
1560214796191,16.395,122.5,0.00421,0.383,0.197522675
1560214796254,16.458,122.5,0.00422,0.382,0.1974749
1560214796299,16.503,122.5,0.00422,0.382,0.1974749
1560214796345,16.549,122.5,0.00422,0.382,0.1974749
1560214796391,16.595,122.5,0.00422,0.382,0.1974749
1560214796453,16.657,122.5,0.00423,0.379,0.196388325
1560214796499,16.703,122.5,0.00423,0.379,0.196388325
1560214796545,16.749,122.5,0.00423,0.379,0.196388325
1560214796591,16.795,122.5,0.00423,0.379,0.196388325
1560214796653,16.857,122.5,0.00427,0.379,0.198245425
1560214796699,16.903,122.5,0.00427,0.379,0.198245425
1560214796745,16.949,122.5,0.00427,0.379,0.198245425
1560214796791,16.995,122.5,0.00427,0.379,0.198245425
1560214796854,17.058,122.5,0.00424,0.379,0.1968526
1560214796900,17.104,122.5,0.00424,0.379,0.1968526
1560214796946,17.15,122.5,0.00424,0.379,0.1968526
1560214796992,17.196,122.5,0.00424,0.379,0.1968526
1560214797053,17.257,122.5,0.00423,0.379,0.196388325
1560214797099,17.303,122.5,0.00423,0.379,0.196388325
1560214797145,17.349,122.5,0.00423,0.379,0.196388325
1560214797191,17.395,122.5,0.00423,0.379,0.196388325
1560214797254,17.458,122.5,0.00425,0.379,0.197316875
1560214797300,17.504,122.5,0.00425,0.379,0.197316875
1560214797346,17.55,122.5,0.00425,0.379,0.197316875
1560214797392,17.596,122.5,0.00425,0.379,0.197316875
1560214797453,17.657,122.5,0.00427,0.377,0.197199275
1560214797500,17.704,122.5,0.00427,0.377,0.197199275
1560214797546,17.75,122.5,0.00427,0.377,0.197199275
1560214797592,17.796,122.5,0.00427,0.377,0.197199275
1560214797653,17.857,122.5,0.00426,0.378,0.1972593
1560214797699,17.903,122.5,0.00426,0.378,0.1972593
1560214797745,17.949,122.5,0.00426,0.378,0.1972593
1560214797791,17.995,122.5,0.00426,0.378,0.1972593
1560214797854,18.058,122.5,0.00424,0.379,0.1968526
1560214797900,18.104,122.5,0.00424,0.379,0.1968526
1560214797946,18.15,122.5,0.00424,0.379,0.1968526
1560214797992,18.196,122.5,0.00424,0.379,0.1968526
1560214798054,18.258,122.5,0.00425,0.379,0.197316875
1560214798100,18.304,122.5,0.00425,0.379,0.197316875
1560214798146,18.35,122.5,0.00425,0.379,0.197316875
1560214798192,18.396,122.5,0.00425,0.379,0.197316875
1560214798254,18.458,122.5,0.00424,0.38,0.197372
1560214798300,18.504,122.5,0.00424,0.38,0.197372
1560214798346,18.55,122.5,0.00424,0.38,0.197372
1560214798392,18.596,122.5,0.00424,0.38,0.197372
1560214798453,18.657,122.5,0.00423,0.378,0.19587015
1560214798499,18.703,122.5,0.00423,0.378,0.19587015
1560214798546,18.75,122.5,0.00423,0.378,0.19587015
1560214798592,18.796,122.5,0.00423,0.378,0.19587015
1560214798653,18.857,122.5,0.00423,0.379,0.196388325
1560214798699,18.903,122.5,0.00423,0.379,0.196388325
1560214798745,18.949,122.5,0.00423,0.379,0.196388325
1560214798791,18.995,122.5,0.00423,0.379,0.196388325
1560214798853,19.057,122.5,0.00425,0.379,0.197316875
1560214798899,19.103,122.5,0.00425,0.379,0.197316875
1560214798945,19.149,122.5,0.00425,0.379,0.197316875
1560214798992,19.196,122.5,0.00425,0.379,0.197316875
1560214799054,19.258,122.5,0.00425,0.381,0.198358125
1560214799100,19.304,122.5,0.00425,0.381,0.198358125
1560214799146,19.35,122.5,0.00425,0.381,0.198358125
1560214799193,19.397,122.5,0.00425,0.381,0.198358125
1560214799254,19.458,122.5,0.00424,0.378,0.1963332
1560214799300,19.504,122.5,0.00424,0.378,0.1963332
1560214799346,19.55,122.5,0.00424,0.378,0.1963332
1560214799392,19.596,122.5,0.00424,0.378,0.1963332
1560214799453,19.657,122.5,0.0042,0.381,0.1960245
1560214799500,19.704,122.5,0.0042,0.381,0.1960245
1560214799546,19.75,122.5,0.0042,0.381,0.1960245
1560214799592,19.796,122.5,0.0042,0.381,0.1960245
1560214799653,19.857,122.5,0.00424,0.381,0.1978914
1560214799699,19.903,122.5,0.00424,0.381,0.1978914
1560214799745,19.949,122.5,0.00424,0.381,0.1978914
1560214799791,19.995,122.5,0.00424,0.381,0.1978914
1560214799854,20.058,122.5,0.00422,0.385,0.19902575
1560214799901,20.105,122.5,0.00422,0.385,0.19902575
1560214799947,20.151,122.5,0.00422,0.385,0.19902575
1560214799993,20.197,122.5,0.00422,0.385,0.19902575
1560214800053,20.257,122.5,0.00422,0.382,0.1974749
1560214800099,20.303,122.5,0.00422,0.382,0.1974749
1560214800146,20.35,122.5,0.00422,0.382,0.1974749
1560214800192,20.396,122.5,0.00422,0.382,0.1974749
1560214800253,20.457,122.5,0.00424,0.377,0.1958138
1560214800299,20.503,122.5,0.00424,0.377,0.1958138
1560214800345,20.549,122.5,0.00424,0.377,0.1958138
1560214800391,20.595,122.5,0.00424,0.377,0.1958138
1560214800453,20.657,122.5,0.00424,0.379,0.1968526
1560214800499,20.703,122.5,0.00424,0.379,0.1968526
1560214800545,20.749,122.5,0.00424,0.379,0.1968526
1560214800591,20.796,122.5,0.00424,0.379,0.1968526
1560214800654,20.858,122.5,0.00423,0.382,0.19794285
1560214800700,20.904,122.5,0.00423,0.382,0.19794285
1560214800746,20.95,122.5,0.00423,0.382,0.19794285
1560214800792,20.996,122.5,0.00423,0.382,0.19794285
1560214800853,21.057,122.5,0.00421,0.383,0.197522675
1560214800899,21.103,122.5,0.00421,0.383,0.197522675
1560214800946,21.15,122.5,0.00421,0.383,0.197522675
1560214800992,21.196,122.5,0.00421,0.383,0.197522675
1560214801053,21.257,122.5,0.0042,0.379,0.1949955
1560214801099,21.304,122.5,0.0042,0.379,0.1949955
1560214801145,21.349,122.5,0.0042,0.379,0.1949955
1560214801191,21.395,122.5,0.0042,0.379,0.1949955
1560214801254,21.458,122.5,0.00422,0.379,0.19592405
1560214801300,21.504,122.5,0.00422,0.379,0.19592405
1560214801346,21.55,122.5,0.00422,0.379,0.19592405
1560214801392,21.596,122.5,0.00422,0.379,0.19592405
1560214801453,21.657,122.5,0.00422,0.378,0.1954071
1560214801499,21.703,122.5,0.00422,0.378,0.1954071
1560214801545,21.749,122.5,0.00422,0.378,0.1954071
1560214801591,21.795,122.5,0.00422,0.378,0.1954071
1560214801654,21.858,122.5,0.00424,0.379,0.1968526
1560214801700,21.904,122.5,0.00424,0.379,0.1968526
1560214801746,21.95,122.5,0.00424,0.379,0.1968526
1560214801792,21.996,122.5,0.00424,0.379,0.1968526
1560214801853,22.057,122.5,0.00423,0.381,0.197424675
1560214801900,22.104,122.5,0.00423,0.381,0.197424675
1560214801946,22.15,122.5,0.00423,0.381,0.197424675
1560214801992,22.196,122.5,0.00423,0.381,0.197424675
1560214802053,22.257,122.5,0.00422,0.383,0.19799185
1560214802099,22.303,122.5,0.00422,0.383,0.19799185
1560214802146,22.35,122.5,0.00422,0.383,0.19799185
1560214802192,22.396,122.5,0.00422,0.383,0.19799185
1560214802253,22.457,122.5,0.00422,0.381,0.19695795
1560214802299,22.503,122.5,0.00422,0.381,0.19695795
1560214802345,22.549,122.5,0.00422,0.381,0.19695795
1560214802391,22.595,122.5,0.00422,0.381,0.19695795
1560214802453,22.658,122.5,0.00424,0.376,0.1952944
1560214802500,22.704,122.5,0.00424,0.376,0.1952944
1560214802546,22.75,122.5,0.00424,0.376,0.1952944
1560214802592,22.796,122.5,0.00424,0.376,0.1952944
1560214802654,22.858,122.5,0.00426,0.377,0.19673745
1560214802700,22.904,122.5,0.00426,0.377,0.19673745
1560214802746,22.95,122.5,0.00426,0.377,0.19673745
1560214802792,22.996,122.5,0.00426,0.377,0.19673745
1560214802853,23.057,122.5,0.00428,0.379,0.1987097
1560214802899,23.103,122.5,0.00428,0.379,0.1987097
1560214802945,23.149,122.5,0.00428,0.379,0.1987097
1560214802991,23.195,122.5,0.00428,0.379,0.1987097
1560214803053,23.257,122.5,0.00422,0.382,0.1974749
1560214803099,23.303,122.5,0.00422,0.382,0.1974749
1560214803144,23.349,122.5,0.00422,0.382,0.1974749
1560214803191,23.395,122.5,0.00422,0.382,0.1974749
1560214803253,23.457,122.5,0.00421,0.379,0.195459775
1560214803299,23.503,122.5,0.00421,0.379,0.195459775
1560214803345,23.549,122.5,0.00421,0.379,0.195459775
1560214803391,23.595,122.5,0.00421,0.379,0.195459775
1560214803453,23.658,122.5,0.00424,0.38,0.197372
1560214803500,23.704,122.5,0.00424,0.38,0.197372
1560214803545,23.75,122.5,0.00424,0.38,0.197372
1560214803591,23.796,122.5,0.00424,0.38,0.197372
1560214803654,23.858,122.5,0.00426,0.379,0.19778115
1560214803700,23.904,122.5,0.00426,0.379,0.19778115
1560214803747,23.951,122.5,0.00426,0.379,0.19778115
1560214803799,24.004,122.5,0.00426,0.379,0.19778115
1560214803853,24.057,122.5,0.00429,0.38,0.1996995
1560214803900,24.104,122.5,0.00429,0.38,0.1996995
1560214803946,24.15,122.5,0.00429,0.38,0.1996995
1560214803992,24.196,122.5,0.00429,0.38,0.1996995
1560214804053,24.257,122.6,0.00423,0.38,0.19706724
1560214804098,24.302,122.6,0.00423,0.38,0.19706724
1560214804144,24.348,122.6,0.00423,0.38,0.19706724
1560214804190,24.394,122.6,0.00423,0.38,0.19706724
1560214804253,24.457,122.6,0.00423,0.379,0.196548642
1560214804299,24.503,122.6,0.00423,0.379,0.196548642
1560214804345,24.549,122.6,0.00423,0.379,0.196548642
1560214804391,24.595,122.6,0.00423,0.379,0.196548642
1560214804453,24.657,122.5,0.00425,0.379,0.197316875
1560214804499,24.703,122.5,0.00425,0.379,0.197316875
1560214804545,24.749,122.5,0.00425,0.379,0.197316875
1560214804591,24.795,122.5,0.00425,0.379,0.197316875
1560214804652,24.856,122.5,0.00428,0.378,0.1981854
1560214804698,24.903,122.5,0.00428,0.378,0.1981854
1560214804744,24.949,122.5,0.00428,0.378,0.1981854
1560214804791,24.995,122.5,0.00428,0.378,0.1981854
1560214804853,25.057,122.5,0.00427,0.378,0.19772235
1560214804899,25.103,122.5,0.00427,0.378,0.19772235
1560214804945,25.149,122.5,0.00427,0.378,0.19772235
1560214804991,25.196,122.5,0.00427,0.378,0.19772235
1560214805052,25.256,122.5,0.00423,0.378,0.19587015
1560214805098,25.302,122.5,0.00423,0.378,0.19587015
1560214805144,25.349,122.5,0.00423,0.378,0.19587015
1560214805191,25.395,122.5,0.00423,0.378,0.19587015
1560214805253,25.457,122.5,0.00421,0.379,0.195459775
1560214805299,25.503,122.5,0.00421,0.379,0.195459775
1560214805345,25.549,122.5,0.00421,0.379,0.195459775
1560214805391,25.595,122.5,0.00421,0.379,0.195459775
1560214805452,25.656,122.5,0.00421,0.379,0.195459775
1560214805498,25.702,122.5,0.00421,0.379,0.195459775
1560214805544,25.748,122.5,0.00421,0.379,0.195459775
1560214805591,25.795,122.5,0.00421,0.379,0.195459775
1560214805653,25.857,122.5,0.00423,0.378,0.19587015
1560214805699,25.903,122.5,0.00423,0.378,0.19587015
1560214805745,25.949,122.5,0.00423,0.378,0.19587015
1560214805791,25.995,122.5,0.00423,0.378,0.19587015
1560214805853,26.057,122.5,0.00427,0.379,0.198245425
1560214805899,26.103,122.5,0.00427,0.379,0.198245425
1560214805945,26.149,122.5,0.00427,0.379,0.198245425
1560214805991,26.195,122.5,0.00427,0.379,0.198245425
1560214806053,26.257,122.5,0.00423,0.378,0.19587015
1560214806099,26.303,122.5,0.00423,0.378,0.19587015
1560214806145,26.349,122.5,0.00423,0.378,0.19587015
1560214806191,26.395,122.5,0.00423,0.378,0.19587015
1560214806252,26.456,122.5,0.00418,0.379,0.19406695
1560214806298,26.502,122.5,0.00418,0.379,0.19406695
1560214806344,26.548,122.5,0.00418,0.379,0.19406695
1560214806390,26.594,122.5,0.00418,0.379,0.19406695
1560214806453,26.657,122.5,0.0042,0.38,0.19551
1560214806498,26.703,122.5,0.0042,0.38,0.19551
1560214806544,26.749,122.5,0.0042,0.38,0.19551
1560214806590,26.794,122.5,0.0042,0.38,0.19551
1560214806653,26.857,122.5,0.00428,0.379,0.1987097
1560214806699,26.903,122.5,0.00428,0.379,0.1987097
1560214806745,26.949,122.5,0.00428,0.379,0.1987097
1560214806791,26.995,122.5,0.00428,0.379,0.1987097
1560214806852,27.056,122.5,0.00422,0.383,0.19799185
1560214806898,27.102,122.5,0.00422,0.383,0.19799185
1560214806944,27.148,122.5,0.00422,0.383,0.19799185
1560214806991,27.195,122.5,0.00422,0.383,0.19799185
1560214807053,27.257,122.5,0.00424,0.381,0.1978914
1560214807099,27.303,122.5,0.00424,0.381,0.1978914
1560214807146,27.35,122.5,0.00424,0.381,0.1978914
1560214807192,27.396,122.5,0.00424,0.381,0.1978914
1560214807253,27.457,122.5,0.00419,0.381,0.195557775
1560214807299,27.503,122.5,0.00419,0.381,0.195557775
1560214807345,27.549,122.5,0.00419,0.381,0.195557775
1560214807391,27.595,122.5,0.00419,0.381,0.195557775
1560214807453,27.657,122.5,0.00422,0.379,0.19592405
1560214807499,27.703,122.5,0.00422,0.379,0.19592405
1560214807545,27.749,122.5,0.00422,0.379,0.19592405
1560214807592,27.796,122.5,0.00422,0.379,0.19592405
1560214807653,27.857,122.5,0.00423,0.378,0.19587015
1560214807699,27.903,122.5,0.00423,0.378,0.19587015
1560214807745,27.949,122.5,0.00423,0.378,0.19587015
1560214807792,27.996,122.5,0.00423,0.378,0.19587015
1560214807853,28.057,122.5,0.00423,0.383,0.198461025
1560214807899,28.103,122.5,0.00423,0.383,0.198461025
1560214807945,28.149,122.5,0.00423,0.383,0.198461025
1560214807991,28.195,122.5,0.00423,0.383,0.198461025
1560214808053,28.257,122.6,0.00418,0.384,0.196787712
1560214808099,28.303,122.6,0.00418,0.384,0.196787712
1560214808145,28.349,122.6,0.00418,0.384,0.196787712
1560214808191,28.395,122.6,0.00418,0.384,0.196787712
1560214808253,28.457,122.6,0.0042,0.381,0.19618452
1560214808299,28.503,122.6,0.0042,0.381,0.19618452
1560214808345,28.549,122.6,0.0042,0.381,0.19618452
1560214808391,28.595,122.6,0.0042,0.381,0.19618452
1560214808452,28.656,122.5,0.00421,0.381,0.196491225
1560214808498,28.702,122.5,0.00421,0.381,0.196491225
1560214808544,28.749,122.5,0.00421,0.381,0.196491225
1560214808591,28.795,122.5,0.00421,0.381,0.196491225
1560214808653,28.857,122.5,0.00422,0.379,0.19592405
1560214808699,28.903,122.5,0.00422,0.379,0.19592405
1560214808745,28.949,122.5,0.00422,0.379,0.19592405
1560214808791,28.995,122.5,0.00422,0.379,0.19592405
1560214808852,29.057,122.6,0.00426,0.382,0.199509432
1560214808899,29.103,122.6,0.00426,0.382,0.199509432
1560214808945,29.149,122.6,0.00426,0.382,0.199509432
1560214808991,29.195,122.6,0.00426,0.382,0.199509432
1560214809052,29.256,122.6,0.00424,0.382,0.198572768
1560214809098,29.302,122.6,0.00424,0.382,0.198572768
1560214809144,29.348,122.6,0.00424,0.382,0.198572768
1560214809191,29.395,122.6,0.00424,0.382,0.198572768
1560214809253,29.457,122.6,0.00422,0.38,0.19660136
1560214809299,29.503,122.6,0.00422,0.38,0.19660136
1560214809345,29.549,122.6,0.00422,0.38,0.19660136
1560214809391,29.595,122.6,0.00422,0.38,0.19660136
1560214809452,29.656,122.6,0.0042,0.383,0.19721436
1560214809498,29.702,122.6,0.0042,0.383,0.19721436
1560214809545,29.749,122.6,0.0042,0.383,0.19721436
1560214809591,29.795,122.6,0.0042,0.383,0.19721436
1560214809652,29.856,122.6,0.00425,0.38,0.197999
1560214809698,29.902,122.6,0.00425,0.38,0.197999
1560214809744,29.948,122.6,0.00425,0.38,0.197999
1560214809790,29.994,122.6,0.00425,0.38,0.197999
1560214809853,30.057,122.6,0.00422,0.381,0.197118732
1560214809899,30.103,122.6,0.00422,0.381,0.197118732
1560214809945,30.149,122.6,0.00422,0.381,0.197118732
1560214809991,30.195,122.6,0.00422,0.381,0.197118732
1560214810052,30.256,122.6,0.00421,0.382,0.197167772
1560214810099,30.303,122.6,0.00421,0.382,0.197167772
1560214810145,30.349,122.6,0.00421,0.382,0.197167772
1560214810191,30.395,122.6,0.00421,0.382,0.197167772
1560214810252,30.456,122.6,0.00421,0.38,0.19613548
1560214810298,30.502,122.6,0.00421,0.38,0.19613548
1560214810344,30.548,122.6,0.00421,0.38,0.19613548
1560214810390,30.594,122.6,0.00421,0.38,0.19613548
1560214810453,30.657,122.6,0.00423,0.381,0.197585838
1560214810499,30.703,122.6,0.00423,0.381,0.197585838
1560214810545,30.749,122.6,0.00423,0.381,0.197585838
1560214810591,30.795,122.6,0.00423,0.381,0.197585838
1560214810652,30.856,122.5,0.00421,0.381,0.196491225
1560214810698,30.902,122.5,0.00421,0.381,0.196491225
1560214810744,30.948,122.5,0.00421,0.381,0.196491225
1560214810790,30.994,122.5,0.00421,0.381,0.196491225
1560214810853,31.057,122.5,0.00425,0.377,0.196275625
1560214810899,31.103,122.5,0.00425,0.377,0.196275625
1560214810945,31.149,122.5,0.00425,0.377,0.196275625
1560214810991,31.195,122.5,0.00425,0.377,0.196275625
1560214811052,31.256,122.6,0.00421,0.385,0.19871621
1560214811098,31.302,122.6,0.00421,0.385,0.19871621
1560214811144,31.348,122.6,0.00421,0.385,0.19871621
1560214811190,31.394,122.6,0.00421,0.385,0.19871621
1560214811253,31.457,122.6,0.0042,0.381,0.19618452
1560214811299,31.503,122.6,0.0042,0.381,0.19618452
1560214811345,31.549,122.6,0.0042,0.381,0.19618452
1560214811391,31.595,122.6,0.0042,0.381,0.19618452
1560214811452,31.656,122.5,0.00421,0.381,0.196491225
1560214811498,31.702,122.5,0.00421,0.381,0.196491225
1560214811544,31.748,122.5,0.00421,0.381,0.196491225
1560214811590,31.794,122.5,0.00421,0.381,0.196491225
1560214811652,31.856,122.5,0.00419,0.382,0.19607105
1560214811698,31.902,122.5,0.00419,0.382,0.19607105
1560214811745,31.949,122.5,0.00419,0.382,0.19607105
1560214811791,31.995,122.5,0.00419,0.382,0.19607105
1560214811852,32.056,122.5,0.00424,0.382,0.1984108
1560214811898,32.102,122.5,0.00424,0.382,0.1984108
1560214811944,32.148,122.5,0.00424,0.382,0.1984108
1560214811990,32.194,122.5,0.00424,0.382,0.1984108
1560214812052,32.257,122.6,0.00421,0.383,0.197683918
1560214812099,32.303,122.6,0.00421,0.383,0.197683918
1560214812145,32.349,122.6,0.00421,0.383,0.197683918
1560214812191,32.395,122.6,0.00421,0.383,0.197683918
1560214812252,32.456,122.5,0.00422,0.379,0.19592405
1560214812298,32.503,122.5,0.00422,0.379,0.19592405
1560214812345,32.549,122.5,0.00422,0.379,0.19592405
1560214812391,32.595,122.5,0.00422,0.379,0.19592405
1560214812452,32.656,122.5,0.00421,0.381,0.196491225
1560214812498,32.702,122.5,0.00421,0.381,0.196491225
1560214812544,32.748,122.5,0.00421,0.381,0.196491225
1560214812591,32.795,122.5,0.00421,0.381,0.196491225
1560214812652,32.856,122.5,0.00425,0.378,0.19679625
1560214812697,32.902,122.5,0.00425,0.378,0.19679625
1560214812744,32.948,122.5,0.00425,0.378,0.19679625
1560214812790,32.994,122.5,0.00425,0.378,0.19679625
1560214812852,33.056,122.6,0.00421,0.381,0.196651626
1560214812898,33.102,122.6,0.00421,0.381,0.196651626
1560214812944,33.149,122.6,0.00421,0.381,0.196651626
1560214812991,33.195,122.6,0.00421,0.381,0.196651626
1560214813052,33.256,122.6,0.00423,0.384,0.199141632
1560214813098,33.302,122.6,0.00423,0.384,0.199141632
1560214813144,33.348,122.6,0.00423,0.384,0.199141632
1560214813190,33.394,122.6,0.00423,0.384,0.199141632
1560214813252,33.457,122.6,0.00421,0.384,0.198200064
1560214813299,33.503,122.6,0.00421,0.384,0.198200064
1560214813345,33.549,122.6,0.00421,0.384,0.198200064
1560214813391,33.595,122.6,0.00421,0.384,0.198200064
1560214813452,33.656,122.6,0.0042,0.383,0.19721436
1560214813498,33.702,122.6,0.0042,0.383,0.19721436
1560214813545,33.749,122.6,0.0042,0.383,0.19721436
1560214813591,33.795,122.6,0.0042,0.383,0.19721436
1560214813652,33.856,122.6,0.00424,0.381,0.198052944
1560214813698,33.902,122.6,0.00424,0.381,0.198052944
1560214813744,33.948,122.6,0.00424,0.381,0.198052944
1560214813791,33.995,122.6,0.00424,0.381,0.198052944
1560214813852,34.056,122.6,0.00422,0.382,0.197636104
1560214813898,34.102,122.6,0.00422,0.382,0.197636104
1560214813944,34.148,122.6,0.00422,0.382,0.197636104
1560214813990,34.194,122.6,0.00422,0.382,0.197636104
1560214814051,34.255,122.6,0.00427,0.378,0.197883756
1560214814097,34.301,122.6,0.00427,0.378,0.197883756
1560214814143,34.347,122.6,0.00427,0.378,0.197883756
1560214814189,34.394,122.6,0.00427,0.378,0.197883756
1560214814252,34.456,122.7,0.00424,0.376,0.195613248
1560214814298,34.502,122.7,0.00424,0.376,0.195613248
1560214814344,34.548,122.7,0.00424,0.376,0.195613248
1560214814391,34.595,122.7,0.00424,0.376,0.195613248
1560214814451,34.656,122.6,0.00421,0.38,0.19613548
1560214814498,34.702,122.6,0.00421,0.38,0.19613548
1560214814544,34.748,122.6,0.00421,0.38,0.19613548
1560214814590,34.794,122.6,0.00421,0.38,0.19613548
1560214814652,34.856,122.6,0.00421,0.378,0.195103188
1560214814698,34.902,122.6,0.00421,0.378,0.195103188
1560214814744,34.948,122.6,0.00421,0.378,0.195103188
1560214814791,34.995,122.6,0.00421,0.378,0.195103188
1560214814852,35.056,122.6,0.00425,0.381,0.19852005
1560214814898,35.102,122.6,0.00425,0.381,0.19852005
1560214814944,35.148,122.6,0.00425,0.381,0.19852005
1560214814990,35.194,122.6,0.00425,0.381,0.19852005
1560214815051,35.255,122.6,0.00425,0.38,0.197999
1560214815097,35.301,122.6,0.00425,0.38,0.197999
1560214815143,35.347,122.6,0.00425,0.38,0.197999
1560214815189,35.393,122.6,0.00425,0.38,0.197999
1560214815251,35.456,122.6,0.00423,0.377,0.195511446
1560214815298,35.502,122.6,0.00423,0.377,0.195511446
1560214815344,35.548,122.6,0.00423,0.377,0.195511446
1560214815390,35.594,122.6,0.00423,0.377,0.195511446
1560214815451,35.655,122.6,0.00418,0.383,0.196275244
1560214815497,35.701,122.6,0.00418,0.383,0.196275244
1560214815543,35.748,122.6,0.00418,0.383,0.196275244
1560214815590,35.794,122.6,0.00418,0.383,0.196275244
1560214815652,35.856,122.5,0.00424,0.376,0.1952944
1560214815698,35.902,122.5,0.00424,0.376,0.1952944
1560214815744,35.948,122.5,0.00424,0.376,0.1952944
1560214815790,35.994,122.5,0.00424,0.376,0.1952944
1560214815851,36.055,122.5,0.00426,0.376,0.1962156
1560214815897,36.101,122.5,0.00426,0.376,0.1962156
1560214815942,36.146,122.5,0.00426,0.376,0.1962156
1560214815988,36.192,122.5,0.00426,0.376,0.1962156
1560214816051,36.255,122.6,0.00424,0.381,0.198052944
1560214816097,36.301,122.6,0.00424,0.381,0.198052944
1560214816143,36.347,122.6,0.00424,0.381,0.198052944
1560214816189,36.393,122.6,0.00424,0.381,0.198052944
1560214816252,36.456,122.6,0.00423,0.382,0.198104436
1560214816298,36.502,122.6,0.00423,0.382,0.198104436
1560214816344,36.548,122.6,0.00423,0.382,0.198104436
1560214816390,36.594,122.6,0.00423,0.382,0.198104436
1560214816452,36.656,122.5,0.00424,0.38,0.197372
1560214816498,36.702,122.5,0.00424,0.38,0.197372
1560214816544,36.748,122.5,0.00424,0.38,0.197372
1560214816590,36.794,122.5,0.00424,0.38,0.197372
1560214816651,36.855,122.5,0.00425,0.379,0.197316875
1560214816697,36.901,122.5,0.00425,0.379,0.197316875
1560214816743,36.947,122.5,0.00425,0.379,0.197316875
1560214816788,36.992,122.5,0.00425,0.379,0.197316875
1560214816852,37.056,122.5,0.00423,0.377,0.195351975
1560214816897,37.102,122.5,0.00423,0.377,0.195351975
1560214816944,37.148,122.5,0.00423,0.377,0.195351975
1560214816990,37.194,122.5,0.00423,0.377,0.195351975
