# Mon Jun 10 17:36:52 2019
abstime,time_stamp,volt,curr,pf,mul
1560213412603,0.083,122.3,0.0043,0.373,0.19615697
1560213412651,0.131,122.3,0.0043,0.373,0.19615697
1560213412697,0.177,122.3,0.0043,0.373,0.19615697
1560213412743,0.223,122.3,0.0043,0.373,0.19615697
1560213412799,0.279,122.3,0.00433,0.374,0.198055066
1560213412845,0.325,122.3,0.00433,0.374,0.198055066
1560213412891,0.371,122.3,0.00433,0.374,0.198055066
1560213412937,0.417,122.3,0.00433,0.374,0.198055066
1560213412998,0.478,122.3,0.00431,0.373,0.196613149
1560213413044,0.524,122.3,0.00431,0.373,0.196613149
1560213413090,0.57,122.3,0.00431,0.373,0.196613149
1560213413136,0.616,122.3,0.00431,0.373,0.196613149
1560213413198,0.678,122.3,0.00428,0.371,0.194197724
1560213413244,0.724,122.3,0.00428,0.371,0.194197724
1560213413290,0.77,122.3,0.00428,0.371,0.194197724
1560213413336,0.816,122.3,0.00428,0.371,0.194197724
1560213413399,0.879,122.2,0.00431,0.374,0.196979068
1560213413445,0.925,122.2,0.00431,0.374,0.196979068
1560213413491,0.971,122.2,0.00431,0.374,0.196979068
1560213413537,1.017,122.2,0.00431,0.374,0.196979068
1560213413599,1.079,122.2,0.00431,0.375,0.19750575
1560213413645,1.125,122.2,0.00431,0.375,0.19750575
1560213413691,1.171,122.2,0.00431,0.375,0.19750575
1560213413737,1.217,122.2,0.00431,0.375,0.19750575
1560213413798,1.278,122.3,0.00429,0.379,0.198848793
1560213413844,1.324,122.3,0.00429,0.379,0.198848793
1560213413891,1.371,122.3,0.00429,0.379,0.198848793
1560213413937,1.417,122.3,0.00429,0.379,0.198848793
1560213413998,1.478,122.3,0.00426,0.378,0.196937244
1560213414044,1.524,122.3,0.00426,0.378,0.196937244
1560213414090,1.57,122.3,0.00426,0.378,0.196937244
1560213414136,1.616,122.3,0.00426,0.378,0.196937244
1560213414199,1.679,122.2,0.0043,0.374,0.19652204
1560213414245,1.725,122.2,0.0043,0.374,0.19652204
1560213414291,1.771,122.2,0.0043,0.374,0.19652204
1560213414337,1.817,122.2,0.0043,0.374,0.19652204
1560213414398,1.878,122.2,0.00431,0.372,0.195925704
1560213414444,1.924,122.2,0.00431,0.372,0.195925704
1560213414490,1.971,122.2,0.00431,0.372,0.195925704
1560213414536,2.016,122.2,0.00431,0.372,0.195925704
1560213414598,2.078,122.2,0.00434,0.374,0.198350152
1560213414643,2.123,122.2,0.00434,0.374,0.198350152
1560213414690,2.17,122.2,0.00434,0.374,0.198350152
1560213414736,2.216,122.2,0.00434,0.374,0.198350152
1560213414798,2.278,122.3,0.00431,0.372,0.196086036
1560213414844,2.324,122.3,0.00431,0.372,0.196086036
1560213414890,2.371,122.3,0.00431,0.372,0.196086036
1560213414936,2.416,122.3,0.00431,0.372,0.196086036
1560213414998,2.478,122.3,0.0043,0.376,0.19773464
1560213415043,2.523,122.3,0.0043,0.376,0.19773464
1560213415090,2.57,122.3,0.0043,0.376,0.19773464
1560213415136,2.616,122.3,0.0043,0.376,0.19773464
1560213415198,2.678,122.3,0.00429,0.374,0.196225458
1560213415244,2.724,122.3,0.00429,0.374,0.196225458
1560213415291,2.771,122.3,0.00429,0.374,0.196225458
1560213415337,2.817,122.3,0.00429,0.374,0.196225458
1560213415398,2.878,122.2,0.0043,0.376,0.19757296
1560213415444,2.924,122.2,0.0043,0.376,0.19757296
1560213415490,2.97,122.2,0.0043,0.376,0.19757296
1560213415536,3.016,122.2,0.0043,0.376,0.19757296
1560213415597,3.078,122.3,0.0043,0.379,0.19931231
1560213415643,3.123,122.3,0.0043,0.379,0.19931231
1560213415690,3.17,122.3,0.0043,0.379,0.19931231
1560213415736,3.216,122.3,0.0043,0.379,0.19931231
1560213415798,3.278,122.3,0.00427,0.375,0.195832875
1560213415844,3.324,122.3,0.00427,0.375,0.195832875
1560213415890,3.37,122.3,0.00427,0.375,0.195832875
1560213415936,3.416,122.3,0.00427,0.375,0.195832875
1560213415998,3.478,122.3,0.0043,0.375,0.19720875
1560213416044,3.524,122.3,0.0043,0.375,0.19720875
1560213416090,3.57,122.3,0.0043,0.375,0.19720875
1560213416136,3.616,122.3,0.0043,0.375,0.19720875
1560213416197,3.677,122.3,0.00428,0.375,0.1962915
1560213416243,3.723,122.3,0.00428,0.375,0.1962915
1560213416289,3.769,122.3,0.00428,0.375,0.1962915
1560213416336,3.816,122.3,0.00428,0.375,0.1962915
1560213416398,3.878,122.2,0.00425,0.372,0.1931982
1560213416444,3.924,122.2,0.00425,0.372,0.1931982
1560213416490,3.97,122.2,0.00425,0.372,0.1931982
1560213416537,4.017,122.2,0.00425,0.372,0.1931982
1560213416597,4.077,122.2,0.00427,0.38,0.19828172
1560213416643,4.123,122.2,0.00427,0.38,0.19828172
1560213416689,4.169,122.2,0.00427,0.38,0.19828172
1560213416735,4.215,122.2,0.00427,0.38,0.19828172
1560213416798,4.278,122.2,0.00427,0.377,0.196716338
1560213416844,4.324,122.2,0.00427,0.377,0.196716338
1560213416890,4.37,122.2,0.00427,0.377,0.196716338
1560213416936,4.416,122.2,0.00427,0.377,0.196716338
1560213416998,4.478,122.2,0.00425,0.379,0.19683365
1560213417044,4.524,122.2,0.00425,0.379,0.19683365
1560213417090,4.57,122.2,0.00425,0.379,0.19683365
1560213417136,4.616,122.2,0.00425,0.379,0.19683365
1560213417198,4.678,122.2,0.00427,0.376,0.196194544
1560213417244,4.724,122.2,0.00427,0.376,0.196194544
1560213417289,4.769,122.2,0.00427,0.376,0.196194544
1560213417335,4.815,122.2,0.00427,0.376,0.196194544
1560213417397,4.877,122.2,0.00431,0.372,0.195925704
1560213417444,4.924,122.2,0.00431,0.372,0.195925704
1560213417490,4.97,122.2,0.00431,0.372,0.195925704
1560213417536,5.016,122.2,0.00431,0.372,0.195925704
1560213417597,5.077,122.2,0.00431,0.376,0.198032432
1560213417643,5.123,122.2,0.00431,0.376,0.198032432
1560213417689,5.169,122.2,0.00431,0.376,0.198032432
1560213417736,5.216,122.2,0.00431,0.376,0.198032432
1560213417798,5.278,122.2,0.00429,0.376,0.197113488
1560213417844,5.324,122.2,0.00429,0.376,0.197113488
1560213417890,5.37,122.2,0.00429,0.376,0.197113488
1560213417936,5.416,122.2,0.00429,0.376,0.197113488
1560213417997,5.477,122.2,0.00429,0.378,0.198161964
1560213418043,5.523,122.2,0.00429,0.378,0.198161964
1560213418089,5.569,122.2,0.00429,0.378,0.198161964
1560213418135,5.615,122.2,0.00429,0.378,0.198161964
1560213418198,5.678,122.2,0.00428,0.377,0.197177032
1560213418243,5.723,122.2,0.00428,0.377,0.197177032
1560213418289,5.769,122.2,0.00428,0.377,0.197177032
1560213418335,5.815,122.2,0.00428,0.377,0.197177032
1560213418398,5.878,122.2,0.00431,0.373,0.196452386
1560213418444,5.924,122.2,0.00431,0.373,0.196452386
1560213418490,5.97,122.2,0.00431,0.373,0.196452386
1560213418536,6.016,122.2,0.00431,0.373,0.196452386
1560213418598,6.078,122.2,0.00435,0.37,0.1966809
1560213418644,6.124,122.2,0.00435,0.37,0.1966809
1560213418690,6.17,122.2,0.00435,0.37,0.1966809
1560213418737,6.217,122.2,0.00435,0.37,0.1966809
1560213418798,6.278,122.2,0.00432,0.375,0.197964
1560213418844,6.324,122.2,0.00432,0.375,0.197964
1560213418890,6.37,122.2,0.00432,0.375,0.197964
1560213418936,6.416,122.2,0.00432,0.375,0.197964
1560213418997,6.477,122.2,0.00432,0.372,0.196380288
1560213419043,6.523,122.2,0.00432,0.372,0.196380288
1560213419089,6.569,122.2,0.00432,0.372,0.196380288
1560213419135,6.615,122.2,0.00432,0.372,0.196380288
1560213419197,6.677,122.2,0.00432,0.374,0.197436096
1560213419243,6.723,122.2,0.00432,0.374,0.197436096
1560213419289,6.769,122.2,0.00432,0.374,0.197436096
1560213419335,6.815,122.2,0.00432,0.374,0.197436096
1560213419398,6.878,122.2,0.00432,0.373,0.196908192
1560213419444,6.924,122.2,0.00432,0.373,0.196908192
1560213419490,6.97,122.2,0.00432,0.373,0.196908192
1560213419536,7.017,122.2,0.00432,0.373,0.196908192
1560213419597,7.077,122.2,0.00436,0.37,0.19713304
1560213419643,7.123,122.2,0.00436,0.37,0.19713304
1560213419689,7.169,122.2,0.00436,0.37,0.19713304
1560213419735,7.215,122.2,0.00436,0.37,0.19713304
1560213419798,7.278,122.3,0.00432,0.376,0.198654336
1560213419844,7.324,122.3,0.00432,0.376,0.198654336
1560213419890,7.37,122.3,0.00432,0.376,0.198654336
1560213419936,7.416,122.3,0.00432,0.376,0.198654336
1560213419997,7.477,122.3,0.0043,0.374,0.19668286
1560213420044,7.524,122.3,0.0043,0.374,0.19668286
1560213420090,7.57,122.3,0.0043,0.374,0.19668286
1560213420136,7.616,122.3,0.0043,0.374,0.19668286
1560213420197,7.677,122.2,0.00429,0.374,0.196065012
1560213420243,7.723,122.2,0.00429,0.374,0.196065012
1560213420289,7.769,122.2,0.00429,0.374,0.196065012
1560213420336,7.816,122.2,0.00429,0.374,0.196065012
1560213420398,7.878,122.2,0.00434,0.369,0.195698412
1560213420444,7.924,122.2,0.00434,0.369,0.195698412
1560213420490,7.97,122.2,0.00434,0.369,0.195698412
1560213420536,8.016,122.2,0.00434,0.369,0.195698412
1560213420597,8.077,122.2,0.00436,0.372,0.198198624
1560213420643,8.123,122.2,0.00436,0.372,0.198198624
1560213420689,8.169,122.2,0.00436,0.372,0.198198624
1560213420735,8.215,122.2,0.00436,0.372,0.198198624
1560213420798,8.278,122.2,0.00436,0.372,0.198198624
1560213420844,8.324,122.2,0.00436,0.372,0.198198624
1560213420890,8.37,122.2,0.00436,0.372,0.198198624
1560213420936,8.416,122.2,0.00436,0.372,0.198198624
1560213420997,8.477,122.3,0.00437,0.367,0.196143517
1560213421044,8.524,122.3,0.00437,0.367,0.196143517
1560213421090,8.57,122.3,0.00437,0.367,0.196143517
1560213421136,8.616,122.3,0.00437,0.367,0.196143517
1560213421198,8.678,122.2,0.00432,0.371,0.195852384
1560213421244,8.724,122.2,0.00432,0.371,0.195852384
1560213421290,8.77,122.2,0.00432,0.371,0.195852384
1560213421336,8.816,122.2,0.00432,0.371,0.195852384
1560213421397,8.877,122.2,0.00429,0.377,0.197637726
1560213421444,8.924,122.2,0.00429,0.377,0.197637726
1560213421490,8.97,122.2,0.00429,0.377,0.197637726
1560213421536,9.016,122.2,0.00429,0.377,0.197637726
1560213421597,9.077,122.2,0.00434,0.373,0.197819804
1560213421643,9.123,122.2,0.00434,0.373,0.197819804
1560213421689,9.169,122.2,0.00434,0.373,0.197819804
1560213421735,9.215,122.2,0.00434,0.373,0.197819804
1560213421797,9.277,122.2,0.00431,0.376,0.198032432
1560213421844,9.324,122.2,0.00431,0.376,0.198032432
1560213421890,9.37,122.2,0.00431,0.376,0.198032432
1560213421936,9.416,122.2,0.00431,0.376,0.198032432
1560213421997,9.477,122.3,0.00428,0.376,0.196814944
1560213422043,9.523,122.3,0.00428,0.376,0.196814944
1560213422089,9.569,122.3,0.00428,0.376,0.196814944
1560213422136,9.616,122.3,0.00428,0.376,0.196814944
1560213422198,9.678,122.2,0.00426,0.377,0.196255644
1560213422244,9.724,122.2,0.00426,0.377,0.196255644
1560213422290,9.77,122.2,0.00426,0.377,0.196255644
1560213422336,9.816,122.2,0.00426,0.377,0.196255644
1560213422397,9.877,122.2,0.0043,0.377,0.19809842
1560213422443,9.923,122.2,0.0043,0.377,0.19809842
1560213422489,9.969,122.2,0.0043,0.377,0.19809842
1560213422535,10.015,122.2,0.0043,0.377,0.19809842
1560213422598,10.078,122.2,0.00429,0.374,0.196065012
1560213422644,10.124,122.2,0.00429,0.374,0.196065012
1560213422690,10.17,122.2,0.00429,0.374,0.196065012
1560213422736,10.216,122.2,0.00429,0.374,0.196065012
1560213422797,10.277,122.3,0.00428,0.378,0.197861832
1560213422843,10.323,122.3,0.00428,0.378,0.197861832
1560213422889,10.369,122.3,0.00428,0.378,0.197861832
1560213422935,10.415,122.3,0.00428,0.378,0.197861832
1560213422997,10.477,122.3,0.00429,0.372,0.195176124
1560213423044,10.524,122.3,0.00429,0.372,0.195176124
1560213423090,10.57,122.3,0.00429,0.372,0.195176124
1560213423136,10.616,122.3,0.00429,0.372,0.195176124
1560213423197,10.677,122.3,0.0043,0.377,0.19826053
1560213423243,10.723,122.3,0.0043,0.377,0.19826053
1560213423289,10.769,122.3,0.0043,0.377,0.19826053
1560213423335,10.815,122.3,0.0043,0.377,0.19826053
1560213423397,10.877,122.2,0.00428,0.376,0.196654016
1560213423443,10.923,122.2,0.00428,0.376,0.196654016
1560213423489,10.969,122.2,0.00428,0.376,0.196654016
1560213423535,11.015,122.2,0.00428,0.376,0.196654016
1560213423598,11.078,122.2,0.00432,0.375,0.197964
1560213423644,11.124,122.2,0.00432,0.375,0.197964
1560213423690,11.17,122.2,0.00432,0.375,0.197964
1560213423736,11.216,122.2,0.00432,0.375,0.197964
1560213423797,11.277,122.3,0.0043,0.376,0.19773464
1560213423843,11.323,122.3,0.0043,0.376,0.19773464
1560213423889,11.369,122.3,0.0043,0.376,0.19773464
1560213423935,11.415,122.3,0.0043,0.376,0.19773464
1560213423997,11.477,122.3,0.0043,0.372,0.19563108
1560213424043,11.523,122.3,0.0043,0.372,0.19563108
1560213424089,11.57,122.3,0.0043,0.372,0.19563108
1560213424135,11.615,122.3,0.0043,0.372,0.19563108
1560213424197,11.677,122.3,0.00429,0.375,0.196750125
1560213424243,11.723,122.3,0.00429,0.375,0.196750125
1560213424289,11.769,122.3,0.00429,0.375,0.196750125
1560213424335,11.815,122.3,0.00429,0.375,0.196750125
1560213424397,11.877,122.2,0.00427,0.374,0.195150956
1560213424443,11.923,122.2,0.00427,0.374,0.195150956
1560213424490,11.97,122.2,0.00427,0.374,0.195150956
1560213424536,12.016,122.2,0.00427,0.374,0.195150956
1560213424597,12.077,122.2,0.00432,0.372,0.196380288
1560213424643,12.123,122.2,0.00432,0.372,0.196380288
1560213424689,12.169,122.2,0.00432,0.372,0.196380288
1560213424735,12.215,122.2,0.00432,0.372,0.196380288
1560213424797,12.277,122.3,0.00433,0.377,0.199643743
1560213424843,12.323,122.3,0.00433,0.377,0.199643743
1560213424889,12.369,122.3,0.00433,0.377,0.199643743
1560213424935,12.415,122.3,0.00433,0.377,0.199643743
1560213424997,12.477,122.3,0.00427,0.374,0.195310654
1560213425043,12.523,122.3,0.00427,0.374,0.195310654
1560213425089,12.569,122.3,0.00427,0.374,0.195310654
1560213425135,12.615,122.3,0.00427,0.374,0.195310654
1560213425197,12.677,122.3,0.00428,0.377,0.197338388
1560213425243,12.723,122.3,0.00428,0.377,0.197338388
1560213425290,12.77,122.3,0.00428,0.377,0.197338388
1560213425336,12.816,122.3,0.00428,0.377,0.197338388
1560213425397,12.877,122.2,0.00428,0.374,0.195607984
1560213425443,12.923,122.2,0.00428,0.374,0.195607984
1560213425489,12.97,122.2,0.00428,0.374,0.195607984
1560213425535,13.015,122.2,0.00428,0.374,0.195607984
1560213425596,13.076,122.2,0.00433,0.371,0.196305746
1560213425642,13.122,122.2,0.00433,0.371,0.196305746
1560213425688,13.168,122.2,0.00433,0.371,0.196305746
1560213425734,13.214,122.2,0.00433,0.371,0.196305746
1560213425797,13.277,122.3,0.00431,0.377,0.198721601
1560213425843,13.323,122.3,0.00431,0.377,0.198721601
1560213425889,13.369,122.3,0.00431,0.377,0.198721601
1560213425935,13.415,122.3,0.00431,0.377,0.198721601
1560213425997,13.477,122.3,0.00429,0.375,0.196750125
1560213426043,13.523,122.3,0.00429,0.375,0.196750125
1560213426089,13.569,122.3,0.00429,0.375,0.196750125
1560213426135,13.615,122.3,0.00429,0.375,0.196750125
1560213426196,13.676,122.3,0.00429,0.372,0.195176124
1560213426242,13.722,122.3,0.00429,0.372,0.195176124
1560213426289,13.769,122.3,0.00429,0.372,0.195176124
1560213426335,13.815,122.3,0.00429,0.372,0.195176124
1560213426397,13.877,122.2,0.00429,0.376,0.197113488
1560213426443,13.923,122.2,0.00429,0.376,0.197113488
1560213426489,13.969,122.2,0.00429,0.376,0.197113488
1560213426535,14.015,122.2,0.00429,0.376,0.197113488
1560213426597,14.077,122.2,0.0043,0.373,0.19599658
1560213426643,14.123,122.2,0.0043,0.373,0.19599658
1560213426689,14.169,122.2,0.0043,0.373,0.19599658
1560213426735,14.215,122.2,0.0043,0.373,0.19599658
1560213426796,14.276,122.2,0.00435,0.372,0.19774404
1560213426842,14.322,122.2,0.00435,0.372,0.19774404
1560213426889,14.369,122.2,0.00435,0.372,0.19774404
1560213426935,14.415,122.2,0.00435,0.372,0.19774404
1560213426997,14.477,122.2,0.00429,0.375,0.19658925
1560213427043,14.523,122.2,0.00429,0.375,0.19658925
1560213427089,14.569,122.2,0.00429,0.375,0.19658925
1560213427135,14.615,122.2,0.00429,0.375,0.19658925
1560213427196,14.676,122.2,0.0043,0.372,0.19547112
1560213427242,14.722,122.2,0.0043,0.372,0.19547112
1560213427288,14.768,122.2,0.0043,0.372,0.19547112
1560213427335,14.815,122.2,0.0043,0.372,0.19547112
1560213427397,14.877,122.2,0.00431,0.373,0.196452386
1560213427443,14.923,122.2,0.00431,0.373,0.196452386
1560213427489,14.969,122.2,0.00431,0.373,0.196452386
1560213427535,15.015,122.2,0.00431,0.373,0.196452386
1560213427596,15.076,122.2,0.00434,0.372,0.197289456
1560213427642,15.122,122.2,0.00434,0.372,0.197289456
1560213427688,15.168,122.2,0.00434,0.372,0.197289456
1560213427734,15.214,122.2,0.00434,0.372,0.197289456
1560213427797,15.277,122.2,0.00431,0.376,0.198032432
1560213427843,15.323,122.2,0.00431,0.376,0.198032432
1560213427889,15.369,122.2,0.00431,0.376,0.198032432
1560213427936,15.416,122.2,0.00431,0.376,0.198032432
1560213427996,15.476,122.3,0.00431,0.373,0.196613149
1560213428042,15.522,122.3,0.00431,0.373,0.196613149
1560213428088,15.568,122.3,0.00431,0.373,0.196613149
1560213428135,15.615,122.3,0.00431,0.373,0.196613149
1560213428197,15.677,122.3,0.00427,0.374,0.195310654
1560213428243,15.723,122.3,0.00427,0.374,0.195310654
1560213428289,15.769,122.3,0.00427,0.374,0.195310654
1560213428335,15.815,122.3,0.00427,0.374,0.195310654
1560213428397,15.877,122.3,0.00428,0.376,0.196814944
1560213428443,15.923,122.3,0.00428,0.376,0.196814944
1560213428489,15.969,122.3,0.00428,0.376,0.196814944
1560213428535,16.015,122.3,0.00428,0.376,0.196814944
1560213428596,16.076,122.2,0.00431,0.377,0.198559114
1560213428642,16.122,122.2,0.00431,0.377,0.198559114
1560213428688,16.168,122.2,0.00431,0.377,0.198559114
1560213428734,16.214,122.2,0.00431,0.377,0.198559114
1560213428797,16.277,122.3,0.0043,0.374,0.19668286
1560213428843,16.323,122.3,0.0043,0.374,0.19668286
1560213428889,16.369,122.3,0.0043,0.374,0.19668286
1560213428935,16.415,122.3,0.0043,0.374,0.19668286
1560213428997,16.477,122.3,0.00429,0.376,0.197274792
1560213429043,16.523,122.3,0.00429,0.376,0.197274792
1560213429089,16.569,122.3,0.00429,0.376,0.197274792
1560213429135,16.615,122.3,0.00429,0.376,0.197274792
1560213429196,16.676,122.3,0.00429,0.376,0.197274792
1560213429242,16.722,122.3,0.00429,0.376,0.197274792
1560213429288,16.768,122.3,0.00429,0.376,0.197274792
1560213429334,16.814,122.3,0.00429,0.376,0.197274792
1560213429397,16.877,122.2,0.0043,0.375,0.1970475
1560213429443,16.923,122.2,0.0043,0.375,0.1970475
1560213429489,16.969,122.2,0.0043,0.375,0.1970475
1560213429535,17.015,122.2,0.0043,0.375,0.1970475
1560213429597,17.077,122.2,0.00428,0.375,0.196131
1560213429643,17.123,122.2,0.00428,0.375,0.196131
1560213429689,17.169,122.2,0.00428,0.375,0.196131
1560213429736,17.216,122.2,0.00428,0.375,0.196131
1560213429797,17.277,122.3,0.00431,0.373,0.196613149
1560213429842,17.322,122.3,0.00431,0.373,0.196613149
1560213429888,17.368,122.3,0.00431,0.373,0.196613149
1560213429934,17.414,122.3,0.00431,0.373,0.196613149
1560213429997,17.477,122.3,0.00429,0.375,0.196750125
1560213430043,17.523,122.3,0.00429,0.375,0.196750125
1560213430089,17.569,122.3,0.00429,0.375,0.196750125
1560213430135,17.615,122.3,0.00429,0.375,0.196750125
1560213430196,17.676,122.3,0.00432,0.374,0.197597664
1560213430242,17.722,122.3,0.00432,0.374,0.197597664
1560213430288,17.768,122.3,0.00432,0.374,0.197597664
1560213430334,17.814,122.3,0.00432,0.374,0.197597664
1560213430396,17.876,122.2,0.00429,0.374,0.196065012
1560213430443,17.923,122.2,0.00429,0.374,0.196065012
1560213430489,17.969,122.2,0.00429,0.374,0.196065012
1560213430535,18.015,122.2,0.00429,0.374,0.196065012
1560213430596,18.076,122.2,0.00431,0.375,0.19750575
1560213430642,18.122,122.2,0.00431,0.375,0.19750575
1560213430688,18.168,122.2,0.00431,0.375,0.19750575
1560213430734,18.214,122.2,0.00431,0.375,0.19750575
1560213430796,18.276,122.3,0.00429,0.377,0.197799459
1560213430842,18.322,122.3,0.00429,0.377,0.197799459
1560213430888,18.368,122.3,0.00429,0.377,0.197799459
1560213430934,18.415,122.3,0.00429,0.377,0.197799459
1560213430997,18.477,122.3,0.00431,0.373,0.196613149
1560213431043,18.523,122.3,0.00431,0.373,0.196613149
1560213431089,18.569,122.3,0.00431,0.373,0.196613149
1560213431135,18.615,122.3,0.00431,0.373,0.196613149
1560213431196,18.677,122.3,0.00431,0.371,0.195558923
1560213431243,18.723,122.3,0.00431,0.371,0.195558923
1560213431289,18.769,122.3,0.00431,0.371,0.195558923
1560213431335,18.815,122.3,0.00431,0.371,0.195558923
1560213431396,18.876,122.3,0.0043,0.374,0.19668286
1560213431442,18.922,122.3,0.0043,0.374,0.19668286
1560213431488,18.968,122.3,0.0043,0.374,0.19668286
1560213431535,19.015,122.3,0.0043,0.374,0.19668286
1560213431596,19.076,122.2,0.00431,0.373,0.196452386
1560213431642,19.122,122.2,0.00431,0.373,0.196452386
1560213431688,19.168,122.2,0.00431,0.373,0.196452386
1560213431734,19.214,122.2,0.00431,0.373,0.196452386
1560213431796,19.276,122.3,0.00432,0.374,0.197597664
1560213431842,19.323,122.3,0.00432,0.374,0.197597664
1560213431889,19.369,122.3,0.00432,0.374,0.197597664
1560213431935,19.415,122.3,0.00432,0.374,0.197597664
1560213431996,19.476,122.3,0.00429,0.374,0.196225458
1560213432042,19.522,122.3,0.00429,0.374,0.196225458
1560213432088,19.568,122.3,0.00429,0.374,0.196225458
1560213432134,19.614,122.3,0.00429,0.374,0.196225458
1560213432197,19.677,122.2,0.00435,0.37,0.1966809
1560213432243,19.723,122.2,0.00435,0.37,0.1966809
1560213432289,19.769,122.2,0.00435,0.37,0.1966809
1560213432341,19.821,122.2,0.00435,0.37,0.1966809
1560213432397,19.877,122.3,0.00431,0.372,0.196086036
1560213432443,19.923,122.3,0.00431,0.372,0.196086036
1560213432489,19.969,122.3,0.00431,0.372,0.196086036
1560213432535,20.015,122.3,0.00431,0.372,0.196086036
1560213432596,20.076,122.2,0.00433,0.373,0.197363998
1560213432642,20.122,122.2,0.00433,0.373,0.197363998
1560213432688,20.169,122.2,0.00433,0.373,0.197363998
1560213432735,20.215,122.2,0.00433,0.373,0.197363998
1560213432796,20.276,122.3,0.00435,0.374,0.19896987
1560213432842,20.322,122.3,0.00435,0.374,0.19896987
1560213432888,20.368,122.3,0.00435,0.374,0.19896987
1560213432934,20.414,122.3,0.00435,0.374,0.19896987
1560213432996,20.476,122.3,0.00434,0.37,0.19638934
1560213433042,20.522,122.3,0.00434,0.37,0.19638934
1560213433089,20.569,122.3,0.00434,0.37,0.19638934
1560213433135,20.615,122.3,0.00434,0.37,0.19638934
1560213433196,20.676,122.3,0.00432,0.375,0.198126
1560213433242,20.722,122.3,0.00432,0.375,0.198126
1560213433288,20.768,122.3,0.00432,0.375,0.198126
1560213433335,20.815,122.3,0.00432,0.375,0.198126
1560213433396,20.876,122.3,0.00426,0.375,0.19537425
1560213433442,20.922,122.3,0.00426,0.375,0.19537425
1560213433488,20.968,122.3,0.00426,0.375,0.19537425
1560213433534,21.014,122.3,0.00426,0.375,0.19537425
1560213433596,21.076,122.3,0.00432,0.375,0.198126
1560213433642,21.123,122.3,0.00432,0.375,0.198126
1560213433689,21.169,122.3,0.00432,0.375,0.198126
1560213433735,21.215,122.3,0.00432,0.375,0.198126
1560213433796,21.276,122.3,0.00433,0.375,0.198584625
1560213433842,21.322,122.3,0.00433,0.375,0.198584625
1560213433889,21.369,122.3,0.00433,0.375,0.198584625
1560213433935,21.415,122.3,0.00433,0.375,0.198584625
1560213433996,21.476,122.3,0.00433,0.374,0.198055066
1560213434042,21.522,122.3,0.00433,0.374,0.198055066
1560213434088,21.568,122.3,0.00433,0.374,0.198055066
1560213434134,21.614,122.3,0.00433,0.374,0.198055066
1560213434195,21.675,122.3,0.00433,0.374,0.198055066
1560213434242,21.722,122.3,0.00433,0.374,0.198055066
1560213434288,21.768,122.3,0.00433,0.374,0.198055066
1560213434334,21.814,122.3,0.00433,0.374,0.198055066
1560213434396,21.876,122.3,0.00427,0.372,0.194266212
1560213434443,21.923,122.3,0.00427,0.372,0.194266212
1560213434489,21.969,122.3,0.00427,0.372,0.194266212
1560213434535,22.015,122.3,0.00427,0.372,0.194266212
1560213434596,22.076,122.2,0.00431,0.372,0.195925704
1560213434642,22.122,122.2,0.00431,0.372,0.195925704
1560213434688,22.168,122.2,0.00431,0.372,0.195925704
1560213434734,22.214,122.2,0.00431,0.372,0.195925704
1560213434795,22.275,122.2,0.00437,0.37,0.19758518
1560213434841,22.321,122.2,0.00437,0.37,0.19758518
1560213434887,22.368,122.2,0.00437,0.37,0.19758518
1560213434934,22.414,122.2,0.00437,0.37,0.19758518
1560213434996,22.476,122.3,0.00432,0.375,0.198126
1560213435042,22.522,122.3,0.00432,0.375,0.198126
1560213435088,22.568,122.3,0.00432,0.375,0.198126
1560213435134,22.614,122.3,0.00432,0.375,0.198126
1560213435196,22.676,122.3,0.00432,0.372,0.196540992
1560213435241,22.721,122.3,0.00432,0.372,0.196540992
1560213435288,22.768,122.3,0.00432,0.372,0.196540992
1560213435334,22.814,122.3,0.00432,0.372,0.196540992
1560213435396,22.876,122.3,0.00429,0.373,0.195700791
1560213435442,22.922,122.3,0.00429,0.373,0.195700791
1560213435488,22.968,122.3,0.00429,0.373,0.195700791
1560213435535,23.015,122.3,0.00429,0.373,0.195700791
1560213435596,23.076,122.2,0.00434,0.371,0.196759108
1560213435642,23.122,122.2,0.00434,0.371,0.196759108
1560213435687,23.167,122.2,0.00434,0.371,0.196759108
1560213435734,23.214,122.2,0.00434,0.371,0.196759108
1560213435796,23.276,122.2,0.00434,0.374,0.198350152
1560213435842,23.322,122.2,0.00434,0.374,0.198350152
1560213435888,23.368,122.2,0.00434,0.374,0.198350152
1560213435934,23.415,122.2,0.00434,0.374,0.198350152
1560213435996,23.476,122.3,0.00434,0.372,0.197450904
1560213436042,23.522,122.3,0.00434,0.372,0.197450904
1560213436088,23.568,122.3,0.00434,0.372,0.197450904
1560213436134,23.614,122.3,0.00434,0.372,0.197450904
1560213436196,23.677,122.3,0.00435,0.371,0.197373855
1560213436243,23.723,122.3,0.00435,0.371,0.197373855
1560213436289,23.769,122.3,0.00435,0.371,0.197373855
1560213436335,23.815,122.3,0.00435,0.371,0.197373855
1560213436396,23.876,122.3,0.00433,0.374,0.198055066
1560213436442,23.922,122.3,0.00433,0.374,0.198055066
1560213436488,23.968,122.3,0.00433,0.374,0.198055066
1560213436534,24.015,122.3,0.00433,0.374,0.198055066
1560213436596,24.076,122.3,0.00434,0.371,0.196920122
1560213436642,24.122,122.3,0.00434,0.371,0.196920122
1560213436687,24.167,122.3,0.00434,0.371,0.196920122
1560213436733,24.214,122.3,0.00434,0.371,0.196920122
1560213436796,24.276,122.3,0.00437,0.369,0.197212419
1560213436842,24.322,122.3,0.00437,0.369,0.197212419
1560213436888,24.368,122.3,0.00437,0.369,0.197212419
1560213436933,24.414,122.3,0.00437,0.369,0.197212419
1560213436996,24.476,122.3,0.00432,0.372,0.196540992
1560213437042,24.522,122.3,0.00432,0.372,0.196540992
1560213437088,24.568,122.3,0.00432,0.372,0.196540992
1560213437134,24.614,122.3,0.00432,0.372,0.196540992
1560213437196,24.676,122.3,0.00431,0.373,0.196613149
1560213437242,24.723,122.3,0.00431,0.373,0.196613149
1560213437289,24.769,122.3,0.00431,0.373,0.196613149
1560213437335,24.815,122.3,0.00431,0.373,0.196613149
1560213437396,24.876,122.3,0.00431,0.378,0.199248714
1560213437442,24.922,122.3,0.00431,0.378,0.199248714
1560213437488,24.968,122.3,0.00431,0.378,0.199248714
1560213437534,25.014,122.3,0.00431,0.378,0.199248714
1560213437595,25.075,122.3,0.00433,0.37,0.19593683
1560213437641,25.121,122.3,0.00433,0.37,0.19593683
1560213437687,25.167,122.3,0.00433,0.37,0.19593683
1560213437734,25.214,122.3,0.00433,0.37,0.19593683
1560213437796,25.276,122.3,0.00435,0.373,0.198437865
1560213437842,25.322,122.3,0.00435,0.373,0.198437865
1560213437888,25.368,122.3,0.00435,0.373,0.198437865
1560213437934,25.414,122.3,0.00435,0.373,0.198437865
1560213437995,25.475,122.3,0.00434,0.37,0.19638934
1560213438042,25.522,122.3,0.00434,0.37,0.19638934
1560213438088,25.568,122.3,0.00434,0.37,0.19638934
1560213438134,25.614,122.3,0.00434,0.37,0.19638934
1560213438195,25.675,122.3,0.00428,0.374,0.195768056
1560213438241,25.721,122.3,0.00428,0.374,0.195768056
1560213438287,25.767,122.3,0.00428,0.374,0.195768056
1560213438333,25.813,122.3,0.00428,0.374,0.195768056
1560213438396,25.876,122.3,0.00433,0.373,0.197525507
1560213438442,25.922,122.3,0.00433,0.373,0.197525507
1560213438488,25.968,122.3,0.00433,0.373,0.197525507
1560213438534,26.014,122.3,0.00433,0.373,0.197525507
1560213438595,26.075,122.3,0.00433,0.37,0.19593683
1560213438641,26.121,122.3,0.00433,0.37,0.19593683
1560213438687,26.167,122.3,0.00433,0.37,0.19593683
1560213438733,26.213,122.3,0.00433,0.37,0.19593683
1560213438795,26.276,122.2,0.00436,0.371,0.197665832
1560213438842,26.322,122.2,0.00436,0.371,0.197665832
1560213438888,26.368,122.2,0.00436,0.371,0.197665832
1560213438934,26.414,122.2,0.00436,0.371,0.197665832
1560213438995,26.475,122.3,0.00433,0.371,0.196466389
1560213439041,26.521,122.3,0.00433,0.371,0.196466389
1560213439087,26.567,122.3,0.00433,0.371,0.196466389
1560213439133,26.614,122.3,0.00433,0.371,0.196466389
1560213439196,26.676,122.3,0.00432,0.372,0.196540992
1560213439242,26.722,122.3,0.00432,0.372,0.196540992
1560213439288,26.768,122.3,0.00432,0.372,0.196540992
1560213439335,26.815,122.3,0.00432,0.372,0.196540992
1560213439396,26.876,122.3,0.00428,0.377,0.197338388
1560213439442,26.922,122.3,0.00428,0.377,0.197338388
1560213439488,26.968,122.3,0.00428,0.377,0.197338388
1560213439533,27.013,122.3,0.00428,0.377,0.197338388
1560213439595,27.075,122.3,0.00428,0.374,0.195768056
1560213439641,27.121,122.3,0.00428,0.374,0.195768056
1560213439688,27.168,122.3,0.00428,0.374,0.195768056
1560213439734,27.214,122.3,0.00428,0.374,0.195768056
1560213439795,27.275,122.3,0.00429,0.375,0.196750125
1560213439841,27.321,122.3,0.00429,0.375,0.196750125
1560213439887,27.367,122.3,0.00429,0.375,0.196750125
1560213439933,27.413,122.3,0.00429,0.375,0.196750125
1560213439995,27.475,122.3,0.0043,0.377,0.19826053
1560213440042,27.522,122.3,0.0043,0.377,0.19826053
1560213440088,27.568,122.3,0.0043,0.377,0.19826053
1560213440135,27.615,122.3,0.0043,0.377,0.19826053
1560213440195,27.676,122.3,0.00426,0.375,0.19537425
1560213440242,27.722,122.3,0.00426,0.375,0.19537425
1560213440288,27.768,122.3,0.00426,0.375,0.19537425
1560213440334,27.814,122.3,0.00426,0.375,0.19537425
1560213440395,27.875,122.3,0.00426,0.377,0.196416246
1560213440441,27.921,122.3,0.00426,0.377,0.196416246
1560213440487,27.967,122.3,0.00426,0.377,0.196416246
1560213440533,28.013,122.3,0.00426,0.377,0.196416246
1560213440595,28.075,122.3,0.00429,0.373,0.195700791
1560213440641,28.121,122.3,0.00429,0.373,0.195700791
1560213440688,28.168,122.3,0.00429,0.373,0.195700791
1560213440734,28.214,122.3,0.00429,0.373,0.195700791
1560213440795,28.275,122.3,0.00433,0.371,0.196466389
1560213440841,28.321,122.3,0.00433,0.371,0.196466389
1560213440887,28.367,122.3,0.00433,0.371,0.196466389
1560213440933,28.413,122.3,0.00433,0.371,0.196466389
1560213440995,28.475,122.3,0.00431,0.377,0.198721601
1560213441041,28.521,122.3,0.00431,0.377,0.198721601
1560213441087,28.567,122.3,0.00431,0.377,0.198721601
1560213441133,28.613,122.3,0.00431,0.377,0.198721601
1560213441196,28.676,122.3,0.00427,0.375,0.195832875
1560213441242,28.722,122.3,0.00427,0.375,0.195832875
1560213441288,28.768,122.3,0.00427,0.375,0.195832875
1560213441334,28.814,122.3,0.00427,0.375,0.195832875
1560213441395,28.875,122.3,0.00428,0.374,0.195768056
1560213441441,28.921,122.3,0.00428,0.374,0.195768056
1560213441487,28.968,122.3,0.00428,0.374,0.195768056
1560213441533,29.014,122.3,0.00428,0.374,0.195768056
1560213441596,29.076,122.3,0.00428,0.378,0.197861832
1560213441642,29.122,122.3,0.00428,0.378,0.197861832
1560213441688,29.168,122.3,0.00428,0.378,0.197861832
1560213441734,29.214,122.3,0.00428,0.378,0.197861832
1560213441795,29.275,122.3,0.00429,0.374,0.196225458
1560213441841,29.321,122.3,0.00429,0.374,0.196225458
1560213441887,29.367,122.3,0.00429,0.374,0.196225458
1560213441933,29.413,122.3,0.00429,0.374,0.196225458
1560213441996,29.476,122.3,0.00428,0.377,0.197338388
1560213442042,29.522,122.3,0.00428,0.377,0.197338388
1560213442088,29.568,122.3,0.00428,0.377,0.197338388
1560213442134,29.614,122.3,0.00428,0.377,0.197338388
1560213442195,29.675,122.3,0.00431,0.375,0.197667375
1560213442241,29.721,122.3,0.00431,0.375,0.197667375
1560213442287,29.767,122.3,0.00431,0.375,0.197667375
1560213442333,29.813,122.3,0.00431,0.375,0.197667375
1560213442395,29.875,122.3,0.00426,0.376,0.195895248
1560213442441,29.921,122.3,0.00426,0.376,0.195895248
1560213442487,29.968,122.3,0.00426,0.376,0.195895248
1560213442533,30.014,122.3,0.00426,0.376,0.195895248
1560213442596,30.076,122.3,0.00428,0.375,0.1962915
1560213442642,30.122,122.3,0.00428,0.375,0.1962915
1560213442688,30.168,122.3,0.00428,0.375,0.1962915
1560213442734,30.214,122.3,0.00428,0.375,0.1962915
1560213442795,30.275,122.3,0.00433,0.373,0.197525507
1560213442842,30.322,122.3,0.00433,0.373,0.197525507
1560213442887,30.368,122.3,0.00433,0.373,0.197525507
1560213442933,30.413,122.3,0.00433,0.373,0.197525507
1560213442995,30.475,122.3,0.0043,0.379,0.19931231
1560213443041,30.521,122.3,0.0043,0.379,0.19931231
1560213443087,30.567,122.3,0.0043,0.379,0.19931231
1560213443133,30.613,122.3,0.0043,0.379,0.19931231
1560213443195,30.675,122.3,0.0043,0.375,0.19720875
1560213443241,30.721,122.3,0.0043,0.375,0.19720875
1560213443288,30.768,122.3,0.0043,0.375,0.19720875
1560213443334,30.814,122.3,0.0043,0.375,0.19720875
1560213443395,30.875,122.3,0.00425,0.375,0.194915625
1560213443441,30.921,122.3,0.00425,0.375,0.194915625
1560213443487,30.967,122.3,0.00425,0.375,0.194915625
1560213443534,31.014,122.3,0.00425,0.375,0.194915625
1560213443595,31.075,122.2,0.00424,0.38,0.19688864
1560213443641,31.121,122.2,0.00424,0.38,0.19688864
1560213443687,31.167,122.2,0.00424,0.38,0.19688864
1560213443733,31.213,122.2,0.00424,0.38,0.19688864
1560213443795,31.275,122.2,0.00425,0.375,0.19475625
1560213443841,31.321,122.2,0.00425,0.375,0.19475625
1560213443887,31.367,122.2,0.00425,0.375,0.19475625
1560213443933,31.413,122.2,0.00425,0.375,0.19475625
1560213443995,31.476,122.3,0.00431,0.375,0.197667375
1560213444042,31.522,122.3,0.00431,0.375,0.197667375
1560213444088,31.568,122.3,0.00431,0.375,0.197667375
1560213444134,31.614,122.3,0.00431,0.375,0.197667375
1560213444195,31.675,122.3,0.0043,0.374,0.19668286
1560213444241,31.721,122.3,0.0043,0.374,0.19668286
1560213444288,31.768,122.3,0.0043,0.374,0.19668286
1560213444334,31.814,122.3,0.0043,0.374,0.19668286
1560213444395,31.875,122.3,0.00424,0.376,0.194975552
1560213444441,31.921,122.3,0.00424,0.376,0.194975552
1560213444487,31.967,122.3,0.00424,0.376,0.194975552
1560213444533,32.013,122.3,0.00424,0.376,0.194975552
1560213444595,32.076,122.3,0.0043,0.374,0.19668286
1560213444641,32.122,122.3,0.0043,0.374,0.19668286
1560213444687,32.167,122.3,0.0043,0.374,0.19668286
1560213444734,32.214,122.3,0.0043,0.374,0.19668286
1560213444795,32.275,122.3,0.00428,0.375,0.1962915
1560213444841,32.321,122.3,0.00428,0.375,0.1962915
1560213444887,32.367,122.3,0.00428,0.375,0.1962915
1560213444933,32.413,122.3,0.00428,0.375,0.1962915
1560213444995,32.475,122.3,0.00429,0.376,0.197274792
1560213445041,32.521,122.3,0.00429,0.376,0.197274792
1560213445088,32.568,122.3,0.00429,0.376,0.197274792
1560213445134,32.614,122.3,0.00429,0.376,0.197274792
1560213445195,32.675,122.3,0.00433,0.375,0.198584625
1560213445241,32.721,122.3,0.00433,0.375,0.198584625
1560213445287,32.767,122.3,0.00433,0.375,0.198584625
1560213445333,32.813,122.3,0.00433,0.375,0.198584625
1560213445395,32.875,122.3,0.00428,0.376,0.196814944
1560213445440,32.92,122.3,0.00428,0.376,0.196814944
1560213445486,32.966,122.3,0.00428,0.376,0.196814944
1560213445533,33.013,122.3,0.00428,0.376,0.196814944
1560213445595,33.075,122.3,0.00427,0.375,0.195832875
1560213445641,33.121,122.3,0.00427,0.375,0.195832875
1560213445687,33.168,122.3,0.00427,0.375,0.195832875
1560213445733,33.213,122.3,0.00427,0.375,0.195832875
1560213445794,33.274,122.3,0.00429,0.374,0.196225458
1560213445840,33.32,122.3,0.00429,0.374,0.196225458
1560213445886,33.366,122.3,0.00429,0.374,0.196225458
1560213445932,33.412,122.3,0.00429,0.374,0.196225458
1560213445994,33.474,122.3,0.00428,0.375,0.1962915
1560213446041,33.521,122.3,0.00428,0.375,0.1962915
1560213446086,33.566,122.3,0.00428,0.375,0.1962915
1560213446133,33.613,122.3,0.00428,0.375,0.1962915
1560213446195,33.675,122.3,0.00429,0.377,0.197799459
1560213446241,33.721,122.3,0.00429,0.377,0.197799459
1560213446288,33.768,122.3,0.00429,0.377,0.197799459
1560213446334,33.814,122.3,0.00429,0.377,0.197799459
1560213446395,33.875,122.3,0.00426,0.376,0.195895248
1560213446441,33.921,122.3,0.00426,0.376,0.195895248
1560213446487,33.967,122.3,0.00426,0.376,0.195895248
1560213446533,34.013,122.3,0.00426,0.376,0.195895248
1560213446594,34.074,122.2,0.00428,0.375,0.196131
1560213446641,34.121,122.2,0.00428,0.375,0.196131
1560213446687,34.167,122.2,0.00428,0.375,0.196131
1560213446733,34.213,122.2,0.00428,0.375,0.196131
1560213446795,34.275,122.2,0.00429,0.376,0.197113488
1560213446841,34.321,122.2,0.00429,0.376,0.197113488
1560213446887,34.367,122.2,0.00429,0.376,0.197113488
1560213446934,34.414,122.2,0.00429,0.376,0.197113488
1560213446995,34.475,122.2,0.00432,0.376,0.198491904
1560213447041,34.521,122.2,0.00432,0.376,0.198491904
1560213447087,34.567,122.2,0.00432,0.376,0.198491904
1560213447133,34.613,122.2,0.00432,0.376,0.198491904
1560213447194,34.674,122.3,0.00433,0.374,0.198055066
1560213447241,34.721,122.3,0.00433,0.374,0.198055066
1560213447287,34.767,122.3,0.00433,0.374,0.198055066
1560213447333,34.813,122.3,0.00433,0.374,0.198055066
1560213447394,34.874,122.3,0.00429,0.373,0.195700791
1560213447440,34.92,122.3,0.00429,0.373,0.195700791
1560213447486,34.966,122.3,0.00429,0.373,0.195700791
1560213447532,35.012,122.3,0.00429,0.373,0.195700791
1560213447595,35.075,122.2,0.00432,0.374,0.197436096
1560213447641,35.121,122.2,0.00432,0.374,0.197436096
1560213447687,35.167,122.2,0.00432,0.374,0.197436096
1560213447734,35.214,122.2,0.00432,0.374,0.197436096
1560213447795,35.275,122.3,0.00434,0.373,0.197981686
1560213447841,35.321,122.3,0.00434,0.373,0.197981686
1560213447887,35.367,122.3,0.00434,0.373,0.197981686
1560213447934,35.414,122.3,0.00434,0.373,0.197981686
1560213447994,35.474,122.3,0.0043,0.375,0.19720875
1560213448041,35.521,122.3,0.0043,0.375,0.19720875
1560213448087,35.567,122.3,0.0043,0.375,0.19720875
1560213448133,35.613,122.3,0.0043,0.375,0.19720875
1560213448194,35.674,122.3,0.00432,0.376,0.198654336
1560213448240,35.72,122.3,0.00432,0.376,0.198654336
1560213448286,35.766,122.3,0.00432,0.376,0.198654336
1560213448332,35.812,122.3,0.00432,0.376,0.198654336
1560213448395,35.875,122.3,0.00431,0.372,0.196086036
1560213448441,35.921,122.3,0.00431,0.372,0.196086036
1560213448487,35.967,122.3,0.00431,0.372,0.196086036
1560213448533,36.013,122.3,0.00431,0.372,0.196086036
1560213448594,36.074,122.3,0.00428,0.372,0.194721168
1560213448640,36.12,122.3,0.00428,0.372,0.194721168
1560213448686,36.166,122.3,0.00428,0.372,0.194721168
1560213448732,36.212,122.3,0.00428,0.372,0.194721168
1560213448795,36.275,122.2,0.00433,0.375,0.19842225
1560213448841,36.321,122.2,0.00433,0.375,0.19842225
1560213448887,36.367,122.2,0.00433,0.375,0.19842225
1560213448933,36.413,122.2,0.00433,0.375,0.19842225
1560213448995,36.475,122.2,0.00432,0.376,0.198491904
1560213449041,36.521,122.2,0.00432,0.376,0.198491904
1560213449087,36.567,122.2,0.00432,0.376,0.198491904
1560213449133,36.613,122.2,0.00432,0.376,0.198491904
1560213449194,36.674,122.3,0.00433,0.374,0.198055066
1560213449240,36.72,122.3,0.00433,0.374,0.198055066
1560213449286,36.766,122.3,0.00433,0.374,0.198055066
1560213449332,36.812,122.3,0.00433,0.374,0.198055066
1560213449395,36.875,122.3,0.0043,0.372,0.19563108
1560213449441,36.921,122.3,0.0043,0.372,0.19563108
1560213449487,36.967,122.3,0.0043,0.372,0.19563108
1560213449533,37.013,122.3,0.0043,0.372,0.19563108
1560213449594,37.074,122.3,0.00429,0.373,0.195700791
1560213449640,37.12,122.3,0.00429,0.373,0.195700791
1560213449686,37.166,122.3,0.00429,0.373,0.195700791
1560213449732,37.212,122.3,0.00429,0.373,0.195700791
1560213449794,37.274,122.2,0.00434,0.374,0.198350152
1560213449841,37.321,122.2,0.00434,0.374,0.198350152
1560213449886,37.366,122.2,0.00434,0.374,0.198350152
1560213449933,37.413,122.2,0.00434,0.374,0.198350152
1560213449994,37.474,122.2,0.00432,0.374,0.197436096
1560213450040,37.52,122.2,0.00432,0.374,0.197436096
1560213450086,37.566,122.2,0.00432,0.374,0.197436096
1560213450132,37.612,122.2,0.00432,0.374,0.197436096
1560213450194,37.674,122.3,0.00431,0.374,0.197140262
1560213450240,37.72,122.3,0.00431,0.374,0.197140262
1560213450286,37.766,122.3,0.00431,0.374,0.197140262
1560213450332,37.812,122.3,0.00431,0.374,0.197140262
1560213450395,37.875,122.3,0.00432,0.373,0.197069328
1560213450441,37.921,122.3,0.00432,0.373,0.197069328
1560213450487,37.967,122.3,0.00432,0.373,0.197069328
1560213450534,38.014,122.3,0.00432,0.373,0.197069328
1560213450595,38.075,122.3,0.00425,0.377,0.195955175
1560213450641,38.121,122.3,0.00425,0.377,0.195955175
1560213450687,38.167,122.3,0.00425,0.377,0.195955175
1560213450733,38.213,122.3,0.00425,0.377,0.195955175
1560213450794,38.274,122.2,0.0043,0.374,0.19652204
1560213450841,38.321,122.2,0.0043,0.374,0.19652204
1560213450887,38.367,122.2,0.0043,0.374,0.19652204
1560213450933,38.413,122.2,0.0043,0.374,0.19652204
1560213450994,38.474,122.2,0.0043,0.374,0.19652204
1560213451040,38.52,122.2,0.0043,0.374,0.19652204
1560213451086,38.566,122.2,0.0043,0.374,0.19652204
1560213451132,38.612,122.2,0.0043,0.374,0.19652204
1560213451194,38.674,122.3,0.00428,0.376,0.196814944
1560213451240,38.72,122.3,0.00428,0.376,0.196814944
1560213451286,38.766,122.3,0.00428,0.376,0.196814944
1560213451332,38.812,122.3,0.00428,0.376,0.196814944
1560213451395,38.875,122.3,0.00426,0.375,0.19537425
1560213451441,38.921,122.3,0.00426,0.375,0.19537425
1560213451487,38.967,122.3,0.00426,0.375,0.19537425
1560213451533,39.013,122.3,0.00426,0.375,0.19537425
1560213451594,39.074,122.2,0.00425,0.377,0.19579495
1560213451640,39.12,122.2,0.00425,0.377,0.19579495
1560213451686,39.166,122.2,0.00425,0.377,0.19579495
1560213451733,39.213,122.2,0.00425,0.377,0.19579495
1560213451794,39.274,122.2,0.00427,0.374,0.195150956
1560213451840,39.32,122.2,0.00427,0.374,0.195150956
1560213451887,39.367,122.2,0.00427,0.374,0.195150956
1560213451933,39.413,122.2,0.00427,0.374,0.195150956
1560213451994,39.474,122.2,0.00435,0.373,0.19827561
1560213452040,39.52,122.2,0.00435,0.373,0.19827561
1560213452086,39.566,122.2,0.00435,0.373,0.19827561
1560213452132,39.612,122.2,0.00435,0.373,0.19827561
1560213452194,39.674,122.3,0.00435,0.373,0.198437865
1560213452240,39.72,122.3,0.00435,0.373,0.198437865
1560213452287,39.767,122.3,0.00435,0.373,0.198437865
1560213452333,39.813,122.3,0.00435,0.373,0.198437865
1560213452394,39.874,122.3,0.00433,0.374,0.198055066
1560213452440,39.92,122.3,0.00433,0.374,0.198055066
1560213452486,39.966,122.3,0.00433,0.374,0.198055066
1560213452532,40.012,122.3,0.00433,0.374,0.198055066
1560213452594,40.074,122.3,0.00429,0.374,0.196225458
1560213452640,40.12,122.3,0.00429,0.374,0.196225458
1560213452686,40.166,122.3,0.00429,0.374,0.196225458
1560213452732,40.212,122.3,0.00429,0.374,0.196225458
1560213452794,40.274,122.3,0.00432,0.373,0.197069328
1560213452840,40.32,122.3,0.00432,0.373,0.197069328
1560213452886,40.366,122.3,0.00432,0.373,0.197069328
1560213452932,40.412,122.3,0.00432,0.373,0.197069328
1560213452994,40.474,122.3,0.00433,0.373,0.197525507
1560213453039,40.519,122.3,0.00433,0.373,0.197525507
1560213453086,40.566,122.3,0.00433,0.373,0.197525507
1560213453132,40.612,122.3,0.00433,0.373,0.197525507
1560213453194,40.674,122.3,0.0043,0.374,0.19668286
1560213453240,40.72,122.3,0.0043,0.374,0.19668286
1560213453287,40.767,122.3,0.0043,0.374,0.19668286
1560213453333,40.813,122.3,0.0043,0.374,0.19668286
1560213453394,40.874,122.3,0.00431,0.372,0.196086036
1560213453440,40.92,122.3,0.00431,0.372,0.196086036
1560213453486,40.966,122.3,0.00431,0.372,0.196086036
1560213453532,41.012,122.3,0.00431,0.372,0.196086036
1560213453593,41.074,122.3,0.0043,0.372,0.19563108
1560213453639,41.119,122.3,0.0043,0.372,0.19563108
1560213453685,41.165,122.3,0.0043,0.372,0.19563108
1560213453732,41.212,122.3,0.0043,0.372,0.19563108
1560213453794,41.274,122.2,0.00437,0.367,0.195983138
1560213453840,41.32,122.2,0.00437,0.367,0.195983138
1560213453886,41.366,122.2,0.00437,0.367,0.195983138
1560213453932,41.412,122.2,0.00437,0.367,0.195983138
1560213453994,41.474,122.2,0.00431,0.372,0.195925704
1560213454040,41.52,122.2,0.00431,0.372,0.195925704
1560213454086,41.566,122.2,0.00431,0.372,0.195925704
1560213454132,41.612,122.2,0.00431,0.372,0.195925704
1560213454193,41.673,122.2,0.00435,0.372,0.19774404
1560213454239,41.719,122.2,0.00435,0.372,0.19774404
1560213454286,41.766,122.2,0.00435,0.372,0.19774404
1560213454332,41.812,122.2,0.00435,0.372,0.19774404
1560213454394,41.874,122.3,0.0043,0.373,0.19615697
1560213454440,41.92,122.3,0.0043,0.373,0.19615697
1560213454486,41.966,122.3,0.0043,0.373,0.19615697
1560213454532,42.012,122.3,0.0043,0.373,0.19615697
1560213454593,42.073,122.2,0.00429,0.375,0.19658925
1560213454639,42.119,122.2,0.00429,0.375,0.19658925
1560213454685,42.165,122.2,0.00429,0.375,0.19658925
1560213454732,42.212,122.2,0.00429,0.375,0.19658925
1560213454794,42.274,122.2,0.00431,0.377,0.198559114
1560213454840,42.32,122.2,0.00431,0.377,0.198559114
1560213454887,42.367,122.2,0.00431,0.377,0.198559114
1560213454933,42.413,122.2,0.00431,0.377,0.198559114
1560213454994,42.474,122.2,0.0043,0.375,0.1970475
1560213455040,42.52,122.2,0.0043,0.375,0.1970475
1560213455086,42.566,122.2,0.0043,0.375,0.1970475
1560213455132,42.612,122.2,0.0043,0.375,0.1970475
1560213455194,42.674,122.3,0.0043,0.377,0.19826053
1560213455241,42.721,122.3,0.0043,0.377,0.19826053
1560213455287,42.767,122.3,0.0043,0.377,0.19826053
1560213455333,42.813,122.3,0.0043,0.377,0.19826053
1560213455394,42.874,122.3,0.00432,0.372,0.196540992
1560213455441,42.921,122.3,0.00432,0.372,0.196540992
1560213455487,42.967,122.3,0.00432,0.372,0.196540992
1560213455533,43.013,122.3,0.00432,0.372,0.196540992
1560213455594,43.074,122.2,0.00429,0.376,0.197113488
1560213455640,43.121,122.2,0.00429,0.376,0.197113488
1560213455686,43.166,122.2,0.00429,0.376,0.197113488
1560213455733,43.213,122.2,0.00429,0.376,0.197113488
1560213455795,43.275,122.3,0.00433,0.375,0.198584625
1560213455842,43.322,122.3,0.00433,0.375,0.198584625
1560213455888,43.368,122.3,0.00433,0.375,0.198584625
1560213455934,43.414,122.3,0.00433,0.375,0.198584625
1560213455994,43.474,122.3,0.00433,0.372,0.196995948
1560213456040,43.52,122.3,0.00433,0.372,0.196995948
1560213456086,43.566,122.3,0.00433,0.372,0.196995948
1560213456132,43.612,122.3,0.00433,0.372,0.196995948
1560213456194,43.674,122.3,0.00434,0.377,0.200104814
1560213456240,43.72,122.3,0.00434,0.377,0.200104814
1560213456286,43.766,122.3,0.00434,0.377,0.200104814
1560213456332,43.812,122.3,0.00434,0.377,0.200104814
1560213456394,43.874,122.3,0.00428,0.374,0.195768056
1560213456440,43.92,122.3,0.00428,0.374,0.195768056
1560213456487,43.967,122.3,0.00428,0.374,0.195768056
1560213456533,44.013,122.3,0.00428,0.374,0.195768056
1560213456594,44.074,122.3,0.00427,0.374,0.195310654
1560213456640,44.12,122.3,0.00427,0.374,0.195310654
1560213456686,44.166,122.3,0.00427,0.374,0.195310654
1560213456732,44.212,122.3,0.00427,0.374,0.195310654
1560213456793,44.273,122.2,0.00431,0.369,0.194345658
1560213456839,44.319,122.2,0.00431,0.369,0.194345658
1560213456885,44.365,122.2,0.00431,0.369,0.194345658
1560213456931,44.411,122.2,0.00431,0.369,0.194345658
1560213456993,44.473,122.2,0.0043,0.372,0.19547112
1560213457039,44.519,122.2,0.0043,0.372,0.19547112
1560213457086,44.566,122.2,0.0043,0.372,0.19547112
1560213457132,44.612,122.2,0.0043,0.372,0.19547112
1560213457193,44.673,122.2,0.00435,0.376,0.19987032
1560213457239,44.719,122.2,0.00435,0.376,0.19987032
1560213457285,44.765,122.2,0.00435,0.376,0.19987032
1560213457331,44.811,122.2,0.00435,0.376,0.19987032
1560213457394,44.874,122.3,0.00429,0.373,0.195700791
1560213457440,44.92,122.3,0.00429,0.373,0.195700791
1560213457486,44.966,122.3,0.00429,0.373,0.195700791
1560213457532,45.012,122.3,0.00429,0.373,0.195700791
1560213457593,45.073,122.2,0.00428,0.37,0.19351592
1560213457639,45.119,122.2,0.00428,0.37,0.19351592
1560213457685,45.165,122.2,0.00428,0.37,0.19351592
1560213457731,45.211,122.2,0.00428,0.37,0.19351592
1560213457794,45.274,122.2,0.00431,0.371,0.195399022
1560213457840,45.32,122.2,0.00431,0.371,0.195399022
1560213457886,45.366,122.2,0.00431,0.371,0.195399022
1560213457932,45.412,122.2,0.00431,0.371,0.195399022
1560213457993,45.473,122.2,0.00433,0.373,0.197363998
1560213458039,45.519,122.2,0.00433,0.373,0.197363998
1560213458085,45.565,122.2,0.00433,0.373,0.197363998
1560213458131,45.611,122.2,0.00433,0.373,0.197363998
1560213458193,45.673,122.3,0.00433,0.373,0.197525507
1560213458239,45.719,122.3,0.00433,0.373,0.197525507
1560213458286,45.766,122.3,0.00433,0.373,0.197525507
1560213458332,45.812,122.3,0.00433,0.373,0.197525507
1560213458393,45.873,122.3,0.00432,0.374,0.197597664
1560213458439,45.919,122.3,0.00432,0.374,0.197597664
1560213458485,45.965,122.3,0.00432,0.374,0.197597664
1560213458531,46.011,122.3,0.00432,0.374,0.197597664
1560213458593,46.073,122.3,0.00427,0.377,0.196877317
1560213458640,46.12,122.3,0.00427,0.377,0.196877317
1560213458686,46.166,122.3,0.00427,0.377,0.196877317
1560213458732,46.212,122.3,0.00427,0.377,0.196877317
1560213458793,46.273,122.3,0.00432,0.374,0.197597664
1560213458839,46.319,122.3,0.00432,0.374,0.197597664
1560213458885,46.365,122.3,0.00432,0.374,0.197597664
1560213458931,46.411,122.3,0.00432,0.374,0.197597664
1560213458994,46.474,122.3,0.00432,0.372,0.196540992
1560213459040,46.52,122.3,0.00432,0.372,0.196540992
1560213459086,46.566,122.3,0.00432,0.372,0.196540992
1560213459132,46.612,122.3,0.00432,0.372,0.196540992
1560213459193,46.673,122.3,0.00432,0.375,0.198126
1560213459239,46.719,122.3,0.00432,0.375,0.198126
1560213459285,46.765,122.3,0.00432,0.375,0.198126
1560213459331,46.811,122.3,0.00432,0.375,0.198126
1560213459394,46.874,122.3,0.00433,0.374,0.198055066
1560213459440,46.92,122.3,0.00433,0.374,0.198055066
1560213459486,46.966,122.3,0.00433,0.374,0.198055066
1560213459532,47.012,122.3,0.00433,0.374,0.198055066
1560213459593,47.073,122.3,0.00427,0.373,0.194788433
1560213459639,47.119,122.3,0.00427,0.373,0.194788433
1560213459685,47.165,122.3,0.00427,0.373,0.194788433
1560213459731,47.211,122.3,0.00427,0.373,0.194788433
1560213459793,47.273,122.3,0.00431,0.372,0.196086036
1560213459840,47.32,122.3,0.00431,0.372,0.196086036
1560213459887,47.367,122.3,0.00431,0.372,0.196086036
1560213459933,47.413,122.3,0.00431,0.372,0.196086036
1560213459993,47.473,122.2,0.00433,0.374,0.197893124
1560213460039,47.519,122.2,0.00433,0.374,0.197893124
1560213460085,47.565,122.2,0.00433,0.374,0.197893124
1560213460131,47.611,122.2,0.00433,0.374,0.197893124
1560213460194,47.674,122.3,0.00429,0.376,0.197274792
1560213460240,47.72,122.3,0.00429,0.376,0.197274792
1560213460286,47.766,122.3,0.00429,0.376,0.197274792
1560213460332,47.812,122.3,0.00429,0.376,0.197274792
1560213460393,47.873,122.3,0.00429,0.376,0.197274792
1560213460439,47.919,122.3,0.00429,0.376,0.197274792
1560213460485,47.965,122.3,0.00429,0.376,0.197274792
1560213460532,48.012,122.3,0.00429,0.376,0.197274792
1560213460593,48.073,122.3,0.00428,0.373,0.195244612
1560213460639,48.119,122.3,0.00428,0.373,0.195244612
1560213460685,48.165,122.3,0.00428,0.373,0.195244612
1560213460731,48.211,122.3,0.00428,0.373,0.195244612
1560213460793,48.273,122.2,0.00428,0.375,0.196131
1560213460840,48.32,122.2,0.00428,0.375,0.196131
1560213460886,48.366,122.2,0.00428,0.375,0.196131
1560213460932,48.412,122.2,0.00428,0.375,0.196131
1560213460993,48.473,122.2,0.00432,0.374,0.197436096
1560213461039,48.519,122.2,0.00432,0.374,0.197436096
1560213461085,48.565,122.2,0.00432,0.374,0.197436096
1560213461131,48.611,122.2,0.00432,0.374,0.197436096
1560213461194,48.674,122.3,0.0043,0.377,0.19826053
1560213461240,48.72,122.3,0.0043,0.377,0.19826053
1560213461286,48.766,122.3,0.0043,0.377,0.19826053
1560213461332,48.812,122.3,0.0043,0.377,0.19826053
1560213461393,48.873,122.3,0.00432,0.375,0.198126
1560213461439,48.919,122.3,0.00432,0.375,0.198126
1560213461485,48.965,122.3,0.00432,0.375,0.198126
1560213461532,49.012,122.3,0.00432,0.375,0.198126
1560213461593,49.073,122.3,0.00426,0.376,0.195895248
1560213461639,49.119,122.3,0.00426,0.376,0.195895248
1560213461685,49.165,122.3,0.00426,0.376,0.195895248
1560213461731,49.211,122.3,0.00426,0.376,0.195895248
1560213461793,49.273,122.2,0.0043,0.371,0.19494566
1560213461839,49.319,122.2,0.0043,0.371,0.19494566
1560213461886,49.366,122.2,0.0043,0.371,0.19494566
1560213461932,49.412,122.2,0.0043,0.371,0.19494566
1560213461993,49.473,122.2,0.00432,0.374,0.197436096
1560213462039,49.519,122.2,0.00432,0.374,0.197436096
1560213462085,49.565,122.2,0.00432,0.374,0.197436096
1560213462131,49.611,122.2,0.00432,0.374,0.197436096
1560213462193,49.673,122.3,0.00431,0.378,0.199248714
1560213462238,49.718,122.3,0.00431,0.378,0.199248714
1560213462285,49.765,122.3,0.00431,0.378,0.199248714
1560213462331,49.811,122.3,0.00431,0.378,0.199248714
1560213462393,49.873,122.3,0.00429,0.373,0.195700791
1560213462439,49.919,122.3,0.00429,0.373,0.195700791
1560213462485,49.965,122.3,0.00429,0.373,0.195700791
1560213462531,50.011,122.3,0.00429,0.373,0.195700791
1560213462593,50.073,122.3,0.00424,0.376,0.194975552
1560213462639,50.119,122.3,0.00424,0.376,0.194975552
1560213462685,50.165,122.3,0.00424,0.376,0.194975552
1560213462731,50.211,122.3,0.00424,0.376,0.194975552
1560213462793,50.273,122.3,0.00427,0.377,0.196877317
1560213462840,50.32,122.3,0.00427,0.377,0.196877317
1560213462886,50.366,122.3,0.00427,0.377,0.196877317
1560213462932,50.412,122.3,0.00427,0.377,0.196877317
1560213462993,50.473,122.3,0.00429,0.377,0.197799459
1560213463039,50.519,122.3,0.00429,0.377,0.197799459
1560213463085,50.565,122.3,0.00429,0.377,0.197799459
1560213463132,50.612,122.3,0.00429,0.377,0.197799459
1560213463193,50.673,122.3,0.00431,0.378,0.199248714
1560213463239,50.719,122.3,0.00431,0.378,0.199248714
1560213463286,50.766,122.3,0.00431,0.378,0.199248714
1560213463332,50.812,122.3,0.00431,0.378,0.199248714
1560213463393,50.873,122.3,0.00428,0.373,0.195244612
1560213463439,50.919,122.3,0.00428,0.373,0.195244612
1560213463485,50.965,122.3,0.00428,0.373,0.195244612
1560213463532,51.012,122.3,0.00428,0.373,0.195244612
1560213463592,51.072,122.3,0.00428,0.376,0.196814944
1560213463638,51.118,122.3,0.00428,0.376,0.196814944
1560213463685,51.165,122.3,0.00428,0.376,0.196814944
1560213463731,51.211,122.3,0.00428,0.376,0.196814944
1560213463793,51.273,122.3,0.00428,0.379,0.198385276
1560213463839,51.319,122.3,0.00428,0.379,0.198385276
1560213463885,51.365,122.3,0.00428,0.379,0.198385276
1560213463931,51.411,122.3,0.00428,0.379,0.198385276
1560213463992,51.473,122.3,0.00431,0.375,0.197667375
1560213464038,51.518,122.3,0.00431,0.375,0.197667375
1560213464084,51.564,122.3,0.00431,0.375,0.197667375
1560213464130,51.611,122.3,0.00431,0.375,0.197667375
1560213464193,51.673,122.3,0.00431,0.376,0.198194488
1560213464239,51.719,122.3,0.00431,0.376,0.198194488
1560213464285,51.765,122.3,0.00431,0.376,0.198194488
1560213464332,51.812,122.3,0.00431,0.376,0.198194488
1560213464393,51.873,122.3,0.00434,0.373,0.197981686
1560213464439,51.919,122.3,0.00434,0.373,0.197981686
1560213464485,51.965,122.3,0.00434,0.373,0.197981686
1560213464531,52.011,122.3,0.00434,0.373,0.197981686
1560213464593,52.073,122.3,0.00427,0.375,0.195832875
1560213464640,52.12,122.3,0.00427,0.375,0.195832875
1560213464686,52.166,122.3,0.00427,0.375,0.195832875
1560213464732,52.212,122.3,0.00427,0.375,0.195832875
1560213464793,52.273,122.3,0.00429,0.371,0.194651457
1560213464839,52.319,122.3,0.00429,0.371,0.194651457
1560213464886,52.366,122.3,0.00429,0.371,0.194651457
1560213464932,52.412,122.3,0.00429,0.371,0.194651457
1560213464993,52.473,122.2,0.0043,0.374,0.19652204
1560213465039,52.519,122.2,0.0043,0.374,0.19652204
1560213465084,52.564,122.2,0.0043,0.374,0.19652204
1560213465131,52.611,122.2,0.0043,0.374,0.19652204
1560213465193,52.673,122.2,0.00428,0.377,0.197177032
1560213465239,52.719,122.2,0.00428,0.377,0.197177032
1560213465285,52.765,122.2,0.00428,0.377,0.197177032
1560213465331,52.811,122.2,0.00428,0.377,0.197177032
1560213465393,52.873,122.3,0.00431,0.376,0.198194488
1560213465439,52.919,122.3,0.00431,0.376,0.198194488
1560213465486,52.966,122.3,0.00431,0.376,0.198194488
1560213465532,53.012,122.3,0.00431,0.376,0.198194488
1560213465594,53.074,122.3,0.00433,0.378,0.200173302
1560213465640,53.12,122.3,0.00433,0.378,0.200173302
1560213465686,53.166,122.3,0.00433,0.378,0.200173302
1560213465733,53.213,122.3,0.00433,0.378,0.200173302
1560213465793,53.273,122.3,0.0043,0.379,0.19931231
1560213465840,53.32,122.3,0.0043,0.379,0.19931231
1560213465887,53.367,122.3,0.0043,0.379,0.19931231
1560213465933,53.413,122.3,0.0043,0.379,0.19931231
1560213465993,53.473,122.2,0.00428,0.374,0.195607984
1560213466039,53.519,122.2,0.00428,0.374,0.195607984
1560213466085,53.565,122.2,0.00428,0.374,0.195607984
1560213466131,53.611,122.2,0.00428,0.374,0.195607984
1560213466192,53.672,122.2,0.00429,0.376,0.197113488
1560213466238,53.718,122.2,0.00429,0.376,0.197113488
1560213466284,53.764,122.2,0.00429,0.376,0.197113488
1560213466330,53.811,122.2,0.00429,0.376,0.197113488
1560213466393,53.873,122.2,0.00435,0.376,0.19987032
1560213466439,53.919,122.2,0.00435,0.376,0.19987032
1560213466485,53.965,122.2,0.00435,0.376,0.19987032
1560213466532,54.012,122.2,0.00435,0.376,0.19987032
1560213466593,54.073,122.2,0.0043,0.374,0.19652204
1560213466639,54.119,122.2,0.0043,0.374,0.19652204
1560213466685,54.165,122.2,0.0043,0.374,0.19652204
1560213466731,54.211,122.2,0.0043,0.374,0.19652204
1560213466793,54.273,122.2,0.0043,0.377,0.19809842
1560213466839,54.319,122.2,0.0043,0.377,0.19809842
1560213466885,54.365,122.2,0.0043,0.377,0.19809842
1560213466931,54.411,122.2,0.0043,0.377,0.19809842
1560213466992,54.472,122.2,0.00429,0.376,0.197113488
1560213467037,54.517,122.2,0.00429,0.376,0.197113488
1560213467083,54.563,122.2,0.00429,0.376,0.197113488
1560213467129,54.609,122.2,0.00429,0.376,0.197113488
1560213467193,54.673,122.2,0.00431,0.376,0.198032432
1560213467239,54.719,122.2,0.00431,0.376,0.198032432
1560213467285,54.765,122.2,0.00431,0.376,0.198032432
1560213467331,54.811,122.2,0.00431,0.376,0.198032432
1560213467392,54.872,122.2,0.00435,0.375,0.19933875
1560213467438,54.918,122.2,0.00435,0.375,0.19933875
1560213467485,54.965,122.2,0.00435,0.375,0.19933875
1560213467532,55.012,122.2,0.00435,0.375,0.19933875
1560213467593,55.073,122.3,0.00428,0.373,0.195244612
1560213467639,55.119,122.3,0.00428,0.373,0.195244612
1560213467685,55.165,122.3,0.00428,0.373,0.195244612
1560213467731,55.211,122.3,0.00428,0.373,0.195244612
1560213467793,55.273,122.2,0.00427,0.373,0.194629162
1560213467839,55.319,122.2,0.00427,0.373,0.194629162
1560213467885,55.365,122.2,0.00427,0.373,0.194629162
1560213467931,55.411,122.2,0.00427,0.373,0.194629162
1560213467992,55.472,122.2,0.00427,0.377,0.196716338
1560213468039,55.519,122.2,0.00427,0.377,0.196716338
1560213468085,55.565,122.2,0.00427,0.377,0.196716338
1560213468131,55.611,122.2,0.00427,0.377,0.196716338
1560213468192,55.672,122.2,0.00432,0.375,0.197964
1560213468238,55.718,122.2,0.00432,0.375,0.197964
1560213468285,55.765,122.2,0.00432,0.375,0.197964
1560213468331,55.811,122.2,0.00432,0.375,0.197964
1560213468392,55.872,122.2,0.00435,0.373,0.19827561
1560213468438,55.918,122.2,0.00435,0.373,0.19827561
1560213468484,55.964,122.2,0.00435,0.373,0.19827561
1560213468530,56.01,122.2,0.00435,0.373,0.19827561
1560213468592,56.072,122.3,0.00432,0.375,0.198126
1560213468638,56.118,122.3,0.00432,0.375,0.198126
1560213468684,56.164,122.3,0.00432,0.375,0.198126
1560213468730,56.21,122.3,0.00432,0.375,0.198126
1560213468792,56.272,122.2,0.00431,0.371,0.195399022
1560213468839,56.319,122.2,0.00431,0.371,0.195399022
1560213468885,56.365,122.2,0.00431,0.371,0.195399022
1560213468931,56.411,122.2,0.00431,0.371,0.195399022
1560213468992,56.472,122.2,0.00433,0.37,0.19577662
1560213469038,56.518,122.2,0.00433,0.37,0.19577662
1560213469084,56.564,122.2,0.00433,0.37,0.19577662
1560213469130,56.61,122.2,0.00433,0.37,0.19577662
1560213469192,56.672,122.2,0.00438,0.374,0.200178264
1560213469238,56.718,122.2,0.00438,0.374,0.200178264
1560213469284,56.764,122.2,0.00438,0.374,0.200178264
1560213469330,56.811,122.2,0.00438,0.374,0.200178264
1560213469393,56.873,122.3,0.00432,0.374,0.197597664
1560213469439,56.919,122.3,0.00432,0.374,0.197597664
1560213469485,56.965,122.3,0.00432,0.374,0.197597664
1560213469531,57.011,122.3,0.00432,0.374,0.197597664
1560213469592,57.072,122.3,0.00435,0.371,0.197373855
1560213469639,57.119,122.3,0.00435,0.371,0.197373855
1560213469685,57.165,122.3,0.00435,0.371,0.197373855
1560213469731,57.211,122.3,0.00435,0.371,0.197373855
1560213469792,57.272,122.3,0.0043,0.374,0.19668286
1560213469838,57.318,122.3,0.0043,0.374,0.19668286
1560213469884,57.364,122.3,0.0043,0.374,0.19668286
1560213469930,57.411,122.3,0.0043,0.374,0.19668286
1560213469993,57.473,122.3,0.00435,0.373,0.198437865
1560213470039,57.519,122.3,0.00435,0.373,0.198437865
1560213470085,57.565,122.3,0.00435,0.373,0.198437865
1560213470131,57.611,122.3,0.00435,0.373,0.198437865
1560213470192,57.672,122.3,0.00435,0.369,0.196309845
1560213470238,57.718,122.3,0.00435,0.369,0.196309845
1560213470284,57.764,122.3,0.00435,0.369,0.196309845
1560213470330,57.81,122.3,0.00435,0.369,0.196309845
1560213470393,57.873,122.3,0.00432,0.373,0.197069328
1560213470439,57.919,122.3,0.00432,0.373,0.197069328
1560213470485,57.965,122.3,0.00432,0.373,0.197069328
1560213470531,58.011,122.3,0.00432,0.373,0.197069328
1560213470592,58.072,122.3,0.00431,0.371,0.195558923
1560213470638,58.118,122.3,0.00431,0.371,0.195558923
1560213470684,58.164,122.3,0.00431,0.371,0.195558923
1560213470731,58.211,122.3,0.00431,0.371,0.195558923
1560213470792,58.272,122.2,0.00434,0.372,0.197289456
1560213470838,58.318,122.2,0.00434,0.372,0.197289456
1560213470884,58.364,122.2,0.00434,0.372,0.197289456
1560213470930,58.41,122.2,0.00434,0.372,0.197289456
1560213470992,58.472,122.2,0.00437,0.369,0.197051166
1560213471038,58.518,122.2,0.00437,0.369,0.197051166
1560213471084,58.564,122.2,0.00437,0.369,0.197051166
1560213471131,58.611,122.2,0.00437,0.369,0.197051166
1560213471192,58.672,122.2,0.00437,0.368,0.196517152
1560213471238,58.718,122.2,0.00437,0.368,0.196517152
1560213471284,58.764,122.2,0.00437,0.368,0.196517152
1560213471330,58.81,122.2,0.00437,0.368,0.196517152
1560213471392,58.872,122.2,0.00433,0.372,0.196834872
1560213471451,58.931,122.2,0.00433,0.372,0.196834872
1560213471498,58.978,122.2,0.00433,0.372,0.196834872
1560213471544,59.024,122.2,0.00433,0.372,0.196834872
1560213471592,59.072,122.2,0.00428,0.375,0.196131
1560213471638,59.118,122.2,0.00428,0.375,0.196131
1560213471684,59.164,122.2,0.00428,0.375,0.196131
1560213471730,59.21,122.2,0.00428,0.375,0.196131
1560213471793,59.273,122.2,0.00431,0.375,0.19750575
1560213471839,59.319,122.2,0.00431,0.375,0.19750575
1560213471885,59.365,122.2,0.00431,0.375,0.19750575
1560213471931,59.411,122.2,0.00431,0.375,0.19750575
1560213471992,59.472,122.2,0.00432,0.372,0.196380288
1560213472039,59.519,122.2,0.00432,0.372,0.196380288
1560213472085,59.565,122.2,0.00432,0.372,0.196380288
1560213472130,59.61,122.2,0.00432,0.372,0.196380288
1560213472192,59.672,122.2,0.00435,0.373,0.19827561
1560213472238,59.718,122.2,0.00435,0.373,0.19827561
1560213472283,59.763,122.2,0.00435,0.373,0.19827561
1560213472329,59.809,122.2,0.00435,0.373,0.19827561
1560213472392,59.872,122.2,0.00437,0.374,0.199721236
1560213472438,59.918,122.2,0.00437,0.374,0.199721236
1560213472484,59.964,122.2,0.00437,0.374,0.199721236
1560213472530,60.01,122.2,0.00437,0.374,0.199721236
1560213472591,60.071,122.3,0.00432,0.373,0.197069328
1560213472638,60.118,122.3,0.00432,0.373,0.197069328
1560213472684,60.164,122.3,0.00432,0.373,0.197069328
1560213472730,60.21,122.3,0.00432,0.373,0.197069328
1560213472793,60.273,122.2,0.00431,0.371,0.195399022
1560213472839,60.319,122.2,0.00431,0.371,0.195399022
1560213472885,60.365,122.2,0.00431,0.371,0.195399022
1560213472931,60.411,122.2,0.00431,0.371,0.195399022
1560213472992,60.472,122.2,0.00436,0.37,0.19713304
1560213473038,60.518,122.2,0.00436,0.37,0.19713304
1560213473084,60.564,122.2,0.00436,0.37,0.19713304
1560213473130,60.61,122.2,0.00436,0.37,0.19713304
1560213473192,60.672,122.2,0.00434,0.373,0.197819804
1560213473239,60.719,122.2,0.00434,0.373,0.197819804
1560213473285,60.765,122.2,0.00434,0.373,0.197819804
1560213473331,60.811,122.2,0.00434,0.373,0.197819804
1560213473392,60.872,122.3,0.0043,0.376,0.19773464
1560213473438,60.918,122.3,0.0043,0.376,0.19773464
1560213473485,60.965,122.3,0.0043,0.376,0.19773464
1560213473531,61.011,122.3,0.0043,0.376,0.19773464
1560213473592,61.072,122.3,0.00434,0.374,0.198512468
1560213473638,61.118,122.3,0.00434,0.374,0.198512468
1560213473684,61.164,122.3,0.00434,0.374,0.198512468
1560213473730,61.21,122.3,0.00434,0.374,0.198512468
1560213473792,61.272,122.3,0.00429,0.376,0.197274792
1560213473838,61.318,122.3,0.00429,0.376,0.197274792
1560213473884,61.364,122.3,0.00429,0.376,0.197274792
1560213473931,61.411,122.3,0.00429,0.376,0.197274792
1560213473991,61.471,122.2,0.00431,0.373,0.196452386
1560213474037,61.517,122.2,0.00431,0.373,0.196452386
1560213474084,61.564,122.2,0.00431,0.373,0.196452386
1560213474129,61.609,122.2,0.00431,0.373,0.196452386
1560213474192,61.672,122.3,0.00431,0.374,0.197140262
1560213474238,61.718,122.3,0.00431,0.374,0.197140262
1560213474284,61.764,122.3,0.00431,0.374,0.197140262
1560213474331,61.811,122.3,0.00431,0.374,0.197140262
1560213474392,61.872,122.3,0.00434,0.371,0.196920122
1560213474438,61.918,122.3,0.00434,0.371,0.196920122
1560213474484,61.964,122.3,0.00434,0.371,0.196920122
1560213474531,62.011,122.3,0.00434,0.371,0.196920122
1560213474592,62.072,122.3,0.00435,0.372,0.19790586
1560213474638,62.118,122.3,0.00435,0.372,0.19790586
1560213474684,62.164,122.3,0.00435,0.372,0.19790586
1560213474730,62.21,122.3,0.00435,0.372,0.19790586
1560213474791,62.272,122.3,0.00433,0.369,0.195407271
1560213474838,62.318,122.3,0.00433,0.369,0.195407271
1560213474884,62.364,122.3,0.00433,0.369,0.195407271
1560213474930,62.41,122.3,0.00433,0.369,0.195407271
1560213474992,62.472,122.2,0.00433,0.371,0.196305746
1560213475038,62.518,122.2,0.00433,0.371,0.196305746
1560213475084,62.564,122.2,0.00433,0.371,0.196305746
1560213475131,62.611,122.2,0.00433,0.371,0.196305746
1560213475191,62.672,122.2,0.00432,0.373,0.196908192
1560213475238,62.718,122.2,0.00432,0.373,0.196908192
1560213475284,62.764,122.2,0.00432,0.373,0.196908192
1560213475331,62.811,122.2,0.00432,0.373,0.196908192
1560213475391,62.871,122.2,0.00427,0.378,0.197238132
1560213475437,62.917,122.2,0.00427,0.378,0.197238132
1560213475483,62.963,122.2,0.00427,0.378,0.197238132
1560213475530,63.01,122.2,0.00427,0.378,0.197238132
1560213475592,63.072,122.2,0.00427,0.374,0.195150956
1560213475638,63.118,122.2,0.00427,0.374,0.195150956
1560213475684,63.164,122.2,0.00427,0.374,0.195150956
1560213475730,63.21,122.2,0.00427,0.374,0.195150956
1560213475791,63.271,122.2,0.00425,0.377,0.19579495
1560213475837,63.317,122.2,0.00425,0.377,0.19579495
1560213475884,63.364,122.2,0.00425,0.377,0.19579495
1560213475930,63.41,122.2,0.00425,0.377,0.19579495
1560213475991,63.471,122.2,0.00429,0.376,0.197113488
1560213476037,63.517,122.2,0.00429,0.376,0.197113488
1560213476084,63.564,122.2,0.00429,0.376,0.197113488
1560213476130,63.61,122.2,0.00429,0.376,0.197113488
1560213476191,63.671,122.2,0.00429,0.378,0.198161964
1560213476237,63.717,122.2,0.00429,0.378,0.198161964
1560213476283,63.763,122.2,0.00429,0.378,0.198161964
1560213476329,63.809,122.2,0.00429,0.378,0.198161964
1560213476392,63.872,122.2,0.00428,0.376,0.196654016
1560213476438,63.918,122.2,0.00428,0.376,0.196654016
1560213476484,63.964,122.2,0.00428,0.376,0.196654016
1560213476530,64.01,122.2,0.00428,0.376,0.196654016
1560213476591,64.071,122.2,0.00435,0.375,0.19933875
1560213476637,64.117,122.2,0.00435,0.375,0.19933875
1560213476683,64.163,122.2,0.00435,0.375,0.19933875
1560213476729,64.209,122.2,0.00435,0.375,0.19933875
1560213476791,64.271,122.2,0.00432,0.372,0.196380288
1560213476837,64.318,122.2,0.00432,0.372,0.196380288
1560213476884,64.364,122.2,0.00432,0.372,0.196380288
1560213476930,64.41,122.2,0.00432,0.372,0.196380288
1560213476991,64.471,122.2,0.00436,0.368,0.196067456
1560213477037,64.517,122.2,0.00436,0.368,0.196067456
1560213477083,64.563,122.2,0.00436,0.368,0.196067456
1560213477129,64.61,122.2,0.00436,0.368,0.196067456
1560213477192,64.672,122.2,0.00433,0.37,0.19577662
1560213477238,64.718,122.2,0.00433,0.37,0.19577662
1560213477284,64.765,122.2,0.00433,0.37,0.19577662
1560213477331,64.811,122.2,0.00433,0.37,0.19577662
1560213477392,64.872,122.3,0.00431,0.376,0.198194488
1560213477438,64.918,122.3,0.00431,0.376,0.198194488
1560213477484,64.964,122.3,0.00431,0.376,0.198194488
1560213477530,65.01,122.3,0.00431,0.376,0.198194488
1560213477591,65.071,122.3,0.00432,0.378,0.199711008
1560213477638,65.118,122.3,0.00432,0.378,0.199711008
1560213477684,65.164,122.3,0.00432,0.378,0.199711008
1560213477730,65.21,122.3,0.00432,0.378,0.199711008
1560213477792,65.272,122.3,0.00425,0.378,0.19647495
1560213477838,65.318,122.3,0.00425,0.378,0.19647495
1560213477884,65.364,122.3,0.00425,0.378,0.19647495
1560213477930,65.41,122.3,0.00425,0.378,0.19647495
1560213477992,65.472,122.2,0.00428,0.374,0.195607984
1560213478038,65.518,122.2,0.00428,0.374,0.195607984
1560213478084,65.564,122.2,0.00428,0.374,0.195607984
1560213478130,65.61,122.2,0.00428,0.374,0.195607984
1560213478192,65.672,122.2,0.00432,0.372,0.196380288
1560213478238,65.718,122.2,0.00432,0.372,0.196380288
1560213478283,65.764,122.2,0.00432,0.372,0.196380288
1560213478329,65.809,122.2,0.00432,0.372,0.196380288
1560213478392,65.872,122.3,0.00433,0.376,0.199114184
1560213478438,65.918,122.3,0.00433,0.376,0.199114184
1560213478484,65.964,122.3,0.00433,0.376,0.199114184
1560213478530,66.01,122.3,0.00433,0.376,0.199114184
1560213478591,66.071,122.3,0.0043,0.374,0.19668286
1560213478637,66.117,122.3,0.0043,0.374,0.19668286
1560213478683,66.163,122.3,0.0043,0.374,0.19668286
1560213478729,66.209,122.3,0.0043,0.374,0.19668286
1560213478792,66.272,122.3,0.0043,0.374,0.19668286
1560213478837,66.317,122.3,0.0043,0.374,0.19668286
1560213478884,66.364,122.3,0.0043,0.374,0.19668286
1560213478930,66.41,122.3,0.0043,0.374,0.19668286
1560213478992,66.472,122.2,0.00429,0.375,0.19658925
1560213479038,66.518,122.2,0.00429,0.375,0.19658925
1560213479084,66.564,122.2,0.00429,0.375,0.19658925
1560213479130,66.61,122.2,0.00429,0.375,0.19658925
1560213479192,66.672,122.2,0.0043,0.372,0.19547112
1560213479238,66.718,122.2,0.0043,0.372,0.19547112
1560213479283,66.764,122.2,0.0043,0.372,0.19547112
1560213479330,66.81,122.2,0.0043,0.372,0.19547112
1560213479391,66.871,122.2,0.00432,0.372,0.196380288
1560213479437,66.917,122.2,0.00432,0.372,0.196380288
1560213479482,66.962,122.2,0.00432,0.372,0.196380288
1560213479528,67.008,122.2,0.00432,0.372,0.196380288
1560213479592,67.072,122.2,0.00432,0.374,0.197436096
1560213479638,67.118,122.2,0.00432,0.374,0.197436096
1560213479684,67.164,122.2,0.00432,0.374,0.197436096
1560213479730,67.21,122.2,0.00432,0.374,0.197436096
1560213479791,67.271,122.3,0.00428,0.376,0.196814944
1560213479837,67.317,122.3,0.00428,0.376,0.196814944
1560213479883,67.363,122.3,0.00428,0.376,0.196814944
1560213479929,67.409,122.3,0.00428,0.376,0.196814944
1560213479992,67.472,122.2,0.0043,0.375,0.1970475
1560213480038,67.518,122.2,0.0043,0.375,0.1970475
1560213480084,67.564,122.2,0.0043,0.375,0.1970475
1560213480130,67.61,122.2,0.0043,0.375,0.1970475
1560213480191,67.671,122.2,0.00429,0.376,0.197113488
1560213480237,67.717,122.2,0.00429,0.376,0.197113488
1560213480283,67.763,122.2,0.00429,0.376,0.197113488
1560213480329,67.809,122.2,0.00429,0.376,0.197113488
1560213480392,67.872,122.2,0.00429,0.377,0.197637726
1560213480438,67.918,122.2,0.00429,0.377,0.197637726
1560213480484,67.964,122.2,0.00429,0.377,0.197637726
1560213480530,68.01,122.2,0.00429,0.377,0.197637726
1560213480591,68.071,122.3,0.00432,0.376,0.198654336
1560213480637,68.117,122.3,0.00432,0.376,0.198654336
1560213480684,68.164,122.3,0.00432,0.376,0.198654336
1560213480730,68.21,122.3,0.00432,0.376,0.198654336
1560213480791,68.271,122.3,0.00433,0.373,0.197525507
1560213480837,68.317,122.3,0.00433,0.373,0.197525507
1560213480883,68.363,122.3,0.00433,0.373,0.197525507
1560213480929,68.409,122.3,0.00433,0.373,0.197525507
1560213480992,68.472,122.2,0.00427,0.374,0.195150956
1560213481037,68.518,122.2,0.00427,0.374,0.195150956
1560213481083,68.563,122.2,0.00427,0.374,0.195150956
1560213481130,68.61,122.2,0.00427,0.374,0.195150956
1560213481191,68.671,122.3,0.00431,0.372,0.196086036
1560213481236,68.717,122.3,0.00431,0.372,0.196086036
1560213481283,68.763,122.3,0.00431,0.372,0.196086036
1560213481329,68.809,122.3,0.00431,0.372,0.196086036
1560213481391,68.872,122.3,0.00429,0.377,0.197799459
1560213481438,68.918,122.3,0.00429,0.377,0.197799459
1560213481484,68.964,122.3,0.00429,0.377,0.197799459
1560213481530,69.01,122.3,0.00429,0.377,0.197799459
1560213481591,69.071,122.3,0.00431,0.377,0.198721601
1560213481637,69.117,122.3,0.00431,0.377,0.198721601
1560213481683,69.164,122.3,0.00431,0.377,0.198721601
1560213481730,69.21,122.3,0.00431,0.377,0.198721601
1560213481791,69.271,122.3,0.00429,0.375,0.196750125
1560213481837,69.317,122.3,0.00429,0.375,0.196750125
1560213481889,69.369,122.3,0.00429,0.375,0.196750125
1560213481936,69.416,122.3,0.00429,0.375,0.196750125
1560213481991,69.471,122.3,0.00429,0.375,0.196750125
1560213482037,69.517,122.3,0.00429,0.375,0.196750125
1560213482083,69.563,122.3,0.00429,0.375,0.196750125
1560213482129,69.609,122.3,0.00429,0.375,0.196750125
1560213482191,69.672,122.3,0.00431,0.373,0.196613149
1560213482238,69.718,122.3,0.00431,0.373,0.196613149
1560213482284,69.764,122.3,0.00431,0.373,0.196613149
1560213482330,69.81,122.3,0.00431,0.373,0.196613149
1560213482391,69.872,122.3,0.0043,0.373,0.19615697
1560213482438,69.918,122.3,0.0043,0.373,0.19615697
1560213482484,69.964,122.3,0.0043,0.373,0.19615697
1560213482530,70.01,122.3,0.0043,0.373,0.19615697
1560213482591,70.071,122.3,0.00434,0.372,0.197450904
1560213482637,70.117,122.3,0.00434,0.372,0.197450904
1560213482683,70.163,122.3,0.00434,0.372,0.197450904
1560213482729,70.21,122.3,0.00434,0.372,0.197450904
1560213482791,70.271,122.3,0.00429,0.375,0.196750125
1560213482837,70.317,122.3,0.00429,0.375,0.196750125
1560213482883,70.363,122.3,0.00429,0.375,0.196750125
1560213482929,70.409,122.3,0.00429,0.375,0.196750125
1560213482990,70.47,122.2,0.0043,0.374,0.19652204
1560213483036,70.516,122.2,0.0043,0.374,0.19652204
1560213483082,70.562,122.2,0.0043,0.374,0.19652204
1560213483129,70.609,122.2,0.0043,0.374,0.19652204
1560213483191,70.671,122.2,0.00434,0.372,0.197289456
1560213483236,70.716,122.2,0.00434,0.372,0.197289456
1560213483282,70.762,122.2,0.00434,0.372,0.197289456
1560213483328,70.808,122.2,0.00434,0.372,0.197289456
1560213483391,70.871,122.2,0.0043,0.375,0.1970475
1560213483437,70.917,122.2,0.0043,0.375,0.1970475
1560213483482,70.963,122.2,0.0043,0.375,0.1970475
1560213483529,71.009,122.2,0.0043,0.375,0.1970475
1560213483591,71.071,122.3,0.00431,0.374,0.197140262
1560213483637,71.117,122.3,0.00431,0.374,0.197140262
1560213483683,71.163,122.3,0.00431,0.374,0.197140262
1560213483729,71.209,122.3,0.00431,0.374,0.197140262
1560213483790,71.271,122.3,0.00429,0.374,0.196225458
1560213483836,71.316,122.3,0.00429,0.374,0.196225458
1560213483883,71.363,122.3,0.00429,0.374,0.196225458
1560213483929,71.409,122.3,0.00429,0.374,0.196225458
1560213483991,71.471,122.3,0.00429,0.377,0.197799459
1560213484037,71.517,122.3,0.00429,0.377,0.197799459
1560213484083,71.563,122.3,0.00429,0.377,0.197799459
1560213484129,71.609,122.3,0.00429,0.377,0.197799459
1560213484191,71.671,122.2,0.00433,0.373,0.197363998
1560213484236,71.716,122.2,0.00433,0.373,0.197363998
1560213484283,71.763,122.2,0.00433,0.373,0.197363998
1560213484329,71.809,122.2,0.00433,0.373,0.197363998
1560213484391,71.871,122.3,0.00432,0.374,0.197597664
1560213484437,71.917,122.3,0.00432,0.374,0.197597664
1560213484484,71.964,122.3,0.00432,0.374,0.197597664
1560213484530,72.01,122.3,0.00432,0.374,0.197597664
1560213484591,72.071,122.3,0.00428,0.374,0.195768056
1560213484637,72.117,122.3,0.00428,0.374,0.195768056
1560213484684,72.164,122.3,0.00428,0.374,0.195768056
1560213484730,72.21,122.3,0.00428,0.374,0.195768056
1560213484791,72.271,122.3,0.00427,0.376,0.196355096
1560213484837,72.317,122.3,0.00427,0.376,0.196355096
1560213484883,72.363,122.3,0.00427,0.376,0.196355096
1560213484929,72.409,122.3,0.00427,0.376,0.196355096
1560213484991,72.471,122.3,0.00429,0.372,0.195176124
1560213485037,72.517,122.3,0.00429,0.372,0.195176124
1560213485083,72.563,122.3,0.00429,0.372,0.195176124
1560213485129,72.609,122.3,0.00429,0.372,0.195176124
1560213485191,72.671,122.3,0.00429,0.373,0.195700791
1560213485237,72.717,122.3,0.00429,0.373,0.195700791
1560213485283,72.763,122.3,0.00429,0.373,0.195700791
1560213485329,72.809,122.3,0.00429,0.373,0.195700791
1560213485391,72.871,122.3,0.00433,0.376,0.199114184
1560213485437,72.917,122.3,0.00433,0.376,0.199114184
1560213485483,72.963,122.3,0.00433,0.376,0.199114184
1560213485529,73.009,122.3,0.00433,0.376,0.199114184
1560213485591,73.071,122.3,0.00431,0.376,0.198194488
1560213485637,73.117,122.3,0.00431,0.376,0.198194488
1560213485683,73.164,122.3,0.00431,0.376,0.198194488
1560213485730,73.21,122.3,0.00431,0.376,0.198194488
1560213485791,73.271,122.3,0.0043,0.375,0.19720875
1560213485837,73.317,122.3,0.0043,0.375,0.19720875
1560213485883,73.363,122.3,0.0043,0.375,0.19720875
1560213485930,73.41,122.3,0.0043,0.375,0.19720875
1560213485991,73.471,122.3,0.00429,0.375,0.196750125
1560213486037,73.517,122.3,0.00429,0.375,0.196750125
1560213486083,73.563,122.3,0.00429,0.375,0.196750125
1560213486129,73.609,122.3,0.00429,0.375,0.196750125
1560213486190,73.67,122.2,0.00429,0.373,0.195540774
1560213486236,73.716,122.2,0.00429,0.373,0.195540774
1560213486282,73.762,122.2,0.00429,0.373,0.195540774
1560213486328,73.808,122.2,0.00429,0.373,0.195540774
1560213486391,73.871,122.3,0.00433,0.374,0.198055066
1560213486437,73.917,122.3,0.00433,0.374,0.198055066
1560213486483,73.963,122.3,0.00433,0.374,0.198055066
1560213486529,74.009,122.3,0.00433,0.374,0.198055066
1560213486591,74.071,122.3,0.00433,0.374,0.198055066
1560213486637,74.117,122.3,0.00433,0.374,0.198055066
1560213486683,74.163,122.3,0.00433,0.374,0.198055066
1560213486729,74.209,122.3,0.00433,0.374,0.198055066
1560213486790,74.27,122.3,0.00432,0.373,0.197069328
1560213486836,74.316,122.3,0.00432,0.373,0.197069328
1560213486882,74.362,122.3,0.00432,0.373,0.197069328
1560213486929,74.409,122.3,0.00432,0.373,0.197069328
1560213486991,74.471,122.3,0.00432,0.374,0.197597664
1560213487037,74.517,122.3,0.00432,0.374,0.197597664
1560213487082,74.562,122.3,0.00432,0.374,0.197597664
1560213487128,74.608,122.3,0.00432,0.374,0.197597664
1560213487191,74.671,122.2,0.00433,0.373,0.197363998
1560213487237,74.717,122.2,0.00433,0.373,0.197363998
1560213487283,74.763,122.2,0.00433,0.373,0.197363998
1560213487329,74.809,122.2,0.00433,0.373,0.197363998
1560213487390,74.87,122.3,0.00432,0.375,0.198126
1560213487436,74.916,122.3,0.00432,0.375,0.198126
1560213487482,74.962,122.3,0.00432,0.375,0.198126
1560213487528,75.008,122.3,0.00432,0.375,0.198126
1560213487591,75.071,122.3,0.00432,0.375,0.198126
1560213487636,75.117,122.3,0.00432,0.375,0.198126
1560213487683,75.163,122.3,0.00432,0.375,0.198126
1560213487729,75.209,122.3,0.00432,0.375,0.198126
1560213487790,75.27,122.3,0.00431,0.374,0.197140262
1560213487836,75.316,122.3,0.00431,0.374,0.197140262
1560213487882,75.362,122.3,0.00431,0.374,0.197140262
1560213487928,75.408,122.3,0.00431,0.374,0.197140262
1560213487991,75.471,122.3,0.00432,0.372,0.196540992
1560213488036,75.517,122.3,0.00432,0.372,0.196540992
1560213488083,75.563,122.3,0.00432,0.372,0.196540992
1560213488129,75.609,122.3,0.00432,0.372,0.196540992
1560213488190,75.67,122.3,0.00432,0.372,0.196540992
1560213488236,75.716,122.3,0.00432,0.372,0.196540992
1560213488282,75.762,122.3,0.00432,0.372,0.196540992
1560213488328,75.808,122.3,0.00432,0.372,0.196540992
1560213488390,75.87,122.3,0.00433,0.375,0.198584625
1560213488436,75.916,122.3,0.00433,0.375,0.198584625
1560213488482,75.963,122.3,0.00433,0.375,0.198584625
1560213488529,76.009,122.3,0.00433,0.375,0.198584625
1560213488590,76.07,122.3,0.0043,0.377,0.19826053
1560213488636,76.116,122.3,0.0043,0.377,0.19826053
1560213488682,76.162,122.3,0.0043,0.377,0.19826053
1560213488728,76.208,122.3,0.0043,0.377,0.19826053
1560213488790,76.27,122.3,0.00431,0.372,0.196086036
1560213488837,76.317,122.3,0.00431,0.372,0.196086036
1560213488883,76.363,122.3,0.00431,0.372,0.196086036
1560213488929,76.409,122.3,0.00431,0.372,0.196086036
1560213488990,76.47,122.3,0.00429,0.374,0.196225458
1560213489036,76.516,122.3,0.00429,0.374,0.196225458
1560213489082,76.562,122.3,0.00429,0.374,0.196225458
1560213489128,76.608,122.3,0.00429,0.374,0.196225458
1560213489191,76.671,122.2,0.00431,0.373,0.196452386
1560213489237,76.717,122.2,0.00431,0.373,0.196452386
1560213489283,76.763,122.2,0.00431,0.373,0.196452386
1560213489329,76.809,122.2,0.00431,0.373,0.196452386
1560213489390,76.87,122.3,0.00431,0.376,0.198194488
1560213489436,76.916,122.3,0.00431,0.376,0.198194488
1560213489482,76.962,122.3,0.00431,0.376,0.198194488
1560213489528,77.008,122.3,0.00431,0.376,0.198194488
1560213489590,77.07,122.3,0.00428,0.377,0.197338388
1560213489637,77.117,122.3,0.00428,0.377,0.197338388
1560213489683,77.163,122.3,0.00428,0.377,0.197338388
1560213489729,77.209,122.3,0.00428,0.377,0.197338388
1560213489790,77.27,122.3,0.00428,0.378,0.197861832
1560213489836,77.316,122.3,0.00428,0.378,0.197861832
1560213489882,77.362,122.3,0.00428,0.378,0.197861832
1560213489929,77.409,122.3,0.00428,0.378,0.197861832
1560213489990,77.47,122.3,0.00429,0.376,0.197274792
1560213490036,77.516,122.3,0.00429,0.376,0.197274792
1560213490081,77.561,122.3,0.00429,0.376,0.197274792
1560213490128,77.608,122.3,0.00429,0.376,0.197274792
1560213490190,77.67,122.3,0.00426,0.376,0.195895248
1560213490236,77.716,122.3,0.00426,0.376,0.195895248
1560213490282,77.762,122.3,0.00426,0.376,0.195895248
1560213490328,77.808,122.3,0.00426,0.376,0.195895248
1560213490390,77.87,122.3,0.00429,0.378,0.198324126
1560213490436,77.916,122.3,0.00429,0.378,0.198324126
1560213490482,77.962,122.3,0.00429,0.378,0.198324126
1560213490528,78.008,122.3,0.00429,0.378,0.198324126
1560213490590,78.07,122.3,0.00429,0.378,0.198324126
1560213490636,78.116,122.3,0.00429,0.378,0.198324126
1560213490683,78.163,122.3,0.00429,0.378,0.198324126
1560213490729,78.209,122.3,0.00429,0.378,0.198324126
1560213490790,78.27,122.3,0.0043,0.375,0.19720875
1560213490836,78.316,122.3,0.0043,0.375,0.19720875
1560213490882,78.362,122.3,0.0043,0.375,0.19720875
1560213490929,78.409,122.3,0.0043,0.375,0.19720875
1560213490990,78.47,122.3,0.00427,0.374,0.195310654
1560213491036,78.516,122.3,0.00427,0.374,0.195310654
1560213491081,78.561,122.3,0.00427,0.374,0.195310654
1560213491127,78.607,122.3,0.00427,0.374,0.195310654
1560213491190,78.67,122.3,0.00428,0.376,0.196814944
1560213491236,78.716,122.3,0.00428,0.376,0.196814944
1560213491281,78.761,122.3,0.00428,0.376,0.196814944
1560213491327,78.807,122.3,0.00428,0.376,0.196814944
1560213491390,78.87,122.3,0.00431,0.376,0.198194488
1560213491436,78.916,122.3,0.00431,0.376,0.198194488
1560213491482,78.962,122.3,0.00431,0.376,0.198194488
1560213491528,79.008,122.3,0.00431,0.376,0.198194488
1560213491590,79.071,122.3,0.00428,0.381,0.199432164
1560213491637,79.117,122.3,0.00428,0.381,0.199432164
1560213491683,79.163,122.3,0.00428,0.381,0.199432164
1560213491729,79.209,122.3,0.00428,0.381,0.199432164
1560213491790,79.27,122.3,0.0043,0.375,0.19720875
1560213491836,79.316,122.3,0.0043,0.375,0.19720875
1560213491883,79.363,122.3,0.0043,0.375,0.19720875
1560213491929,79.409,122.3,0.0043,0.375,0.19720875
1560213491990,79.47,122.3,0.00426,0.374,0.194853252
1560213492036,79.516,122.3,0.00426,0.374,0.194853252
1560213492082,79.562,122.3,0.00426,0.374,0.194853252
1560213492128,79.608,122.3,0.00426,0.374,0.194853252
1560213492190,79.67,122.3,0.00431,0.374,0.197140262
1560213492236,79.716,122.3,0.00431,0.374,0.197140262
1560213492282,79.762,122.3,0.00431,0.374,0.197140262
1560213492329,79.809,122.3,0.00431,0.374,0.197140262
1560213492396,79.877,122.3,0.00434,0.374,0.198512468
1560213492443,79.923,122.3,0.00434,0.374,0.198512468
1560213492490,79.97,122.3,0.00434,0.374,0.198512468
1560213492536,80.016,122.3,0.00434,0.374,0.198512468
1560213492591,80.071,122.3,0.00428,0.375,0.1962915
1560213492636,80.116,122.3,0.00428,0.375,0.1962915
1560213492682,80.162,122.3,0.00428,0.375,0.1962915
1560213492729,80.209,122.3,0.00428,0.375,0.1962915
1560213492790,80.27,122.3,0.0043,0.376,0.19773464
1560213492836,80.316,122.3,0.0043,0.376,0.19773464
1560213492882,80.362,122.3,0.0043,0.376,0.19773464
1560213492928,80.408,122.3,0.0043,0.376,0.19773464
1560213492989,80.469,122.3,0.0043,0.374,0.19668286
1560213493035,80.515,122.3,0.0043,0.374,0.19668286
1560213493081,80.561,122.3,0.0043,0.374,0.19668286
1560213493128,80.608,122.3,0.0043,0.374,0.19668286
1560213493190,80.67,122.3,0.00429,0.374,0.196225458
1560213493237,80.717,122.3,0.00429,0.374,0.196225458
1560213493284,80.764,122.3,0.00429,0.374,0.196225458
1560213493330,80.81,122.3,0.00429,0.374,0.196225458
1560213493390,80.87,122.2,0.00431,0.375,0.19750575
1560213493436,80.916,122.2,0.00431,0.375,0.19750575
1560213493482,80.962,122.2,0.00431,0.375,0.19750575
1560213493528,81.008,122.2,0.00431,0.375,0.19750575
1560213493589,81.07,122.3,0.0043,0.376,0.19773464
1560213493635,81.115,122.3,0.0043,0.376,0.19773464
1560213493681,81.161,122.3,0.0043,0.376,0.19773464
1560213493727,81.207,122.3,0.0043,0.376,0.19773464
1560213493790,81.27,122.3,0.00433,0.374,0.198055066
1560213493836,81.316,122.3,0.00433,0.374,0.198055066
1560213493882,81.362,122.3,0.00433,0.374,0.198055066
1560213493928,81.408,122.3,0.00433,0.374,0.198055066
1560213493989,81.469,122.3,0.00429,0.376,0.197274792
1560213494035,81.515,122.3,0.00429,0.376,0.197274792
1560213494081,81.561,122.3,0.00429,0.376,0.197274792
1560213494128,81.608,122.3,0.00429,0.376,0.197274792
1560213494190,81.67,122.3,0.00431,0.375,0.197667375
1560213494236,81.716,122.3,0.00431,0.375,0.197667375
1560213494282,81.762,122.3,0.00431,0.375,0.197667375
1560213494328,81.808,122.3,0.00431,0.375,0.197667375
1560213494390,81.87,122.3,0.0043,0.377,0.19826053
1560213494436,81.916,122.3,0.0043,0.377,0.19826053
1560213494482,81.962,122.3,0.0043,0.377,0.19826053
1560213494528,82.008,122.3,0.0043,0.377,0.19826053
1560213494589,82.069,122.3,0.00427,0.379,0.197921759
1560213494635,82.115,122.3,0.00427,0.379,0.197921759
1560213494681,82.161,122.3,0.00427,0.379,0.197921759
1560213494727,82.207,122.3,0.00427,0.379,0.197921759
1560213494790,82.27,122.3,0.00431,0.378,0.199248714
1560213494836,82.316,122.3,0.00431,0.378,0.199248714
1560213494882,82.362,122.3,0.00431,0.378,0.199248714
1560213494928,82.408,122.3,0.00431,0.378,0.199248714
1560213494990,82.47,122.3,0.00427,0.377,0.196877317
1560213495036,82.516,122.3,0.00427,0.377,0.196877317
1560213495082,82.562,122.3,0.00427,0.377,0.196877317
1560213495129,82.609,122.3,0.00427,0.377,0.196877317
1560213495190,82.67,122.3,0.00428,0.376,0.196814944
1560213495236,82.716,122.3,0.00428,0.376,0.196814944
1560213495282,82.762,122.3,0.00428,0.376,0.196814944
1560213495328,82.808,122.3,0.00428,0.376,0.196814944
1560213495389,82.869,122.3,0.0043,0.377,0.19826053
1560213495435,82.915,122.3,0.0043,0.377,0.19826053
1560213495481,82.961,122.3,0.0043,0.377,0.19826053
1560213495527,83.007,122.3,0.0043,0.377,0.19826053
1560213495590,83.07,122.3,0.00428,0.378,0.197861832
