# Mon Jun 10 17:34:25 2019
abstime,time_stamp,volt,curr,pf,mul
1560213265538,0.079,122.2,0.00421,0.375,0.19292325
1560213265585,0.126,122.2,0.00421,0.375,0.19292325
1560213265631,0.172,122.1,0.00421,0.373,0.191737293
1560213265677,0.218,122.1,0.00421,0.373,0.191737293
1560213265723,0.264,122.1,0.00421,0.373,0.191737293
1560213265769,0.311,122.1,0.00421,0.373,0.191737293
1560213265816,0.357,122.1,0.00427,0.373,0.194469891
1560213265862,0.403,122.1,0.00427,0.373,0.194469891
1560213265908,0.449,122.1,0.00427,0.373,0.194469891
1560213265954,0.495,122.1,0.00427,0.373,0.194469891
1560213266014,0.555,122.1,0.00431,0.372,0.195765372
1560213266060,0.601,122.1,0.00431,0.372,0.195765372
1560213266106,0.647,122.1,0.00431,0.372,0.195765372
1560213266152,0.693,122.1,0.00431,0.372,0.195765372
1560213266214,0.755,122.2,0.00426,0.379,0.197296788
1560213266260,0.801,122.2,0.00426,0.379,0.197296788
1560213266306,0.847,122.2,0.00426,0.379,0.197296788
1560213266352,0.893,122.2,0.00426,0.379,0.197296788
1560213266413,0.954,122.2,0.00421,0.376,0.193437712
1560213266459,1.0,122.2,0.00421,0.376,0.193437712
1560213266505,1.046,122.2,0.00421,0.376,0.193437712
1560213266551,1.092,122.2,0.00421,0.376,0.193437712
1560213266614,1.155,122.2,0.00423,0.375,0.19383975
1560213266660,1.201,122.2,0.00423,0.375,0.19383975
1560213266706,1.247,122.2,0.00423,0.375,0.19383975
1560213266752,1.293,122.2,0.00423,0.375,0.19383975
1560213266814,1.355,122.1,0.00427,0.369,0.192384423
1560213266860,1.401,122.1,0.00427,0.369,0.192384423
1560213266906,1.447,122.1,0.00427,0.369,0.192384423
1560213266952,1.493,122.1,0.00427,0.369,0.192384423
1560213267013,1.555,122.1,0.00424,0.375,0.194139
1560213267060,1.601,122.1,0.00424,0.375,0.194139
1560213267106,1.647,122.1,0.00424,0.375,0.194139
1560213267152,1.693,122.1,0.00424,0.375,0.194139
1560213267213,1.754,122.2,0.00425,0.376,0.1952756
1560213267259,1.8,122.2,0.00425,0.376,0.1952756
1560213267305,1.846,122.2,0.00425,0.376,0.1952756
1560213267351,1.892,122.2,0.00425,0.376,0.1952756
1560213267414,1.955,122.2,0.00424,0.373,0.193261744
1560213267460,2.001,122.2,0.00424,0.373,0.193261744
1560213267506,2.047,122.2,0.00424,0.373,0.193261744
1560213267552,2.093,122.2,0.00424,0.373,0.193261744
1560213267613,2.155,122.1,0.00423,0.372,0.192131676
1560213267660,2.201,122.1,0.00423,0.372,0.192131676
1560213267705,2.247,122.1,0.00423,0.372,0.192131676
1560213267752,2.293,122.1,0.00423,0.372,0.192131676
1560213267813,2.354,122.1,0.00422,0.367,0.189101154
1560213267859,2.4,122.1,0.00422,0.367,0.189101154
1560213267905,2.446,122.1,0.00422,0.367,0.189101154
1560213267951,2.493,122.1,0.00422,0.367,0.189101154
1560213268014,2.555,122.1,0.00547,0.295,0.197026665
1560213268060,2.601,122.1,0.00547,0.295,0.197026665
1560213268106,2.647,122.1,0.00547,0.295,0.197026665
1560213268152,2.693,122.1,0.00547,0.295,0.197026665
1560213268213,2.754,122.1,0.00577,0.277,0.195151209
1560213268260,2.801,122.1,0.00577,0.277,0.195151209
1560213268306,2.847,122.1,0.00577,0.277,0.195151209
1560213268352,2.893,122.1,0.00577,0.277,0.195151209
1560213268413,2.954,122.0,0.00587,0.264,0.18906096
1560213268459,3.0,122.0,0.00587,0.264,0.18906096
1560213268505,3.046,122.0,0.00587,0.264,0.18906096
1560213268551,3.092,122.0,0.00587,0.264,0.18906096
1560213268613,3.154,122.0,0.00523,0.3,0.191418
1560213268659,3.2,122.0,0.00523,0.3,0.191418
1560213268705,3.247,122.0,0.00523,0.3,0.191418
1560213268752,3.293,122.0,0.00523,0.3,0.191418
1560213268813,3.354,122.0,0.00523,0.302,0.19269412
1560213268859,3.4,122.0,0.00523,0.302,0.19269412
1560213268905,3.446,122.0,0.00523,0.302,0.19269412
1560213268951,3.493,122.0,0.00523,0.302,0.19269412
1560213269013,3.554,122.0,0.00526,0.303,0.19444116
1560213269059,3.6,122.0,0.00526,0.303,0.19444116
1560213269105,3.646,122.0,0.00526,0.303,0.19444116
1560213269151,3.692,122.0,0.00526,0.303,0.19444116
1560213269213,3.754,122.0,0.00526,0.305,0.1957246
1560213269259,3.8,122.0,0.00526,0.305,0.1957246
1560213269305,3.846,122.0,0.00526,0.305,0.1957246
1560213269351,3.892,122.0,0.00526,0.305,0.1957246
1560213269413,3.954,122.0,0.00527,0.304,0.19545376
1560213269459,4.0,122.0,0.00527,0.304,0.19545376
1560213269506,4.047,122.0,0.00527,0.304,0.19545376
1560213269551,4.092,122.0,0.00527,0.304,0.19545376
1560213269613,4.154,122.0,0.00523,0.304,0.19397024
1560213269659,4.2,122.0,0.00523,0.304,0.19397024
1560213269705,4.246,122.0,0.00523,0.304,0.19397024
1560213269751,4.292,122.0,0.00523,0.304,0.19397024
1560213269813,4.354,122.0,0.0053,0.302,0.1952732
1560213269859,4.4,122.0,0.0053,0.302,0.1952732
1560213269905,4.446,122.0,0.0053,0.302,0.1952732
1560213269951,4.492,122.0,0.0053,0.302,0.1952732
1560213270013,4.554,122.0,0.00528,0.303,0.19518048
1560213270059,4.6,122.0,0.00528,0.303,0.19518048
1560213270104,4.645,122.0,0.00528,0.303,0.19518048
1560213270150,4.691,122.0,0.00528,0.303,0.19518048
1560213270214,4.755,122.0,0.00524,0.306,0.19561968
1560213270260,4.801,122.0,0.00524,0.306,0.19561968
1560213270306,4.847,122.0,0.00524,0.306,0.19561968
1560213270352,4.893,122.0,0.00524,0.306,0.19561968
1560213270413,4.954,122.0,0.00524,0.3,0.191784
1560213270459,5.0,122.0,0.00524,0.3,0.191784
1560213270505,5.046,122.0,0.00524,0.3,0.191784
1560213270551,5.092,122.0,0.00524,0.3,0.191784
1560213270613,5.154,122.0,0.00525,0.305,0.1953525
1560213270658,5.199,122.0,0.00525,0.305,0.1953525
1560213270704,5.246,122.0,0.00525,0.305,0.1953525
1560213270751,5.292,122.0,0.00525,0.305,0.1953525
1560213270813,5.354,122.0,0.00523,0.304,0.19397024
1560213270859,5.4,122.0,0.00523,0.304,0.19397024
1560213270905,5.446,122.0,0.00523,0.304,0.19397024
1560213270951,5.492,122.0,0.00523,0.304,0.19397024
1560213271013,5.554,122.0,0.00527,0.305,0.1960967
1560213271059,5.6,122.0,0.00527,0.305,0.1960967
1560213271105,5.646,122.0,0.00527,0.305,0.1960967
1560213271151,5.692,122.0,0.00527,0.305,0.1960967
1560213271212,5.753,122.0,0.00526,0.305,0.1957246
1560213271259,5.8,122.0,0.00526,0.305,0.1957246
1560213271305,5.846,122.0,0.00526,0.305,0.1957246
1560213271351,5.892,122.0,0.00526,0.305,0.1957246
1560213271413,5.954,122.1,0.00527,0.301,0.193683567
1560213271459,6.0,122.1,0.00527,0.301,0.193683567
1560213271505,6.047,122.1,0.00527,0.301,0.193683567
1560213271552,6.093,122.1,0.00527,0.301,0.193683567
1560213271613,6.154,122.0,0.00529,0.302,0.19490476
1560213271658,6.199,122.0,0.00529,0.302,0.19490476
1560213271704,6.245,122.0,0.00529,0.302,0.19490476
1560213271750,6.291,122.0,0.00529,0.302,0.19490476
1560213271813,6.355,122.0,0.00528,0.304,0.19582464
1560213271859,6.401,122.0,0.00528,0.304,0.19582464
1560213271906,6.447,122.0,0.00528,0.304,0.19582464
1560213271952,6.493,122.0,0.00528,0.304,0.19582464
1560213272013,6.554,122.0,0.00529,0.304,0.19619552
1560213272059,6.6,122.0,0.00529,0.304,0.19619552
1560213272105,6.646,122.0,0.00529,0.304,0.19619552
1560213272151,6.692,122.0,0.00529,0.304,0.19619552
1560213272213,6.754,122.1,0.00529,0.304,0.196356336
1560213272260,6.801,122.1,0.00529,0.304,0.196356336
1560213272306,6.847,122.1,0.00529,0.304,0.196356336
1560213272352,6.893,122.1,0.00529,0.304,0.196356336
1560213272413,6.954,122.1,0.0053,0.304,0.19672752
1560213272459,7.0,122.1,0.0053,0.304,0.19672752
1560213272505,7.046,122.1,0.0053,0.304,0.19672752
1560213272552,7.093,122.1,0.0053,0.304,0.19672752
1560213272613,7.154,122.1,0.00524,0.303,0.193860612
1560213272659,7.2,122.1,0.00524,0.303,0.193860612
1560213272705,7.246,122.1,0.00524,0.303,0.193860612
1560213272751,7.292,122.1,0.00524,0.303,0.193860612
1560213272813,7.354,122.1,0.00528,0.301,0.194051088
1560213272859,7.4,122.1,0.00528,0.301,0.194051088
1560213272905,7.446,122.1,0.00528,0.301,0.194051088
1560213272953,7.494,122.1,0.00528,0.301,0.194051088
1560213273012,7.554,122.1,0.00532,0.302,0.196170744
1560213273058,7.599,122.1,0.00532,0.302,0.196170744
1560213273105,7.646,122.1,0.00532,0.302,0.196170744
1560213273151,7.692,122.1,0.00532,0.302,0.196170744
1560213273213,7.754,122.1,0.00526,0.305,0.19588503
1560213273260,7.801,122.1,0.00526,0.305,0.19588503
1560213273306,7.847,122.1,0.00526,0.305,0.19588503
1560213273352,7.893,122.1,0.00526,0.305,0.19588503
1560213273413,7.954,122.1,0.00527,0.301,0.193683567
1560213273459,8.0,122.1,0.00527,0.301,0.193683567
1560213273505,8.046,122.1,0.00527,0.301,0.193683567
1560213273551,8.092,122.1,0.00527,0.301,0.193683567
1560213273613,8.154,122.1,0.00523,0.3,0.1915749
1560213273661,8.202,122.1,0.00523,0.3,0.1915749
1560213273707,8.248,122.1,0.00523,0.3,0.1915749
1560213273753,8.294,122.1,0.00523,0.3,0.1915749
1560213273812,8.353,122.0,0.00522,0.304,0.19359936
1560213273858,8.399,122.0,0.00522,0.304,0.19359936
1560213273904,8.445,122.0,0.00522,0.304,0.19359936
1560213273950,8.491,122.0,0.00522,0.304,0.19359936
1560213274013,8.554,122.0,0.00524,0.304,0.19434112
1560213274059,8.6,122.0,0.00524,0.304,0.19434112
1560213274105,8.646,122.0,0.00524,0.304,0.19434112
1560213274151,8.692,122.0,0.00524,0.304,0.19434112
1560213274213,8.754,122.1,0.00519,0.306,0.193911894
1560213274259,8.8,122.1,0.00519,0.306,0.193911894
1560213274305,8.846,122.1,0.00519,0.306,0.193911894
1560213274351,8.892,122.1,0.00519,0.306,0.193911894
1560213274412,8.953,122.0,0.0052,0.305,0.193492
1560213274458,8.999,122.0,0.0052,0.305,0.193492
1560213274504,9.045,122.0,0.0052,0.305,0.193492
1560213274551,9.092,122.0,0.0052,0.305,0.193492
1560213274613,9.154,122.0,0.00517,0.306,0.19300644
1560213274659,9.2,122.0,0.00517,0.306,0.19300644
1560213274705,9.247,122.0,0.00517,0.306,0.19300644
1560213274752,9.293,122.0,0.00517,0.306,0.19300644
1560213274813,9.354,122.0,0.0052,0.307,0.1947608
1560213274859,9.4,122.0,0.0052,0.307,0.1947608
1560213274905,9.446,122.0,0.0052,0.307,0.1947608
1560213274951,9.492,122.0,0.0052,0.307,0.1947608
1560213275012,9.553,122.0,0.00523,0.304,0.19397024
1560213275058,9.599,122.0,0.00523,0.304,0.19397024
1560213275104,9.645,122.0,0.00523,0.304,0.19397024
1560213275150,9.691,122.0,0.00523,0.304,0.19397024
1560213275213,9.754,122.0,0.00525,0.305,0.1953525
1560213275259,9.8,122.0,0.00525,0.305,0.1953525
1560213275305,9.847,122.0,0.00525,0.305,0.1953525
1560213275352,9.893,122.0,0.00525,0.305,0.1953525
1560213275413,9.954,122.1,0.00518,0.303,0.191640834
1560213275459,10.0,122.1,0.00518,0.303,0.191640834
1560213275505,10.046,122.1,0.00518,0.303,0.191640834
1560213275551,10.092,122.1,0.00518,0.303,0.191640834
1560213275612,10.153,122.1,0.00523,0.303,0.193490649
1560213275658,10.199,122.1,0.00523,0.303,0.193490649
1560213275704,10.245,122.1,0.00523,0.303,0.193490649
1560213275750,10.291,122.1,0.00523,0.303,0.193490649
1560213275813,10.354,122.1,0.00524,0.303,0.193860612
1560213275859,10.4,122.1,0.00524,0.303,0.193860612
1560213275905,10.446,122.1,0.00524,0.303,0.193860612
1560213275951,10.492,122.1,0.00524,0.303,0.193860612
1560213276012,10.553,122.2,0.00465,0.346,0.19660758
1560213276058,10.599,122.2,0.00465,0.346,0.19660758
1560213276105,10.646,122.2,0.00465,0.346,0.19660758
1560213276151,10.692,122.2,0.00465,0.346,0.19660758
1560213276212,10.753,122.2,0.00422,0.376,0.193897184
1560213276258,10.799,122.2,0.00422,0.376,0.193897184
1560213276304,10.845,122.2,0.00422,0.376,0.193897184
1560213276350,10.891,122.2,0.00422,0.376,0.193897184
1560213276412,10.953,122.2,0.00422,0.375,0.1933815
1560213276458,11.0,122.2,0.00422,0.375,0.1933815
1560213276505,11.046,122.2,0.00422,0.375,0.1933815
1560213276551,11.092,122.2,0.00422,0.375,0.1933815
1560213276613,11.154,122.2,0.00418,0.373,0.190526908
1560213276659,11.2,122.2,0.00418,0.373,0.190526908
1560213276705,11.246,122.2,0.00418,0.373,0.190526908
1560213276751,11.293,122.2,0.00418,0.373,0.190526908
1560213276813,11.354,122.2,0.00423,0.374,0.193322844
1560213276859,11.4,122.2,0.00423,0.374,0.193322844
1560213276905,11.446,122.2,0.00423,0.374,0.193322844
1560213276951,11.492,122.2,0.00423,0.374,0.193322844
1560213277012,11.554,122.1,0.00422,0.377,0.194253774
1560213277059,11.6,122.1,0.00422,0.377,0.194253774
1560213277105,11.646,122.1,0.00422,0.377,0.194253774
1560213277151,11.692,122.1,0.00422,0.377,0.194253774
1560213277212,11.753,122.2,0.0042,0.377,0.19349148
1560213277258,11.799,122.2,0.0042,0.377,0.19349148
1560213277304,11.845,122.2,0.0042,0.377,0.19349148
1560213277350,11.891,122.2,0.0042,0.377,0.19349148
1560213277412,11.954,122.2,0.00421,0.375,0.19292325
1560213277459,12.0,122.2,0.00421,0.375,0.19292325
1560213277505,12.046,122.2,0.00421,0.375,0.19292325
1560213277551,12.092,122.2,0.00421,0.375,0.19292325
1560213277612,12.153,122.1,0.00417,0.374,0.190424718
1560213277658,12.199,122.1,0.00417,0.374,0.190424718
1560213277704,12.245,122.1,0.00417,0.374,0.190424718
1560213277750,12.291,122.1,0.00417,0.374,0.190424718
1560213277813,12.354,122.1,0.0042,0.375,0.1923075
1560213277859,12.4,122.1,0.0042,0.375,0.1923075
1560213277905,12.446,122.1,0.0042,0.375,0.1923075
1560213277952,12.493,122.1,0.0042,0.375,0.1923075
1560213278012,12.554,122.1,0.00418,0.374,0.190881372
1560213278059,12.6,122.1,0.00418,0.374,0.190881372
1560213278105,12.646,122.1,0.00418,0.374,0.190881372
1560213278151,12.692,122.1,0.00418,0.374,0.190881372
1560213278212,12.753,122.1,0.00422,0.374,0.192707988
1560213278258,12.799,122.1,0.00422,0.374,0.192707988
1560213278304,12.845,122.1,0.00422,0.374,0.192707988
1560213278350,12.891,122.1,0.00422,0.374,0.192707988
1560213278412,12.953,122.2,0.00421,0.376,0.193437712
1560213278458,13.0,122.2,0.00421,0.376,0.193437712
1560213278505,13.046,122.2,0.00421,0.376,0.193437712
1560213278551,13.092,122.2,0.00421,0.376,0.193437712
1560213278613,13.154,122.2,0.00418,0.377,0.192570092
1560213278659,13.2,122.2,0.00418,0.377,0.192570092
1560213278705,13.246,122.2,0.00418,0.377,0.192570092
1560213278751,13.292,122.2,0.00418,0.377,0.192570092
1560213278812,13.353,122.1,0.00418,0.375,0.19139175
1560213278858,13.399,122.1,0.00418,0.375,0.19139175
1560213278904,13.445,122.1,0.00418,0.375,0.19139175
1560213278951,13.492,122.1,0.00418,0.375,0.19139175
1560213279012,13.553,122.1,0.00422,0.377,0.194253774
1560213279058,13.599,122.1,0.00422,0.377,0.194253774
1560213279104,13.645,122.1,0.00422,0.377,0.194253774
1560213279150,13.691,122.1,0.00422,0.377,0.194253774
1560213279212,13.753,122.1,0.00421,0.375,0.192765375
1560213279258,13.799,122.1,0.00421,0.375,0.192765375
1560213279304,13.846,122.1,0.00421,0.375,0.192765375
1560213279351,13.892,122.1,0.00421,0.375,0.192765375
1560213279412,13.953,122.2,0.0042,0.377,0.19349148
1560213279459,14.0,122.2,0.0042,0.377,0.19349148
1560213279506,14.047,122.2,0.0042,0.377,0.19349148
1560213279552,14.093,122.2,0.0042,0.377,0.19349148
1560213279612,14.153,122.2,0.00418,0.378,0.193080888
1560213279658,14.199,122.2,0.00418,0.378,0.193080888
1560213279704,14.245,122.2,0.00418,0.378,0.193080888
1560213279750,14.291,122.2,0.00418,0.378,0.193080888
1560213279812,14.353,122.2,0.00419,0.377,0.193030786
1560213279858,14.399,122.2,0.00419,0.377,0.193030786
1560213279904,14.445,122.2,0.00419,0.377,0.193030786
1560213279950,14.491,122.2,0.00419,0.377,0.193030786
1560213280013,14.554,122.2,0.00417,0.374,0.190580676
1560213280059,14.6,122.2,0.00417,0.374,0.190580676
1560213280105,14.646,122.2,0.00417,0.374,0.190580676
1560213280151,14.692,122.2,0.00417,0.374,0.190580676
1560213280212,14.753,122.2,0.0042,0.377,0.19349148
1560213280258,14.799,122.2,0.0042,0.377,0.19349148
1560213280304,14.845,122.2,0.0042,0.377,0.19349148
1560213280350,14.891,122.2,0.0042,0.377,0.19349148
1560213280412,14.953,122.2,0.0042,0.379,0.19451796
1560213280458,14.999,122.2,0.0042,0.379,0.19451796
1560213280504,15.046,122.2,0.0042,0.379,0.19451796
1560213280551,15.092,122.2,0.0042,0.379,0.19451796
1560213280612,15.153,122.2,0.00417,0.377,0.192109398
1560213280658,15.199,122.2,0.00417,0.377,0.192109398
1560213280704,15.245,122.2,0.00417,0.377,0.192109398
1560213280750,15.291,122.2,0.00417,0.377,0.192109398
1560213280811,15.353,122.2,0.0042,0.376,0.19297824
1560213280857,15.399,122.2,0.0042,0.376,0.19297824
1560213280904,15.445,122.2,0.0042,0.376,0.19297824
1560213280950,15.491,122.2,0.0042,0.376,0.19297824
1560213281013,15.554,122.2,0.00422,0.374,0.192865816
1560213281059,15.6,122.2,0.00422,0.374,0.192865816
1560213281105,15.646,122.2,0.00422,0.374,0.192865816
1560213281151,15.692,122.2,0.00422,0.374,0.192865816
1560213281213,15.754,122.2,0.00427,0.379,0.197759926
1560213281259,15.8,122.2,0.00427,0.379,0.197759926
1560213281305,15.846,122.2,0.00427,0.379,0.197759926
1560213281351,15.892,122.2,0.00427,0.379,0.197759926
1560213281412,15.953,122.2,0.00418,0.38,0.19410248
1560213281458,15.999,122.2,0.00418,0.38,0.19410248
1560213281505,16.046,122.2,0.00418,0.38,0.19410248
1560213281551,16.092,122.2,0.00418,0.38,0.19410248
1560213281612,16.153,122.2,0.00416,0.374,0.190123648
1560213281658,16.199,122.2,0.00416,0.374,0.190123648
1560213281704,16.245,122.2,0.00416,0.374,0.190123648
1560213281750,16.291,122.2,0.00416,0.374,0.190123648
1560213281811,16.352,122.2,0.00421,0.378,0.194466636
1560213281858,16.399,122.2,0.00421,0.378,0.194466636
1560213281904,16.445,122.2,0.00421,0.378,0.194466636
1560213281950,16.491,122.2,0.00421,0.378,0.194466636
1560213282012,16.553,122.2,0.0042,0.374,0.19195176
1560213282058,16.599,122.2,0.0042,0.374,0.19195176
1560213282104,16.646,122.2,0.0042,0.374,0.19195176
1560213282151,16.692,122.2,0.0042,0.374,0.19195176
1560213282212,16.753,122.2,0.0042,0.376,0.19297824
1560213282257,16.799,122.2,0.0042,0.376,0.19297824
1560213282304,16.845,122.2,0.0042,0.376,0.19297824
1560213282349,16.891,122.2,0.0042,0.376,0.19297824
1560213282412,16.953,122.2,0.00416,0.378,0.192157056
1560213282458,16.999,122.2,0.00416,0.378,0.192157056
1560213282504,17.045,122.2,0.00416,0.378,0.192157056
1560213282550,17.091,122.2,0.00416,0.378,0.192157056
1560213282612,17.153,122.2,0.00418,0.375,0.1915485
1560213282658,17.2,122.2,0.00418,0.375,0.1915485
1560213282705,17.246,122.2,0.00418,0.375,0.1915485
1560213282751,17.292,122.2,0.00418,0.375,0.1915485
1560213282812,17.353,122.1,0.00417,0.375,0.190933875
1560213282858,17.399,122.1,0.00417,0.375,0.190933875
1560213282904,17.445,122.1,0.00417,0.375,0.190933875
1560213282950,17.491,122.1,0.00417,0.375,0.190933875
1560213283011,17.552,122.1,0.00423,0.369,0.190582227
1560213283057,17.598,122.1,0.00423,0.369,0.190582227
1560213283103,17.644,122.1,0.00423,0.369,0.190582227
1560213283149,17.69,122.1,0.00423,0.369,0.190582227
1560213283212,17.753,122.1,0.00421,0.375,0.192765375
1560213283258,17.799,122.1,0.00421,0.375,0.192765375
1560213283304,17.845,122.1,0.00421,0.375,0.192765375
1560213283350,17.891,122.1,0.00421,0.375,0.192765375
1560213283411,17.953,122.1,0.00419,0.379,0.193896021
1560213283458,17.999,122.1,0.00419,0.379,0.193896021
1560213283504,18.045,122.1,0.00419,0.379,0.193896021
1560213283550,18.091,122.1,0.00419,0.379,0.193896021
1560213283612,18.153,122.1,0.00418,0.375,0.19139175
1560213283658,18.2,122.1,0.00418,0.375,0.19139175
1560213283705,18.246,122.1,0.00418,0.375,0.19139175
1560213283751,18.292,122.1,0.00418,0.375,0.19139175
1560213283812,18.353,122.1,0.00421,0.373,0.191737293
1560213283858,18.399,122.1,0.00421,0.373,0.191737293
1560213283904,18.445,122.1,0.00421,0.373,0.191737293
1560213283950,18.492,122.1,0.00421,0.373,0.191737293
1560213284012,18.553,122.1,0.00416,0.376,0.190983936
1560213284058,18.599,122.1,0.00416,0.376,0.190983936
1560213284104,18.645,122.1,0.00416,0.376,0.190983936
1560213284150,18.691,122.1,0.00416,0.376,0.190983936
1560213284212,18.753,122.1,0.00423,0.377,0.194714091
1560213284259,18.8,122.1,0.00423,0.377,0.194714091
1560213284305,18.846,122.1,0.00423,0.377,0.194714091
1560213284351,18.892,122.1,0.00423,0.377,0.194714091
1560213284413,18.954,122.2,0.00423,0.377,0.194873562
1560213284459,19.0,122.2,0.00423,0.377,0.194873562
1560213284505,19.046,122.2,0.00423,0.377,0.194873562
1560213284551,19.092,122.2,0.00423,0.377,0.194873562
1560213284612,19.153,122.2,0.00419,0.376,0.192518768
1560213284658,19.199,122.2,0.00419,0.376,0.192518768
1560213284705,19.246,122.2,0.00419,0.376,0.192518768
1560213284751,19.292,122.2,0.00419,0.376,0.192518768
1560213284813,19.354,122.1,0.0042,0.375,0.1923075
1560213284859,19.4,122.1,0.0042,0.375,0.1923075
1560213284905,19.446,122.1,0.0042,0.375,0.1923075
1560213284952,19.493,122.1,0.0042,0.375,0.1923075
1560213285011,19.552,122.1,0.00426,0.374,0.194534604
1560213285057,19.598,122.1,0.00426,0.374,0.194534604
1560213285103,19.644,122.1,0.00426,0.374,0.194534604
1560213285149,19.691,122.1,0.00426,0.374,0.194534604
1560213285212,19.753,122.2,0.00421,0.38,0.19549556
1560213285259,19.8,122.2,0.00421,0.38,0.19549556
1560213285305,19.846,122.2,0.00421,0.38,0.19549556
1560213285351,19.892,122.2,0.00421,0.38,0.19549556
1560213285411,19.953,122.2,0.0042,0.377,0.19349148
1560213285458,19.999,122.2,0.0042,0.377,0.19349148
1560213285504,20.045,122.2,0.0042,0.377,0.19349148
1560213285550,20.091,122.2,0.0042,0.377,0.19349148
1560213285612,20.153,122.2,0.00419,0.378,0.193542804
1560213285659,20.2,122.2,0.00419,0.378,0.193542804
1560213285705,20.246,122.2,0.00419,0.378,0.193542804
1560213285752,20.293,122.2,0.00419,0.378,0.193542804
1560213285811,20.352,122.2,0.0042,0.376,0.19297824
1560213285858,20.399,122.2,0.0042,0.376,0.19297824
1560213285904,20.445,122.2,0.0042,0.376,0.19297824
1560213285950,20.491,122.2,0.0042,0.376,0.19297824
1560213286012,20.553,122.1,0.00421,0.376,0.193279416
1560213286058,20.599,122.1,0.00421,0.376,0.193279416
1560213286104,20.645,122.1,0.00421,0.376,0.193279416
1560213286151,20.692,122.1,0.00421,0.376,0.193279416
1560213286212,20.753,122.2,0.00425,0.376,0.1952756
1560213286258,20.799,122.2,0.00425,0.376,0.1952756
1560213286304,20.845,122.2,0.00425,0.376,0.1952756
1560213286350,20.891,122.2,0.00425,0.376,0.1952756
1560213286411,20.952,122.2,0.00421,0.379,0.194981098
1560213286457,20.998,122.2,0.00421,0.379,0.194981098
1560213286503,21.044,122.2,0.00421,0.379,0.194981098
1560213286549,21.09,122.2,0.00421,0.379,0.194981098
1560213286612,21.153,122.2,0.00422,0.377,0.194412868
1560213286658,21.199,122.2,0.00422,0.377,0.194412868
1560213286704,21.245,122.2,0.00422,0.377,0.194412868
1560213286750,21.291,122.2,0.00422,0.377,0.194412868
1560213286811,21.352,122.2,0.0042,0.373,0.19143852
1560213286857,21.398,122.2,0.0042,0.373,0.19143852
1560213286903,21.444,122.2,0.0042,0.373,0.19143852
1560213286949,21.491,122.2,0.0042,0.373,0.19143852
1560213287011,21.552,122.2,0.00424,0.376,0.194816128
1560213287056,21.598,122.2,0.00424,0.376,0.194816128
1560213287103,21.644,122.2,0.00424,0.376,0.194816128
1560213287149,21.69,122.2,0.00424,0.376,0.194816128
1560213287211,21.752,122.2,0.00422,0.377,0.194412868
1560213287257,21.798,122.2,0.00422,0.377,0.194412868
1560213287304,21.845,122.2,0.00422,0.377,0.194412868
1560213287350,21.891,122.2,0.00422,0.377,0.194412868
1560213287412,21.953,122.2,0.00425,0.376,0.1952756
1560213287458,21.999,122.2,0.00425,0.376,0.1952756
1560213287504,22.045,122.2,0.00425,0.376,0.1952756
1560213287550,22.091,122.2,0.00425,0.376,0.1952756
1560213287612,22.153,122.2,0.00422,0.375,0.1933815
1560213287658,22.199,122.2,0.00422,0.375,0.1933815
1560213287704,22.245,122.2,0.00422,0.375,0.1933815
1560213287750,22.291,122.2,0.00422,0.375,0.1933815
1560213287811,22.352,122.2,0.00418,0.375,0.1915485
1560213287857,22.398,122.2,0.00418,0.375,0.1915485
1560213287903,22.444,122.2,0.00418,0.375,0.1915485
1560213287950,22.491,122.2,0.00418,0.375,0.1915485
1560213288012,22.553,122.1,0.00418,0.376,0.191902128
1560213288058,22.599,122.1,0.00418,0.376,0.191902128
1560213288104,22.645,122.1,0.00418,0.376,0.191902128
1560213288151,22.692,122.1,0.00418,0.376,0.191902128
1560213288212,22.753,122.1,0.00421,0.376,0.193279416
1560213288258,22.799,122.1,0.00421,0.376,0.193279416
1560213288304,22.845,122.1,0.00421,0.376,0.193279416
1560213288351,22.892,122.1,0.00421,0.376,0.193279416
1560213288412,22.953,122.2,0.0042,0.376,0.19297824
1560213288458,22.999,122.2,0.0042,0.376,0.19297824
1560213288504,23.045,122.2,0.0042,0.376,0.19297824
1560213288550,23.091,122.2,0.0042,0.376,0.19297824
1560213288611,23.152,122.2,0.00418,0.374,0.191037704
1560213288658,23.199,122.2,0.00418,0.374,0.191037704
1560213288704,23.245,122.2,0.00418,0.374,0.191037704
1560213288750,23.291,122.2,0.00418,0.374,0.191037704
1560213288811,23.352,122.1,0.00425,0.373,0.193559025
1560213288857,23.398,122.1,0.00425,0.373,0.193559025
1560213288903,23.444,122.1,0.00425,0.373,0.193559025
1560213288949,23.49,122.1,0.00425,0.373,0.193559025
1560213289011,23.552,122.1,0.00427,0.374,0.194991258
1560213289057,23.598,122.1,0.00427,0.374,0.194991258
1560213289104,23.645,122.1,0.00427,0.374,0.194991258
1560213289150,23.691,122.1,0.00427,0.374,0.194991258
1560213289211,23.752,122.2,0.00425,0.376,0.1952756
1560213289257,23.798,122.2,0.00425,0.376,0.1952756
1560213289303,23.844,122.2,0.00425,0.376,0.1952756
1560213289350,23.891,122.2,0.00425,0.376,0.1952756
1560213289412,23.953,122.2,0.00422,0.379,0.195444236
1560213289458,23.999,122.2,0.00422,0.379,0.195444236
1560213289504,24.045,122.2,0.00422,0.379,0.195444236
1560213289550,24.091,122.2,0.00422,0.379,0.195444236
1560213289611,24.152,122.2,0.00425,0.376,0.1952756
1560213289657,24.198,122.2,0.00425,0.376,0.1952756
1560213289703,24.244,122.2,0.00425,0.376,0.1952756
1560213289749,24.29,122.2,0.00425,0.376,0.1952756
1560213289811,24.352,122.2,0.00422,0.377,0.194412868
1560213289857,24.398,122.2,0.00422,0.377,0.194412868
1560213289903,24.444,122.2,0.00422,0.377,0.194412868
1560213289949,24.49,122.2,0.00422,0.377,0.194412868
1560213290011,24.552,122.2,0.00425,0.376,0.1952756
1560213290057,24.598,122.2,0.00425,0.376,0.1952756
1560213290103,24.644,122.2,0.00425,0.376,0.1952756
1560213290150,24.691,122.2,0.00425,0.376,0.1952756
1560213290211,24.752,122.2,0.00425,0.373,0.19371755
1560213290257,24.798,122.2,0.00425,0.373,0.19371755
1560213290303,24.844,122.2,0.00425,0.373,0.19371755
1560213290349,24.89,122.2,0.00425,0.373,0.19371755
1560213290411,24.952,122.2,0.00428,0.375,0.196131
1560213290457,24.998,122.2,0.00428,0.375,0.196131
1560213290504,25.045,122.2,0.00428,0.375,0.196131
1560213290550,25.091,122.2,0.00428,0.375,0.196131
1560213290611,25.152,122.2,0.00423,0.375,0.19383975
1560213290657,25.198,122.2,0.00423,0.375,0.19383975
1560213290703,25.244,122.2,0.00423,0.375,0.19383975
1560213290749,25.29,122.2,0.00423,0.375,0.19383975
1560213290810,25.352,122.2,0.00421,0.375,0.19292325
1560213290856,25.397,122.2,0.00421,0.375,0.19292325
1560213290903,25.444,122.2,0.00421,0.375,0.19292325
1560213290949,25.49,122.2,0.00421,0.375,0.19292325
1560213291011,25.552,122.1,0.00424,0.373,0.193103592
1560213291058,25.599,122.1,0.00424,0.373,0.193103592
1560213291104,25.645,122.1,0.00424,0.373,0.193103592
1560213291150,25.691,122.1,0.00424,0.373,0.193103592
1560213291211,25.752,122.1,0.00424,0.376,0.194656704
1560213291257,25.798,122.1,0.00424,0.376,0.194656704
1560213291303,25.844,122.1,0.00424,0.376,0.194656704
1560213291349,25.89,122.1,0.00424,0.376,0.194656704
1560213291410,25.952,122.2,0.00425,0.376,0.1952756
1560213291456,25.997,122.2,0.00425,0.376,0.1952756
1560213291503,26.044,122.2,0.00425,0.376,0.1952756
1560213291549,26.09,122.2,0.00425,0.376,0.1952756
1560213291611,26.152,122.2,0.00425,0.376,0.1952756
1560213291657,26.198,122.2,0.00425,0.376,0.1952756
1560213291703,26.244,122.2,0.00425,0.376,0.1952756
1560213291750,26.291,122.2,0.00425,0.376,0.1952756
1560213291811,26.352,122.2,0.00422,0.374,0.192865816
1560213291857,26.398,122.2,0.00422,0.374,0.192865816
1560213291903,26.444,122.2,0.00422,0.374,0.192865816
1560213291949,26.49,122.2,0.00422,0.374,0.192865816
1560213292010,26.551,122.1,0.00427,0.373,0.194469891
1560213292056,26.597,122.1,0.00427,0.373,0.194469891
1560213292103,26.644,122.1,0.00427,0.373,0.194469891
1560213292149,26.69,122.1,0.00427,0.373,0.194469891
1560213292211,26.752,122.2,0.00427,0.373,0.194629162
1560213292257,26.798,122.2,0.00427,0.373,0.194629162
1560213292304,26.845,122.2,0.00427,0.373,0.194629162
1560213292350,26.891,122.2,0.00427,0.373,0.194629162
1560213292411,26.952,122.2,0.00427,0.37,0.19306378
1560213292457,26.998,122.2,0.00427,0.37,0.19306378
1560213292503,27.044,122.2,0.00427,0.37,0.19306378
1560213292549,27.09,122.2,0.00427,0.37,0.19306378
1560213292611,27.152,122.2,0.00423,0.375,0.19383975
1560213292657,27.198,122.2,0.00423,0.375,0.19383975
1560213292704,27.245,122.2,0.00423,0.375,0.19383975
1560213292750,27.291,122.2,0.00423,0.375,0.19383975
1560213292811,27.352,122.2,0.00421,0.375,0.19292325
1560213292857,27.398,122.2,0.00421,0.375,0.19292325
1560213292903,27.444,122.2,0.00421,0.375,0.19292325
1560213292949,27.49,122.2,0.00421,0.375,0.19292325
1560213293010,27.551,122.2,0.00424,0.37,0.19170736
1560213293056,27.597,122.2,0.00424,0.37,0.19170736
1560213293102,27.643,122.2,0.00424,0.37,0.19170736
1560213293148,27.689,122.2,0.00424,0.37,0.19170736
1560213293211,27.752,122.2,0.00429,0.371,0.194492298
1560213293257,27.798,122.2,0.00429,0.371,0.194492298
1560213293303,27.844,122.2,0.00429,0.371,0.194492298
1560213293350,27.891,122.2,0.00429,0.371,0.194492298
1560213293411,27.952,122.2,0.00427,0.373,0.194629162
1560213293457,27.998,122.2,0.00427,0.373,0.194629162
1560213293503,28.044,122.2,0.00427,0.373,0.194629162
1560213293549,28.09,122.2,0.00427,0.373,0.194629162
1560213293611,28.152,122.2,0.00424,0.372,0.192743616
1560213293657,28.198,122.2,0.00424,0.372,0.192743616
1560213293703,28.244,122.2,0.00424,0.372,0.192743616
1560213293750,28.291,122.2,0.00424,0.372,0.192743616
1560213293811,28.352,122.2,0.00421,0.376,0.193437712
1560213293857,28.398,122.2,0.00421,0.376,0.193437712
1560213293903,28.444,122.2,0.00421,0.376,0.193437712
1560213293949,28.49,122.2,0.00421,0.376,0.193437712
1560213294011,28.552,122.2,0.00425,0.368,0.1911208
1560213294057,28.598,122.2,0.00425,0.368,0.1911208
1560213294103,28.644,122.2,0.00425,0.368,0.1911208
1560213294150,28.691,122.2,0.00425,0.368,0.1911208
1560213294211,28.752,122.2,0.00429,0.369,0.193443822
1560213294257,28.798,122.2,0.00429,0.369,0.193443822
1560213294303,28.844,122.2,0.00429,0.369,0.193443822
1560213294349,28.89,122.2,0.00429,0.369,0.193443822
1560213294410,28.951,122.2,0.0043,0.369,0.19389474
1560213294456,28.997,122.2,0.0043,0.369,0.19389474
1560213294502,29.043,122.2,0.0043,0.369,0.19389474
1560213294548,29.089,122.2,0.0043,0.369,0.19389474
1560213294610,29.151,122.2,0.00423,0.37,0.19125522
1560213294656,29.197,122.2,0.00423,0.37,0.19125522
1560213294702,29.243,122.2,0.00423,0.37,0.19125522
1560213294748,29.289,122.2,0.00423,0.37,0.19125522
1560213294811,29.352,122.2,0.00422,0.371,0.191318764
1560213294857,29.398,122.2,0.00422,0.371,0.191318764
1560213294903,29.444,122.2,0.00422,0.371,0.191318764
1560213294949,29.49,122.2,0.00422,0.371,0.191318764
1560213295010,29.551,122.1,0.00426,0.371,0.192974166
1560213295056,29.597,122.1,0.00426,0.371,0.192974166
1560213295102,29.643,122.1,0.00426,0.371,0.192974166
1560213295148,29.689,122.1,0.00426,0.371,0.192974166
1560213295210,29.751,122.2,0.00426,0.369,0.192091068
1560213295256,29.797,122.2,0.00426,0.369,0.192091068
1560213295302,29.843,122.2,0.00426,0.369,0.192091068
1560213295348,29.889,122.2,0.00426,0.369,0.192091068
1560213295411,29.952,122.2,0.00423,0.374,0.193322844
1560213295457,29.998,122.2,0.00423,0.374,0.193322844
1560213295503,30.044,122.2,0.00423,0.374,0.193322844
1560213295549,30.09,122.2,0.00423,0.374,0.193322844
1560213295610,30.151,122.2,0.00423,0.372,0.192289032
1560213295656,30.197,122.2,0.00423,0.372,0.192289032
1560213295703,30.244,122.2,0.00423,0.372,0.192289032
1560213295749,30.29,122.2,0.00423,0.372,0.192289032
1560213295810,30.351,122.2,0.00422,0.373,0.192350132
1560213295856,30.397,122.2,0.00422,0.373,0.192350132
1560213295902,30.443,122.2,0.00422,0.373,0.192350132
1560213295948,30.489,122.2,0.00422,0.373,0.192350132
1560213296010,30.551,122.1,0.00426,0.373,0.194014458
1560213296056,30.597,122.1,0.00426,0.373,0.194014458
1560213296103,30.644,122.1,0.00426,0.373,0.194014458
1560213296149,30.69,122.1,0.00426,0.373,0.194014458
1560213296210,30.751,122.1,0.00427,0.367,0.191341689
1560213296256,30.797,122.1,0.00427,0.367,0.191341689
1560213296302,30.843,122.1,0.00427,0.367,0.191341689
1560213296348,30.889,122.1,0.00427,0.367,0.191341689
1560213296410,30.951,122.2,0.00429,0.367,0.192395346
1560213296457,30.998,122.2,0.00429,0.367,0.192395346
1560213296503,31.044,122.2,0.00429,0.367,0.192395346
1560213296549,31.09,122.2,0.00429,0.367,0.192395346
1560213296610,31.151,122.2,0.00424,0.37,0.19170736
1560213296656,31.197,122.2,0.00424,0.37,0.19170736
1560213296702,31.243,122.2,0.00424,0.37,0.19170736
1560213296748,31.289,122.2,0.00424,0.37,0.19170736
1560213296810,31.351,122.2,0.00418,0.371,0.189505316
1560213296856,31.398,122.2,0.00418,0.371,0.189505316
1560213296902,31.443,122.2,0.00418,0.371,0.189505316
1560213296949,31.49,122.2,0.00418,0.371,0.189505316
1560213297010,31.551,122.1,0.00425,0.368,0.1909644
1560213297056,31.597,122.1,0.00425,0.368,0.1909644
1560213297103,31.644,122.1,0.00425,0.368,0.1909644
1560213297149,31.69,122.1,0.00425,0.368,0.1909644
1560213297210,31.751,122.2,0.00426,0.371,0.193132212
1560213297256,31.797,122.2,0.00426,0.371,0.193132212
1560213297303,31.844,122.2,0.00426,0.371,0.193132212
1560213297350,31.891,122.2,0.00426,0.371,0.193132212
1560213297411,31.952,122.2,0.00423,0.374,0.193322844
1560213297458,31.999,122.2,0.00423,0.374,0.193322844
1560213297505,32.046,122.2,0.00423,0.374,0.193322844
1560213297551,32.092,122.2,0.00423,0.374,0.193322844
1560213297610,32.152,122.2,0.00429,0.371,0.194492298
1560213297657,32.198,122.2,0.00429,0.371,0.194492298
1560213297703,32.244,122.2,0.00429,0.371,0.194492298
1560213297749,32.29,122.2,0.00429,0.371,0.194492298
1560213297810,32.351,122.2,0.00425,0.371,0.19267885
1560213297856,32.397,122.2,0.00425,0.371,0.19267885
1560213297902,32.443,122.2,0.00425,0.371,0.19267885
1560213297948,32.489,122.2,0.00425,0.371,0.19267885
1560213298010,32.551,122.1,0.00429,0.367,0.192237903
1560213298057,32.598,122.1,0.00429,0.367,0.192237903
1560213298103,32.644,122.1,0.00429,0.367,0.192237903
1560213298149,32.69,122.1,0.00429,0.367,0.192237903
1560213298210,32.751,122.1,0.00427,0.367,0.191341689
1560213298256,32.797,122.1,0.00427,0.367,0.191341689
1560213298302,32.843,122.1,0.00427,0.367,0.191341689
1560213298348,32.889,122.1,0.00427,0.367,0.191341689
1560213298410,32.951,122.2,0.00425,0.372,0.1931982
1560213298456,32.997,122.2,0.00425,0.372,0.1931982
1560213298503,33.044,122.2,0.00425,0.372,0.1931982
1560213298549,33.09,122.2,0.00425,0.372,0.1931982
1560213298610,33.151,122.2,0.00428,0.372,0.194561952
1560213298656,33.197,122.2,0.00428,0.372,0.194561952
1560213298702,33.243,122.2,0.00428,0.372,0.194561952
1560213298748,33.289,122.2,0.00428,0.372,0.194561952
1560213298811,33.352,122.2,0.00423,0.372,0.192289032
1560213298857,33.398,122.2,0.00423,0.372,0.192289032
1560213298903,33.444,122.2,0.00423,0.372,0.192289032
1560213298949,33.49,122.2,0.00423,0.372,0.192289032
1560213299010,33.551,122.2,0.00427,0.37,0.19306378
1560213299056,33.597,122.2,0.00427,0.37,0.19306378
1560213299102,33.643,122.2,0.00427,0.37,0.19306378
1560213299148,33.689,122.2,0.00427,0.37,0.19306378
1560213299210,33.751,122.2,0.00426,0.369,0.192091068
1560213299256,33.797,122.2,0.00426,0.369,0.192091068
1560213299302,33.843,122.2,0.00426,0.369,0.192091068
1560213299348,33.889,122.2,0.00426,0.369,0.192091068
1560213299410,33.951,122.2,0.00424,0.372,0.192743616
1560213299456,33.997,122.2,0.00424,0.372,0.192743616
1560213299502,34.043,122.2,0.00424,0.372,0.192743616
1560213299548,34.089,122.2,0.00424,0.372,0.192743616
1560213299610,34.151,122.2,0.00425,0.375,0.19475625
1560213299655,34.196,122.2,0.00425,0.375,0.19475625
1560213299702,34.243,122.2,0.00425,0.375,0.19475625
1560213299748,34.289,122.2,0.00425,0.375,0.19475625
1560213299810,34.351,122.2,0.00421,0.373,0.191894326
1560213299856,34.397,122.2,0.00421,0.373,0.191894326
1560213299902,34.443,122.2,0.00421,0.373,0.191894326
1560213299948,34.489,122.2,0.00421,0.373,0.191894326
1560213300010,34.551,122.2,0.00425,0.369,0.19164015
1560213300056,34.597,122.2,0.00425,0.369,0.19164015
1560213300102,34.643,122.2,0.00425,0.369,0.19164015
1560213300149,34.69,122.2,0.00425,0.369,0.19164015
1560213300210,34.751,122.1,0.00427,0.37,0.19290579
1560213300256,34.797,122.1,0.00427,0.37,0.19290579
1560213300302,34.843,122.1,0.00427,0.37,0.19290579
1560213300348,34.889,122.1,0.00427,0.37,0.19290579
1560213300410,34.951,122.2,0.00423,0.374,0.193322844
1560213300457,34.998,122.2,0.00423,0.374,0.193322844
1560213300503,35.044,122.2,0.00423,0.374,0.193322844
1560213300549,35.09,122.2,0.00423,0.374,0.193322844
1560213300610,35.151,122.2,0.00422,0.374,0.192865816
1560213300656,35.197,122.2,0.00422,0.374,0.192865816
1560213300702,35.243,122.2,0.00422,0.374,0.192865816
1560213300748,35.289,122.2,0.00422,0.374,0.192865816
1560213300810,35.351,122.2,0.00422,0.372,0.191834448
1560213300856,35.397,122.2,0.00422,0.372,0.191834448
1560213300902,35.443,122.2,0.00422,0.372,0.191834448
1560213300949,35.49,122.2,0.00422,0.372,0.191834448
1560213301010,35.551,122.1,0.00419,0.371,0.189803229
1560213301056,35.597,122.1,0.00419,0.371,0.189803229
1560213301103,35.644,122.1,0.00419,0.371,0.189803229
1560213301149,35.69,122.1,0.00419,0.371,0.189803229
1560213301210,35.751,122.1,0.00425,0.371,0.192521175
1560213301256,35.797,122.1,0.00425,0.371,0.192521175
1560213301302,35.843,122.1,0.00425,0.371,0.192521175
1560213301348,35.889,122.1,0.00425,0.371,0.192521175
1560213301409,35.95,122.1,0.00424,0.37,0.19155048
1560213301455,35.996,122.1,0.00424,0.37,0.19155048
1560213301501,36.042,122.1,0.00424,0.37,0.19155048
1560213301547,36.088,122.1,0.00424,0.37,0.19155048
1560213301610,36.151,122.1,0.00423,0.371,0.191615193
1560213301656,36.197,122.1,0.00423,0.371,0.191615193
1560213301702,36.243,122.1,0.00423,0.371,0.191615193
1560213301748,36.289,122.1,0.00423,0.371,0.191615193
1560213301809,36.35,122.2,0.00425,0.369,0.19164015
1560213301855,36.396,122.2,0.00425,0.369,0.19164015
1560213301902,36.443,122.2,0.00425,0.369,0.19164015
1560213301948,36.489,122.2,0.00425,0.369,0.19164015
1560213302010,36.551,122.1,0.00423,0.371,0.191615193
1560213302057,36.598,122.1,0.00423,0.371,0.191615193
1560213302103,36.644,122.1,0.00423,0.371,0.191615193
1560213302149,36.69,122.1,0.00423,0.371,0.191615193
1560213302210,36.751,122.1,0.00425,0.367,0.190445475
1560213302256,36.797,122.1,0.00425,0.367,0.190445475
1560213302303,36.844,122.1,0.00425,0.367,0.190445475
1560213302349,36.89,122.1,0.00425,0.367,0.190445475
1560213302410,36.951,122.1,0.00425,0.37,0.19200225
1560213302456,36.997,122.1,0.00425,0.37,0.19200225
1560213302503,37.044,122.1,0.00425,0.37,0.19200225
1560213302549,37.09,122.1,0.00425,0.37,0.19200225
1560213302610,37.151,122.2,0.00424,0.373,0.193261744
1560213302656,37.197,122.2,0.00424,0.373,0.193261744
1560213302702,37.243,122.2,0.00424,0.373,0.193261744
1560213302748,37.289,122.2,0.00424,0.373,0.193261744
1560213302809,37.35,122.2,0.00423,0.373,0.192805938
1560213302855,37.396,122.2,0.00423,0.373,0.192805938
1560213302902,37.443,122.2,0.00423,0.373,0.192805938
1560213302947,37.488,122.2,0.00423,0.373,0.192805938
1560213303010,37.551,122.2,0.00424,0.375,0.194298
1560213303056,37.597,122.2,0.00424,0.375,0.194298
1560213303102,37.643,122.2,0.00424,0.375,0.194298
1560213303148,37.689,122.2,0.00424,0.375,0.194298
1560213303209,37.75,122.2,0.00425,0.369,0.19164015
1560213303255,37.796,122.2,0.00425,0.369,0.19164015
1560213303303,37.844,122.2,0.00425,0.369,0.19164015
1560213303349,37.89,122.2,0.00425,0.369,0.19164015
1560213303409,37.95,122.2,0.00426,0.37,0.19261164
1560213303456,37.997,122.2,0.00426,0.37,0.19261164
1560213303502,38.043,122.2,0.00426,0.37,0.19261164
1560213303548,38.089,122.2,0.00426,0.37,0.19261164
1560213303610,38.151,122.2,0.00428,0.372,0.194561952
1560213303656,38.197,122.2,0.00428,0.372,0.194561952
1560213303702,38.243,122.2,0.00428,0.372,0.194561952
1560213303749,38.29,122.2,0.00428,0.372,0.194561952
1560213303810,38.351,122.2,0.00426,0.374,0.194693928
1560213303856,38.397,122.2,0.00426,0.374,0.194693928
1560213303902,38.443,122.2,0.00426,0.374,0.194693928
1560213303948,38.489,122.2,0.00426,0.374,0.194693928
1560213304009,38.55,122.2,0.00425,0.37,0.1921595
1560213304055,38.596,122.2,0.00425,0.37,0.1921595
1560213304101,38.642,122.2,0.00425,0.37,0.1921595
1560213304147,38.688,122.2,0.00425,0.37,0.1921595
1560213304210,38.751,122.2,0.00424,0.373,0.193261744
1560213304256,38.797,122.2,0.00424,0.373,0.193261744
1560213304302,38.843,122.2,0.00424,0.373,0.193261744
1560213304348,38.889,122.2,0.00424,0.373,0.193261744
1560213304409,38.95,122.2,0.00426,0.373,0.194173356
1560213304456,38.997,122.2,0.00426,0.373,0.194173356
1560213304502,39.043,122.2,0.00426,0.373,0.194173356
1560213304548,39.089,122.2,0.00426,0.373,0.194173356
1560213304609,39.15,122.2,0.00425,0.372,0.1931982
1560213304655,39.196,122.2,0.00425,0.372,0.1931982
1560213304701,39.242,122.2,0.00425,0.372,0.1931982
1560213304747,39.288,122.2,0.00425,0.372,0.1931982
1560213304810,39.351,122.2,0.00423,0.375,0.19383975
1560213304856,39.397,122.2,0.00423,0.375,0.19383975
1560213304902,39.443,122.2,0.00423,0.375,0.19383975
1560213304948,39.489,122.2,0.00423,0.375,0.19383975
1560213305009,39.55,122.2,0.0042,0.375,0.192465
1560213305056,39.597,122.2,0.0042,0.375,0.192465
1560213305102,39.643,122.2,0.0042,0.375,0.192465
1560213305148,39.689,122.2,0.0042,0.375,0.192465
1560213305209,39.75,122.1,0.00424,0.367,0.189997368
1560213305255,39.796,122.1,0.00424,0.367,0.189997368
1560213305301,39.842,122.1,0.00424,0.367,0.189997368
1560213305347,39.888,122.1,0.00424,0.367,0.189997368
1560213305409,39.95,122.1,0.00424,0.372,0.192585888
1560213305455,39.996,122.1,0.00424,0.372,0.192585888
1560213305501,40.042,122.1,0.00424,0.372,0.192585888
1560213305547,40.088,122.1,0.00424,0.372,0.192585888
1560213305609,40.15,122.2,0.00429,0.372,0.195016536
1560213305655,40.196,122.2,0.00429,0.372,0.195016536
1560213305701,40.242,122.2,0.00429,0.372,0.195016536
1560213305746,40.287,122.2,0.00429,0.372,0.195016536
1560213305810,40.351,122.2,0.00431,0.373,0.196452386
1560213305856,40.397,122.2,0.00431,0.373,0.196452386
1560213305902,40.443,122.2,0.00431,0.373,0.196452386
1560213305948,40.489,122.2,0.00431,0.373,0.196452386
1560213306009,40.55,122.2,0.00429,0.369,0.193443822
1560213306055,40.596,122.2,0.00429,0.369,0.193443822
1560213306102,40.643,122.2,0.00429,0.369,0.193443822
1560213306148,40.689,122.2,0.00429,0.369,0.193443822
1560213306209,40.75,122.2,0.00429,0.372,0.195016536
1560213306255,40.796,122.2,0.00429,0.372,0.195016536
1560213306301,40.842,122.2,0.00429,0.372,0.195016536
1560213306347,40.888,122.2,0.00429,0.372,0.195016536
1560213306409,40.95,122.2,0.00429,0.373,0.195540774
1560213306455,40.996,122.2,0.00429,0.373,0.195540774
1560213306501,41.042,122.2,0.00429,0.373,0.195540774
1560213306548,41.089,122.2,0.00429,0.373,0.195540774
1560213306610,41.151,122.2,0.00429,0.368,0.192919584
1560213306656,41.197,122.2,0.00429,0.368,0.192919584
1560213306702,41.243,122.2,0.00429,0.368,0.192919584
1560213306748,41.289,122.2,0.00429,0.368,0.192919584
1560213306809,41.35,122.2,0.00426,0.37,0.19261164
1560213306855,41.396,122.2,0.00426,0.37,0.19261164
1560213306902,41.443,122.2,0.00426,0.37,0.19261164
1560213306948,41.489,122.2,0.00426,0.37,0.19261164
1560213307009,41.55,122.2,0.00424,0.374,0.193779872
1560213307055,41.596,122.2,0.00424,0.374,0.193779872
1560213307101,41.642,122.2,0.00424,0.374,0.193779872
1560213307147,41.688,122.2,0.00424,0.374,0.193779872
1560213307209,41.75,122.2,0.00424,0.371,0.192225488
1560213307256,41.797,122.2,0.00424,0.371,0.192225488
1560213307302,41.843,122.2,0.00424,0.371,0.192225488
1560213307348,41.889,122.2,0.00424,0.371,0.192225488
1560213307409,41.95,122.2,0.00429,0.37,0.19396806
1560213307455,41.996,122.2,0.00429,0.37,0.19396806
1560213307501,42.042,122.2,0.00429,0.37,0.19396806
1560213307547,42.088,122.2,0.00429,0.37,0.19396806
1560213307610,42.151,122.2,0.00427,0.371,0.193585574
1560213307656,42.197,122.2,0.00427,0.371,0.193585574
1560213307702,42.243,122.2,0.00427,0.371,0.193585574
1560213307748,42.289,122.2,0.00427,0.371,0.193585574
1560213307809,42.351,122.2,0.00427,0.37,0.19306378
1560213307855,42.397,122.2,0.00427,0.37,0.19306378
1560213307901,42.443,122.2,0.00427,0.37,0.19306378
1560213307947,42.488,122.2,0.00427,0.37,0.19306378
1560213308010,42.551,122.2,0.00421,0.374,0.192408788
1560213308056,42.597,122.2,0.00421,0.374,0.192408788
1560213308102,42.643,122.2,0.00421,0.374,0.192408788
1560213308148,42.689,122.2,0.00421,0.374,0.192408788
1560213308209,42.75,122.1,0.00424,0.372,0.192585888
1560213308255,42.796,122.1,0.00424,0.372,0.192585888
1560213308301,42.843,122.1,0.00424,0.372,0.192585888
1560213308347,42.888,122.1,0.00424,0.372,0.192585888
1560213308409,42.95,122.1,0.00423,0.372,0.192131676
1560213308455,42.996,122.1,0.00423,0.372,0.192131676
1560213308500,43.041,122.1,0.00423,0.372,0.192131676
1560213308546,43.087,122.1,0.00423,0.372,0.192131676
1560213308609,43.15,122.2,0.00425,0.374,0.1942369
1560213308655,43.196,122.2,0.00425,0.374,0.1942369
1560213308701,43.242,122.2,0.00425,0.374,0.1942369
1560213308747,43.288,122.2,0.00425,0.374,0.1942369
1560213308809,43.35,122.2,0.00425,0.374,0.1942369
1560213308855,43.396,122.2,0.00425,0.374,0.1942369
1560213308901,43.442,122.2,0.00425,0.374,0.1942369
1560213308947,43.488,122.2,0.00425,0.374,0.1942369
1560213309009,43.55,122.2,0.00421,0.371,0.190865402
1560213309055,43.596,122.2,0.00421,0.371,0.190865402
1560213309101,43.642,122.2,0.00421,0.371,0.190865402
1560213309147,43.688,122.2,0.00421,0.371,0.190865402
1560213309210,43.751,122.1,0.00425,0.372,0.1930401
1560213309256,43.797,122.1,0.00425,0.372,0.1930401
1560213309302,43.843,122.1,0.00425,0.372,0.1930401
1560213309348,43.889,122.1,0.00425,0.372,0.1930401
1560213309410,43.951,122.2,0.00425,0.374,0.1942369
1560213309456,43.998,122.2,0.00425,0.374,0.1942369
1560213309502,44.044,122.2,0.00425,0.374,0.1942369
1560213309548,44.09,122.2,0.00425,0.374,0.1942369
1560213309610,44.151,122.2,0.00423,0.374,0.193322844
1560213309656,44.197,122.2,0.00423,0.374,0.193322844
1560213309702,44.243,122.2,0.00423,0.374,0.193322844
1560213309748,44.289,122.2,0.00423,0.374,0.193322844
1560213309810,44.351,122.2,0.00425,0.373,0.19371755
1560213309856,44.397,122.2,0.00425,0.373,0.19371755
1560213309902,44.443,122.2,0.00425,0.373,0.19371755
1560213309949,44.49,122.2,0.00425,0.373,0.19371755
1560213310009,44.55,122.2,0.00423,0.37,0.19125522
1560213310054,44.595,122.2,0.00423,0.37,0.19125522
1560213310100,44.641,122.2,0.00423,0.37,0.19125522
1560213310146,44.687,122.2,0.00423,0.37,0.19125522
1560213310209,44.75,122.2,0.00425,0.374,0.1942369
1560213310254,44.796,122.2,0.00425,0.374,0.1942369
1560213310301,44.842,122.2,0.00425,0.374,0.1942369
1560213310347,44.888,122.2,0.00425,0.374,0.1942369
1560213310409,44.95,122.2,0.00426,0.373,0.194173356
1560213310455,44.996,122.2,0.00426,0.373,0.194173356
1560213310501,45.042,122.2,0.00426,0.373,0.194173356
1560213310547,45.088,122.2,0.00426,0.373,0.194173356
1560213310609,45.15,122.2,0.00422,0.372,0.191834448
1560213310655,45.196,122.2,0.00422,0.372,0.191834448
1560213310701,45.242,122.2,0.00422,0.372,0.191834448
1560213310747,45.288,122.2,0.00422,0.372,0.191834448
1560213310809,45.35,122.2,0.00425,0.371,0.19267885
1560213310855,45.396,122.2,0.00425,0.371,0.19267885
1560213310902,45.443,122.2,0.00425,0.371,0.19267885
1560213310948,45.489,122.2,0.00425,0.371,0.19267885
1560213311009,45.55,122.2,0.00419,0.371,0.189958678
1560213311055,45.596,122.2,0.00419,0.371,0.189958678
1560213311101,45.642,122.2,0.00419,0.371,0.189958678
1560213311147,45.688,122.2,0.00419,0.371,0.189958678
1560213311208,45.749,122.2,0.00423,0.373,0.192805938
1560213311254,45.795,122.2,0.00423,0.373,0.192805938
1560213311301,45.842,122.2,0.00423,0.373,0.192805938
1560213311346,45.888,122.2,0.00423,0.373,0.192805938
1560213311409,45.95,122.2,0.00425,0.371,0.19267885
1560213311455,45.996,122.2,0.00425,0.371,0.19267885
1560213311501,46.042,122.2,0.00425,0.371,0.19267885
1560213311547,46.088,122.2,0.00425,0.371,0.19267885
1560213311608,46.149,122.2,0.00425,0.375,0.19475625
1560213311654,46.195,122.2,0.00425,0.375,0.19475625
1560213311701,46.242,122.2,0.00425,0.375,0.19475625
1560213311746,46.288,122.2,0.00425,0.375,0.19475625
1560213311809,46.35,122.2,0.00417,0.375,0.19109025
1560213311855,46.396,122.2,0.00417,0.375,0.19109025
1560213311901,46.442,122.2,0.00417,0.375,0.19109025
1560213311947,46.488,122.2,0.00417,0.375,0.19109025
1560213312008,46.549,122.2,0.00418,0.372,0.190016112
1560213312054,46.595,122.2,0.00418,0.372,0.190016112
1560213312100,46.641,122.2,0.00418,0.372,0.190016112
1560213312146,46.687,122.2,0.00418,0.372,0.190016112
1560213312209,46.75,122.1,0.00424,0.373,0.193103592
1560213312254,46.796,122.1,0.00424,0.373,0.193103592
1560213312301,46.842,122.1,0.00424,0.373,0.193103592
1560213312347,46.888,122.1,0.00424,0.373,0.193103592
1560213312409,46.95,122.2,0.00425,0.372,0.1931982
1560213312456,46.997,122.2,0.00425,0.372,0.1931982
1560213312501,47.043,122.2,0.00425,0.372,0.1931982
1560213312548,47.089,122.2,0.00425,0.372,0.1931982
1560213312609,47.15,122.2,0.00422,0.375,0.1933815
1560213312655,47.196,122.2,0.00422,0.375,0.1933815
1560213312701,47.242,122.2,0.00422,0.375,0.1933815
1560213312747,47.289,122.2,0.00422,0.375,0.1933815
1560213312809,47.35,122.2,0.00423,0.372,0.192289032
1560213312855,47.396,122.2,0.00423,0.372,0.192289032
1560213312901,47.442,122.2,0.00423,0.372,0.192289032
1560213312947,47.488,122.2,0.00423,0.372,0.192289032
1560213313008,47.549,122.2,0.00417,0.373,0.190071102
1560213313054,47.595,122.2,0.00417,0.373,0.190071102
1560213313101,47.642,122.2,0.00417,0.373,0.190071102
1560213313146,47.687,122.2,0.00417,0.373,0.190071102
1560213313209,47.75,122.2,0.00421,0.373,0.191894326
1560213313255,47.796,122.2,0.00421,0.373,0.191894326
1560213313301,47.842,122.2,0.00421,0.373,0.191894326
1560213313348,47.889,122.2,0.00421,0.373,0.191894326
1560213313409,47.95,122.2,0.00423,0.371,0.191772126
1560213313455,47.996,122.2,0.00423,0.371,0.191772126
1560213313501,48.042,122.2,0.00423,0.371,0.191772126
1560213313548,48.089,122.2,0.00423,0.371,0.191772126
1560213313609,48.15,122.2,0.00424,0.373,0.193261744
1560213313654,48.195,122.2,0.00424,0.373,0.193261744
1560213313700,48.241,122.2,0.00424,0.373,0.193261744
1560213313746,48.287,122.2,0.00424,0.373,0.193261744
1560213313808,48.349,122.2,0.0042,0.373,0.19143852
1560213313855,48.396,122.2,0.0042,0.373,0.19143852
1560213313901,48.442,122.2,0.0042,0.373,0.19143852
1560213313947,48.488,122.2,0.0042,0.373,0.19143852
1560213314008,48.549,122.2,0.0042,0.374,0.19195176
1560213314054,48.595,122.2,0.0042,0.374,0.19195176
1560213314100,48.641,122.2,0.0042,0.374,0.19195176
1560213314146,48.687,122.2,0.0042,0.374,0.19195176
1560213314209,48.75,122.2,0.00424,0.37,0.19170736
1560213314255,48.796,122.2,0.00424,0.37,0.19170736
1560213314301,48.842,122.2,0.00424,0.37,0.19170736
1560213314347,48.888,122.2,0.00424,0.37,0.19170736
1560213314408,48.949,122.2,0.00422,0.374,0.192865816
1560213314454,48.995,122.2,0.00422,0.374,0.192865816
1560213314500,49.041,122.2,0.00422,0.374,0.192865816
1560213314546,49.087,122.2,0.00422,0.374,0.192865816
1560213314609,49.15,122.2,0.00421,0.377,0.193952174
1560213314657,49.198,122.2,0.00421,0.377,0.193952174
1560213314704,49.245,122.2,0.00421,0.377,0.193952174
1560213314750,49.291,122.2,0.00421,0.377,0.193952174
1560213314808,49.349,122.2,0.00422,0.376,0.193897184
1560213314855,49.396,122.2,0.00422,0.376,0.193897184
1560213314901,49.442,122.2,0.00422,0.376,0.193897184
1560213314947,49.488,122.2,0.00422,0.376,0.193897184
1560213315008,49.549,122.2,0.00418,0.372,0.190016112
1560213315054,49.595,122.2,0.00418,0.372,0.190016112
1560213315100,49.641,122.2,0.00418,0.372,0.190016112
1560213315146,49.687,122.2,0.00418,0.372,0.190016112
1560213315209,49.75,122.2,0.00424,0.37,0.19170736
1560213315255,49.796,122.2,0.00424,0.37,0.19170736
1560213315301,49.842,122.2,0.00424,0.37,0.19170736
1560213315347,49.888,122.2,0.00424,0.37,0.19170736
1560213315408,49.949,122.2,0.00425,0.368,0.1911208
1560213315454,49.995,122.2,0.00425,0.368,0.1911208
1560213315500,50.041,122.2,0.00425,0.368,0.1911208
1560213315546,50.087,122.2,0.00425,0.368,0.1911208
1560213315609,50.15,122.2,0.00424,0.373,0.193261744
1560213315655,50.196,122.2,0.00424,0.373,0.193261744
1560213315701,50.242,122.2,0.00424,0.373,0.193261744
1560213315746,50.288,122.2,0.00424,0.373,0.193261744
1560213315809,50.35,122.2,0.00425,0.372,0.1931982
1560213315855,50.396,122.2,0.00425,0.372,0.1931982
1560213315901,50.442,122.2,0.00425,0.372,0.1931982
1560213315947,50.488,122.2,0.00425,0.372,0.1931982
1560213316009,50.55,122.2,0.00421,0.374,0.192408788
1560213316055,50.596,122.2,0.00421,0.374,0.192408788
1560213316101,50.642,122.2,0.00421,0.374,0.192408788
1560213316146,50.688,122.2,0.00421,0.374,0.192408788
1560213316209,50.75,122.1,0.00423,0.369,0.190582227
1560213316255,50.796,122.1,0.00423,0.369,0.190582227
1560213316301,50.842,122.1,0.00423,0.369,0.190582227
1560213316347,50.888,122.1,0.00423,0.369,0.190582227
1560213316408,50.949,122.1,0.00424,0.371,0.192068184
1560213316454,50.995,122.1,0.00424,0.371,0.192068184
1560213316500,51.041,122.1,0.00424,0.371,0.192068184
1560213316546,51.087,122.1,0.00424,0.371,0.192068184
1560213316608,51.149,122.1,0.00419,0.374,0.191338026
1560213316654,51.195,122.1,0.00419,0.374,0.191338026
1560213316700,51.241,122.1,0.00419,0.374,0.191338026
1560213316746,51.287,122.1,0.00419,0.374,0.191338026
1560213316809,51.35,122.2,0.00424,0.376,0.194816128
1560213316855,51.397,122.2,0.00424,0.376,0.194816128
1560213316902,51.443,122.2,0.00424,0.376,0.194816128
1560213316948,51.489,122.2,0.00424,0.376,0.194816128
1560213317009,51.55,122.2,0.0042,0.374,0.19195176
1560213317055,51.596,122.2,0.0042,0.374,0.19195176
1560213317101,51.642,122.2,0.0042,0.374,0.19195176
1560213317147,51.688,122.2,0.0042,0.374,0.19195176
1560213317208,51.749,122.1,0.00424,0.368,0.190515072
1560213317254,51.795,122.1,0.00424,0.368,0.190515072
1560213317300,51.841,122.1,0.00424,0.368,0.190515072
1560213317346,51.887,122.1,0.00424,0.368,0.190515072
1560213317408,51.949,122.1,0.00425,0.372,0.1930401
1560213317454,51.995,122.1,0.00425,0.372,0.1930401
1560213317500,52.041,122.1,0.00425,0.372,0.1930401
1560213317545,52.086,122.1,0.00425,0.372,0.1930401
1560213317609,52.15,122.2,0.00424,0.371,0.192225488
1560213317655,52.196,122.2,0.00424,0.371,0.192225488
1560213317701,52.242,122.2,0.00424,0.371,0.192225488
1560213317747,52.288,122.2,0.00424,0.371,0.192225488
1560213317809,52.35,122.2,0.00422,0.375,0.1933815
1560213317855,52.396,122.2,0.00422,0.375,0.1933815
1560213317901,52.442,122.2,0.00422,0.375,0.1933815
1560213317947,52.488,122.2,0.00422,0.375,0.1933815
1560213318009,52.55,122.2,0.00423,0.377,0.194873562
1560213318055,52.596,122.2,0.00423,0.377,0.194873562
1560213318101,52.642,122.2,0.00423,0.377,0.194873562
1560213318147,52.688,122.2,0.00423,0.377,0.194873562
1560213318208,52.749,122.2,0.00423,0.373,0.192805938
1560213318254,52.795,122.2,0.00423,0.373,0.192805938
1560213318301,52.842,122.2,0.00423,0.373,0.192805938
1560213318347,52.888,122.2,0.00423,0.373,0.192805938
1560213318408,52.949,122.2,0.00421,0.372,0.191379864
1560213318454,52.995,122.2,0.00421,0.372,0.191379864
1560213318500,53.041,122.2,0.00421,0.372,0.191379864
1560213318546,53.087,122.2,0.00421,0.372,0.191379864
1560213318608,53.149,122.2,0.00422,0.374,0.192865816
1560213318654,53.195,122.2,0.00422,0.374,0.192865816
1560213318701,53.242,122.2,0.00422,0.374,0.192865816
1560213318747,53.288,122.2,0.00422,0.374,0.192865816
1560213318808,53.349,122.2,0.00418,0.376,0.192059296
1560213318854,53.395,122.2,0.00418,0.376,0.192059296
1560213318900,53.441,122.2,0.00418,0.376,0.192059296
1560213318946,53.487,122.2,0.00418,0.376,0.192059296
1560213319009,53.55,122.2,0.00419,0.375,0.19200675
1560213319055,53.596,122.2,0.00419,0.375,0.19200675
1560213319101,53.642,122.2,0.00419,0.375,0.19200675
1560213319147,53.688,122.2,0.00419,0.375,0.19200675
1560213319208,53.749,122.2,0.00422,0.371,0.191318764
1560213319254,53.795,122.2,0.00422,0.371,0.191318764
1560213319300,53.841,122.2,0.00422,0.371,0.191318764
1560213319346,53.887,122.2,0.00422,0.371,0.191318764
1560213319408,53.949,122.2,0.00425,0.372,0.1931982
1560213319454,53.995,122.2,0.00425,0.372,0.1931982
1560213319500,54.041,122.2,0.00425,0.372,0.1931982
1560213319546,54.087,122.2,0.00425,0.372,0.1931982
1560213319608,54.149,122.2,0.00421,0.375,0.19292325
1560213319654,54.195,122.2,0.00421,0.375,0.19292325
1560213319700,54.241,122.2,0.00421,0.375,0.19292325
1560213319746,54.287,122.2,0.00421,0.375,0.19292325
1560213319808,54.349,122.2,0.0042,0.377,0.19349148
1560213319854,54.395,122.2,0.0042,0.377,0.19349148
1560213319900,54.441,122.2,0.0042,0.377,0.19349148
1560213319946,54.487,122.2,0.0042,0.377,0.19349148
1560213320008,54.549,122.2,0.0042,0.374,0.19195176
1560213320053,54.594,122.2,0.0042,0.374,0.19195176
1560213320099,54.641,122.2,0.0042,0.374,0.19195176
1560213320146,54.687,122.2,0.0042,0.374,0.19195176
1560213320208,54.749,122.2,0.00422,0.371,0.191318764
1560213320254,54.795,122.2,0.00422,0.371,0.191318764
1560213320301,54.842,122.2,0.00422,0.371,0.191318764
1560213320346,54.888,122.2,0.00422,0.371,0.191318764
1560213320408,54.949,122.1,0.00424,0.37,0.19155048
1560213320453,54.995,122.1,0.00424,0.37,0.19155048
1560213320500,55.041,122.1,0.00424,0.37,0.19155048
1560213320546,55.087,122.1,0.00424,0.37,0.19155048
1560213320608,55.149,122.2,0.00424,0.372,0.192743616
1560213320654,55.195,122.2,0.00424,0.372,0.192743616
1560213320700,55.241,122.2,0.00424,0.372,0.192743616
1560213320758,55.299,122.2,0.00424,0.372,0.192743616
1560213320808,55.349,122.2,0.00426,0.368,0.191570496
1560213320853,55.394,122.2,0.00426,0.368,0.191570496
1560213320900,55.441,122.2,0.00426,0.368,0.191570496
1560213320946,55.487,122.2,0.00426,0.368,0.191570496
1560213321008,55.549,122.2,0.00424,0.371,0.192225488
1560213321054,55.595,122.2,0.00424,0.371,0.192225488
1560213321100,55.641,122.2,0.00424,0.371,0.192225488
1560213321146,55.687,122.2,0.00424,0.371,0.192225488
1560213321207,55.748,122.2,0.00423,0.368,0.190221408
1560213321253,55.794,122.2,0.00423,0.368,0.190221408
1560213321300,55.841,122.2,0.00423,0.368,0.190221408
1560213321347,55.888,122.2,0.00423,0.368,0.190221408
1560213321408,55.949,122.2,0.00426,0.37,0.19261164
1560213321454,55.995,122.2,0.00426,0.37,0.19261164
1560213321500,56.041,122.2,0.00426,0.37,0.19261164
1560213321546,56.087,122.2,0.00426,0.37,0.19261164
1560213321608,56.149,122.2,0.00425,0.372,0.1931982
1560213321654,56.195,122.2,0.00425,0.372,0.1931982
1560213321700,56.241,122.2,0.00425,0.372,0.1931982
1560213321746,56.287,122.2,0.00425,0.372,0.1931982
1560213321808,56.349,122.2,0.00425,0.369,0.19164015
1560213321854,56.395,122.2,0.00425,0.369,0.19164015
1560213321900,56.441,122.2,0.00425,0.369,0.19164015
1560213321947,56.488,122.2,0.00425,0.369,0.19164015
1560213322008,56.549,122.2,0.00422,0.37,0.19080308
1560213322054,56.595,122.2,0.00422,0.37,0.19080308
1560213322100,56.641,122.2,0.00422,0.37,0.19080308
1560213322146,56.687,122.2,0.00422,0.37,0.19080308
1560213322207,56.748,122.2,0.00422,0.37,0.19080308
1560213322253,56.794,122.2,0.00422,0.37,0.19080308
1560213322299,56.84,122.2,0.00422,0.37,0.19080308
1560213322345,56.887,122.2,0.00422,0.37,0.19080308
1560213322408,56.949,122.2,0.00426,0.373,0.194173356
1560213322454,56.995,122.2,0.00426,0.373,0.194173356
1560213322500,57.041,122.2,0.00426,0.373,0.194173356
1560213322546,57.087,122.2,0.00426,0.373,0.194173356
1560213322607,57.148,122.2,0.00426,0.372,0.193652784
1560213322653,57.194,122.2,0.00426,0.372,0.193652784
1560213322699,57.24,122.2,0.00426,0.372,0.193652784
1560213322745,57.286,122.2,0.00426,0.372,0.193652784
1560213322808,57.349,122.2,0.00423,0.372,0.192289032
1560213322854,57.395,122.2,0.00423,0.372,0.192289032
1560213322900,57.441,122.2,0.00423,0.372,0.192289032
1560213322946,57.487,122.2,0.00423,0.372,0.192289032
1560213323007,57.548,122.2,0.00424,0.371,0.192225488
1560213323053,57.594,122.2,0.00424,0.371,0.192225488
1560213323099,57.64,122.2,0.00424,0.371,0.192225488
1560213323146,57.687,122.2,0.00424,0.371,0.192225488
1560213323208,57.749,122.2,0.00422,0.372,0.191834448
1560213323254,57.795,122.2,0.00422,0.372,0.191834448
1560213323301,57.842,122.2,0.00422,0.372,0.191834448
1560213323347,57.888,122.2,0.00422,0.372,0.191834448
1560213323408,57.949,122.2,0.00424,0.371,0.192225488
1560213323454,57.995,122.2,0.00424,0.371,0.192225488
1560213323500,58.041,122.2,0.00424,0.371,0.192225488
1560213323546,58.087,122.2,0.00424,0.371,0.192225488
1560213323607,58.148,122.2,0.00425,0.371,0.19267885
1560213323653,58.194,122.2,0.00425,0.371,0.19267885
1560213323699,58.24,122.2,0.00425,0.371,0.19267885
1560213323745,58.286,122.2,0.00425,0.371,0.19267885
1560213323808,58.349,122.2,0.00424,0.374,0.193779872
1560213323854,58.395,122.2,0.00424,0.374,0.193779872
1560213323900,58.441,122.2,0.00424,0.374,0.193779872
1560213323946,58.487,122.2,0.00424,0.374,0.193779872
1560213324007,58.548,122.2,0.00421,0.374,0.192408788
1560213324053,58.594,122.2,0.00421,0.374,0.192408788
1560213324099,58.64,122.2,0.00421,0.374,0.192408788
1560213324145,58.686,122.2,0.00421,0.374,0.192408788
1560213324207,58.748,122.2,0.00423,0.373,0.192805938
1560213324254,58.795,122.2,0.00423,0.373,0.192805938
1560213324302,58.843,122.2,0.00423,0.373,0.192805938
1560213324348,58.889,122.2,0.00423,0.373,0.192805938
1560213324408,58.949,122.2,0.00427,0.371,0.193585574
1560213324454,58.995,122.2,0.00427,0.371,0.193585574
1560213324501,59.042,122.2,0.00427,0.371,0.193585574
1560213324547,59.088,122.2,0.00427,0.371,0.193585574
1560213324608,59.149,122.2,0.00426,0.372,0.193652784
1560213324654,59.195,122.2,0.00426,0.372,0.193652784
1560213324703,59.244,122.2,0.00426,0.372,0.193652784
1560213324749,59.29,122.2,0.00426,0.372,0.193652784
1560213324807,59.348,122.2,0.00428,0.369,0.192992904
1560213324853,59.394,122.2,0.00428,0.369,0.192992904
1560213324899,59.44,122.2,0.00428,0.369,0.192992904
1560213324945,59.486,122.2,0.00428,0.369,0.192992904
1560213325008,59.549,122.2,0.00423,0.372,0.192289032
1560213325054,59.595,122.2,0.00423,0.372,0.192289032
1560213325100,59.641,122.2,0.00423,0.372,0.192289032
1560213325146,59.687,122.2,0.00423,0.372,0.192289032
1560213325207,59.748,122.2,0.00423,0.373,0.192805938
1560213325253,59.794,122.2,0.00423,0.373,0.192805938
1560213325299,59.84,122.2,0.00423,0.373,0.192805938
1560213325345,59.886,122.2,0.00423,0.373,0.192805938
1560213325407,59.948,122.2,0.00427,0.371,0.193585574
1560213325452,59.993,122.2,0.00427,0.371,0.193585574
1560213325498,60.039,122.2,0.00427,0.371,0.193585574
1560213325544,60.085,122.2,0.00427,0.371,0.193585574
1560213325608,60.149,122.2,0.00425,0.374,0.1942369
1560213325654,60.195,122.2,0.00425,0.374,0.1942369
1560213325700,60.241,122.2,0.00425,0.374,0.1942369
1560213325746,60.287,122.2,0.00425,0.374,0.1942369
1560213325807,60.348,122.2,0.00426,0.375,0.1952145
1560213325853,60.394,122.2,0.00426,0.375,0.1952145
1560213325900,60.441,122.2,0.00426,0.375,0.1952145
1560213325946,60.487,122.2,0.00426,0.375,0.1952145
1560213326007,60.548,122.2,0.00423,0.373,0.192805938
1560213326053,60.594,122.2,0.00423,0.373,0.192805938
1560213326099,60.64,122.2,0.00423,0.373,0.192805938
1560213326145,60.686,122.2,0.00423,0.373,0.192805938
1560213326207,60.748,122.2,0.0042,0.377,0.19349148
1560213326253,60.794,122.2,0.0042,0.377,0.19349148
1560213326299,60.84,122.2,0.0042,0.377,0.19349148
1560213326345,60.887,122.2,0.0042,0.377,0.19349148
1560213326408,60.949,122.2,0.00426,0.368,0.191570496
1560213326454,60.995,122.2,0.00426,0.368,0.191570496
1560213326500,61.041,122.2,0.00426,0.368,0.191570496
1560213326546,61.087,122.2,0.00426,0.368,0.191570496
1560213326607,61.148,122.2,0.00429,0.371,0.194492298
1560213326653,61.194,122.2,0.00429,0.371,0.194492298
1560213326699,61.24,122.2,0.00429,0.371,0.194492298
1560213326745,61.286,122.2,0.00429,0.371,0.194492298
1560213326808,61.349,122.2,0.00423,0.372,0.192289032
1560213326854,61.395,122.2,0.00423,0.372,0.192289032
1560213326900,61.441,122.2,0.00423,0.372,0.192289032
1560213326946,61.487,122.2,0.00423,0.372,0.192289032
1560213327008,61.549,122.2,0.00422,0.373,0.192350132
1560213327053,61.594,122.2,0.00422,0.373,0.192350132
1560213327099,61.64,122.2,0.00422,0.373,0.192350132
1560213327145,61.687,122.2,0.00422,0.373,0.192350132
1560213327207,61.748,122.2,0.00421,0.375,0.19292325
1560213327252,61.794,122.2,0.00421,0.375,0.19292325
1560213327299,61.84,122.2,0.00421,0.375,0.19292325
1560213327345,61.886,122.2,0.00421,0.375,0.19292325
1560213327407,61.948,122.2,0.00423,0.374,0.193322844
1560213327454,61.995,122.2,0.00423,0.374,0.193322844
1560213327500,62.041,122.2,0.00423,0.374,0.193322844
1560213327546,62.087,122.2,0.00423,0.374,0.193322844
1560213327607,62.148,122.2,0.00423,0.374,0.193322844
1560213327653,62.194,122.2,0.00423,0.374,0.193322844
1560213327700,62.241,122.2,0.00423,0.374,0.193322844
1560213327746,62.287,122.2,0.00423,0.374,0.193322844
1560213327807,62.348,122.2,0.00423,0.377,0.194873562
1560213327854,62.395,122.2,0.00423,0.377,0.194873562
1560213327900,62.441,122.2,0.00423,0.377,0.194873562
1560213327945,62.487,122.2,0.00423,0.377,0.194873562
1560213328007,62.548,122.2,0.00417,0.374,0.190580676
1560213328052,62.594,122.2,0.00417,0.374,0.190580676
1560213328099,62.64,122.2,0.00417,0.374,0.190580676
1560213328145,62.686,122.2,0.00417,0.374,0.190580676
1560213328207,62.748,122.2,0.00421,0.374,0.192408788
1560213328253,62.794,122.2,0.00421,0.374,0.192408788
1560213328299,62.84,122.2,0.00421,0.374,0.192408788
1560213328345,62.887,122.2,0.00421,0.374,0.192408788
1560213328407,62.948,122.2,0.00423,0.373,0.192805938
1560213328452,62.994,122.2,0.00423,0.373,0.192805938
1560213328499,63.04,122.2,0.00423,0.373,0.192805938
1560213328545,63.086,122.2,0.00423,0.373,0.192805938
1560213328607,63.148,122.2,0.00423,0.374,0.193322844
1560213328653,63.194,122.2,0.00423,0.374,0.193322844
1560213328699,63.24,122.2,0.00423,0.374,0.193322844
1560213328745,63.286,122.2,0.00423,0.374,0.193322844
1560213328807,63.348,122.2,0.00421,0.372,0.191379864
1560213328853,63.394,122.2,0.00421,0.372,0.191379864
1560213328899,63.44,122.2,0.00421,0.372,0.191379864
1560213328945,63.486,122.2,0.00421,0.372,0.191379864
1560213329007,63.548,122.2,0.00421,0.377,0.193952174
1560213329054,63.595,122.2,0.00421,0.377,0.193952174
1560213329100,63.641,122.2,0.00421,0.377,0.193952174
1560213329146,63.687,122.2,0.00421,0.377,0.193952174
1560213329207,63.748,122.2,0.00421,0.372,0.191379864
1560213329253,63.794,122.2,0.00421,0.372,0.191379864
1560213329299,63.84,122.2,0.00421,0.372,0.191379864
1560213329345,63.886,122.2,0.00421,0.372,0.191379864
1560213329407,63.948,122.2,0.00422,0.374,0.192865816
1560213329453,63.994,122.2,0.00422,0.374,0.192865816
1560213329499,64.04,122.2,0.00422,0.374,0.192865816
1560213329545,64.086,122.2,0.00422,0.374,0.192865816
1560213329606,64.147,122.2,0.00423,0.373,0.192805938
1560213329652,64.193,122.2,0.00423,0.373,0.192805938
1560213329699,64.24,122.2,0.00423,0.373,0.192805938
1560213329745,64.286,122.2,0.00423,0.373,0.192805938
1560213329807,64.348,122.2,0.00422,0.379,0.195444236
1560213329853,64.394,122.2,0.00422,0.379,0.195444236
1560213329899,64.44,122.2,0.00422,0.379,0.195444236
1560213329945,64.486,122.2,0.00422,0.379,0.195444236
1560213330007,64.548,122.2,0.00425,0.375,0.19475625
1560213330053,64.594,122.2,0.00425,0.375,0.19475625
1560213330099,64.64,122.2,0.00425,0.375,0.19475625
1560213330145,64.686,122.2,0.00425,0.375,0.19475625
1560213330207,64.748,122.2,0.00425,0.373,0.19371755
1560213330254,64.795,122.2,0.00425,0.373,0.19371755
1560213330306,64.847,122.2,0.00425,0.373,0.19371755
1560213330352,64.893,122.2,0.00425,0.373,0.19371755
1560213330407,64.948,122.2,0.00424,0.372,0.192743616
1560213330453,64.994,122.2,0.00424,0.372,0.192743616
1560213330499,65.04,122.2,0.00424,0.372,0.192743616
1560213330545,65.086,122.2,0.00424,0.372,0.192743616
1560213330607,65.148,122.2,0.00426,0.369,0.192091068
1560213330653,65.195,122.2,0.00426,0.369,0.192091068
1560213330700,65.241,122.2,0.00426,0.369,0.192091068
1560213330746,65.287,122.2,0.00426,0.369,0.192091068
1560213330807,65.348,122.2,0.00423,0.376,0.194356656
1560213330853,65.394,122.2,0.00423,0.376,0.194356656
1560213330899,65.44,122.2,0.00423,0.376,0.194356656
1560213330945,65.486,122.2,0.00423,0.376,0.194356656
1560213331006,65.548,122.2,0.00422,0.375,0.1933815
1560213331053,65.594,122.2,0.00422,0.375,0.1933815
1560213331099,65.64,122.2,0.00422,0.375,0.1933815
1560213331145,65.686,122.2,0.00422,0.375,0.1933815
1560213331206,65.747,122.2,0.00418,0.374,0.191037704
1560213331252,65.793,122.2,0.00418,0.374,0.191037704
1560213331298,65.839,122.2,0.00418,0.374,0.191037704
1560213331344,65.885,122.2,0.00418,0.374,0.191037704
1560213331407,65.948,122.2,0.00417,0.379,0.193128546
1560213331453,65.994,122.2,0.00417,0.379,0.193128546
1560213331499,66.04,122.2,0.00417,0.379,0.193128546
1560213331545,66.086,122.2,0.00417,0.379,0.193128546
1560213331606,66.147,122.2,0.00422,0.375,0.1933815
1560213331652,66.193,122.2,0.00422,0.375,0.1933815
1560213331698,66.239,122.2,0.00422,0.375,0.1933815
1560213331744,66.285,122.2,0.00422,0.375,0.1933815
1560213331807,66.348,122.2,0.00422,0.375,0.1933815
1560213331853,66.395,122.2,0.00422,0.375,0.1933815
1560213331900,66.441,122.2,0.00422,0.375,0.1933815
1560213331946,66.487,122.2,0.00422,0.375,0.1933815
1560213332007,66.548,122.2,0.00422,0.372,0.191834448
1560213332053,66.594,122.2,0.00422,0.372,0.191834448
1560213332099,66.64,122.2,0.00422,0.372,0.191834448
1560213332145,66.686,122.2,0.00422,0.372,0.191834448
1560213332207,66.748,122.2,0.0042,0.374,0.19195176
1560213332254,66.795,122.2,0.0042,0.374,0.19195176
1560213332300,66.841,122.2,0.0042,0.374,0.19195176
1560213332346,66.887,122.2,0.0042,0.374,0.19195176
1560213332407,66.948,122.2,0.00424,0.374,0.193779872
1560213332453,66.995,122.2,0.00424,0.374,0.193779872
1560213332500,67.041,122.2,0.00424,0.374,0.193779872
1560213332546,67.087,122.2,0.00424,0.374,0.193779872
1560213332607,67.148,122.2,0.00425,0.372,0.1931982
1560213332653,67.194,122.2,0.00425,0.372,0.1931982
1560213332699,67.24,122.2,0.00425,0.372,0.1931982
1560213332745,67.286,122.2,0.00425,0.372,0.1931982
1560213332807,67.348,122.2,0.00423,0.373,0.192805938
1560213332853,67.394,122.2,0.00423,0.373,0.192805938
1560213332899,67.44,122.2,0.00423,0.373,0.192805938
1560213332945,67.486,122.2,0.00423,0.373,0.192805938
1560213333007,67.548,122.2,0.00423,0.371,0.191772126
1560213333053,67.594,122.2,0.00423,0.371,0.191772126
1560213333099,67.64,122.2,0.00423,0.371,0.191772126
1560213333145,67.686,122.2,0.00423,0.371,0.191772126
1560213333206,67.747,122.2,0.00424,0.373,0.193261744
1560213333253,67.794,122.2,0.00424,0.373,0.193261744
1560213333299,67.84,122.2,0.00424,0.373,0.193261744
1560213333345,67.886,122.2,0.00424,0.373,0.193261744
1560213333406,67.947,122.2,0.00426,0.371,0.193132212
1560213333452,67.993,122.2,0.00426,0.371,0.193132212
1560213333498,68.039,122.2,0.00426,0.371,0.193132212
1560213333544,68.085,122.2,0.00426,0.371,0.193132212
1560213333607,68.148,122.2,0.00425,0.374,0.1942369
1560213333653,68.194,122.2,0.00425,0.374,0.1942369
1560213333699,68.24,122.2,0.00425,0.374,0.1942369
1560213333745,68.286,122.2,0.00425,0.374,0.1942369
1560213333806,68.347,122.2,0.00425,0.375,0.19475625
1560213333852,68.393,122.2,0.00425,0.375,0.19475625
1560213333898,68.439,122.2,0.00425,0.375,0.19475625
1560213333944,68.485,122.2,0.00425,0.375,0.19475625
1560213334007,68.548,122.3,0.00427,0.371,0.193743991
1560213334053,68.594,122.3,0.00427,0.371,0.193743991
1560213334099,68.64,122.3,0.00427,0.371,0.193743991
1560213334145,68.686,122.3,0.00427,0.371,0.193743991
1560213334206,68.747,122.3,0.00425,0.368,0.1912772
1560213334252,68.793,122.3,0.00425,0.368,0.1912772
1560213334299,68.84,122.3,0.00425,0.368,0.1912772
1560213334345,68.886,122.3,0.00425,0.368,0.1912772
1560213334406,68.947,122.2,0.00423,0.369,0.190738314
1560213334452,68.993,122.2,0.00423,0.369,0.190738314
1560213334498,69.039,122.2,0.00423,0.369,0.190738314
1560213334544,69.085,122.2,0.00423,0.369,0.190738314
1560213334607,69.148,122.2,0.00423,0.371,0.191772126
1560213334653,69.194,122.2,0.00423,0.371,0.191772126
1560213334699,69.24,122.2,0.00423,0.371,0.191772126
1560213334745,69.286,122.2,0.00423,0.371,0.191772126
1560213334807,69.348,122.2,0.00429,0.371,0.194492298
1560213334852,69.393,122.2,0.00429,0.371,0.194492298
1560213334898,69.439,122.2,0.00429,0.371,0.194492298
1560213334945,69.486,122.2,0.00429,0.371,0.194492298
1560213335007,69.548,122.2,0.00422,0.375,0.1933815
1560213335053,69.594,122.2,0.00422,0.375,0.1933815
1560213335099,69.64,122.2,0.00422,0.375,0.1933815
1560213335145,69.686,122.2,0.00422,0.375,0.1933815
1560213335206,69.747,122.2,0.00423,0.374,0.193322844
1560213335252,69.793,122.2,0.00423,0.374,0.193322844
1560213335298,69.839,122.2,0.00423,0.374,0.193322844
1560213335344,69.885,122.2,0.00423,0.374,0.193322844
1560213335406,69.947,122.2,0.00421,0.373,0.191894326
1560213335453,69.994,122.2,0.00421,0.373,0.191894326
1560213335499,70.04,122.2,0.00421,0.373,0.191894326
1560213335545,70.086,122.2,0.00421,0.373,0.191894326
1560213335606,70.147,122.2,0.00425,0.37,0.1921595
1560213335652,70.193,122.2,0.00425,0.37,0.1921595
1560213335698,70.239,122.2,0.00425,0.37,0.1921595
1560213335744,70.285,122.2,0.00425,0.37,0.1921595
1560213335806,70.347,122.2,0.00424,0.374,0.193779872
1560213335853,70.394,122.2,0.00424,0.374,0.193779872
1560213335899,70.44,122.2,0.00424,0.374,0.193779872
1560213335945,70.486,122.2,0.00424,0.374,0.193779872
1560213336006,70.547,122.2,0.00424,0.372,0.192743616
1560213336052,70.593,122.2,0.00424,0.372,0.192743616
1560213336099,70.64,122.2,0.00424,0.372,0.192743616
1560213336145,70.686,122.2,0.00424,0.372,0.192743616
1560213336206,70.747,122.2,0.00423,0.373,0.192805938
1560213336252,70.793,122.2,0.00423,0.373,0.192805938
1560213336298,70.839,122.2,0.00423,0.373,0.192805938
1560213336344,70.885,122.2,0.00423,0.373,0.192805938
1560213336406,70.947,122.2,0.0042,0.373,0.19143852
1560213336452,70.993,122.2,0.0042,0.373,0.19143852
1560213336498,71.039,122.2,0.0042,0.373,0.19143852
1560213336544,71.085,122.2,0.0042,0.373,0.19143852
1560213336607,71.148,122.2,0.00425,0.372,0.1931982
1560213336653,71.194,122.2,0.00425,0.372,0.1931982
1560213336699,71.24,122.2,0.00425,0.372,0.1931982
1560213336745,71.286,122.2,0.00425,0.372,0.1931982
1560213336806,71.347,122.2,0.00423,0.377,0.194873562
1560213336852,71.393,122.2,0.00423,0.377,0.194873562
1560213336898,71.439,122.2,0.00423,0.377,0.194873562
1560213336945,71.486,122.2,0.00423,0.377,0.194873562
1560213337006,71.547,122.2,0.0042,0.373,0.19143852
1560213337052,71.593,122.2,0.0042,0.373,0.19143852
1560213337098,71.639,122.2,0.0042,0.373,0.19143852
1560213337144,71.685,122.2,0.0042,0.373,0.19143852
1560213337206,71.747,122.2,0.00422,0.373,0.192350132
1560213337253,71.794,122.2,0.00422,0.373,0.192350132
1560213337299,71.84,122.2,0.00422,0.373,0.192350132
1560213337345,71.886,122.2,0.00422,0.373,0.192350132
1560213337406,71.947,122.2,0.00421,0.371,0.190865402
1560213337452,71.993,122.2,0.00421,0.371,0.190865402
1560213337498,72.039,122.2,0.00421,0.371,0.190865402
1560213337544,72.085,122.2,0.00421,0.371,0.190865402
1560213337607,72.148,122.2,0.00422,0.37,0.19080308
1560213337653,72.194,122.2,0.00422,0.37,0.19080308
1560213337699,72.24,122.2,0.00422,0.37,0.19080308
1560213337745,72.286,122.2,0.00422,0.37,0.19080308
1560213337807,72.348,122.2,0.00424,0.373,0.193261744
1560213337853,72.394,122.2,0.00424,0.373,0.193261744
1560213337899,72.44,122.2,0.00424,0.373,0.193261744
1560213337945,72.486,122.2,0.00424,0.373,0.193261744
1560213338006,72.547,122.2,0.00422,0.373,0.192350132
1560213338052,72.593,122.2,0.00422,0.373,0.192350132
1560213338099,72.64,122.2,0.00422,0.373,0.192350132
1560213338145,72.686,122.2,0.00422,0.373,0.192350132
1560213338206,72.747,122.2,0.00422,0.373,0.192350132
1560213338252,72.793,122.2,0.00422,0.373,0.192350132
1560213338298,72.839,122.2,0.00422,0.373,0.192350132
1560213338344,72.885,122.2,0.00422,0.373,0.192350132
1560213338407,72.948,122.2,0.00419,0.376,0.192518768
1560213338453,72.994,122.2,0.00419,0.376,0.192518768
1560213338499,73.04,122.2,0.00419,0.376,0.192518768
1560213338545,73.086,122.2,0.00419,0.376,0.192518768
1560213338606,73.147,122.2,0.00424,0.369,0.191189232
1560213338652,73.193,122.2,0.00424,0.369,0.191189232
1560213338699,73.24,122.2,0.00424,0.369,0.191189232
1560213338745,73.286,122.2,0.00424,0.369,0.191189232
1560213338805,73.347,122.2,0.00422,0.373,0.192350132
1560213338852,73.393,122.2,0.00422,0.373,0.192350132
1560213338898,73.439,122.2,0.00422,0.373,0.192350132
1560213338944,73.485,122.2,0.00422,0.373,0.192350132
1560213339006,73.547,122.3,0.00424,0.372,0.192901344
1560213339052,73.593,122.3,0.00424,0.372,0.192901344
1560213339098,73.639,122.3,0.00424,0.372,0.192901344
1560213339145,73.686,122.3,0.00424,0.372,0.192901344
1560213339206,73.747,122.3,0.00422,0.369,0.190443114
1560213339252,73.793,122.3,0.00422,0.369,0.190443114
1560213339298,73.839,122.3,0.00422,0.369,0.190443114
1560213339344,73.885,122.3,0.00422,0.369,0.190443114
1560213339406,73.947,122.2,0.00424,0.372,0.192743616
1560213339453,73.994,122.2,0.00424,0.372,0.192743616
