# Mon Jun 10 17:32:14 2019
abstime,time_stamp,volt,curr,pf,mul
1560213134267,0.08,122.1,0.00427,0.372,0.193948524
1560213134314,0.127,122.1,0.00427,0.372,0.193948524
1560213134360,0.173,122.1,0.00427,0.372,0.193948524
1560213134406,0.219,122.1,0.00427,0.372,0.193948524
1560213134452,0.265,122.1,0.00433,0.371,0.196145103
1560213134498,0.311,122.1,0.00433,0.371,0.196145103
1560213134544,0.357,122.1,0.00433,0.371,0.196145103
1560213134590,0.403,122.1,0.00433,0.371,0.196145103
1560213134636,0.449,122.1,0.00429,0.375,0.196428375
1560213134682,0.495,122.1,0.00429,0.375,0.196428375
1560213134728,0.541,122.1,0.00429,0.375,0.196428375
1560213134774,0.587,122.1,0.00429,0.375,0.196428375
1560213134828,0.641,122.1,0.00433,0.373,0.197202489
1560213134874,0.687,122.1,0.00433,0.373,0.197202489
1560213134920,0.733,122.1,0.00433,0.373,0.197202489
1560213134966,0.779,122.1,0.00433,0.373,0.197202489
1560213135027,0.84,122.1,0.00432,0.372,0.196219584
1560213135073,0.886,122.1,0.00432,0.372,0.196219584
1560213135119,0.932,122.1,0.00432,0.372,0.196219584
1560213135165,0.978,122.1,0.00432,0.372,0.196219584
1560213135228,1.041,122.1,0.00432,0.372,0.196219584
1560213135274,1.087,122.1,0.00432,0.372,0.196219584
1560213135320,1.133,122.1,0.00432,0.372,0.196219584
1560213135366,1.179,122.1,0.00432,0.372,0.196219584
1560213135427,1.24,122.1,0.00433,0.374,0.197731182
1560213135473,1.286,122.1,0.00433,0.374,0.197731182
1560213135519,1.332,122.1,0.00433,0.374,0.197731182
1560213135566,1.379,122.1,0.00433,0.374,0.197731182
1560213135627,1.44,122.1,0.00436,0.375,0.1996335
1560213135673,1.486,122.1,0.00436,0.375,0.1996335
1560213135719,1.532,122.1,0.00436,0.375,0.1996335
1560213135765,1.578,122.1,0.00436,0.375,0.1996335
1560213135827,1.64,122.2,0.00436,0.373,0.198731416
1560213135873,1.686,122.2,0.00436,0.373,0.198731416
1560213135919,1.732,122.2,0.00436,0.373,0.198731416
1560213135965,1.778,122.2,0.00436,0.373,0.198731416
1560213136028,1.841,122.2,0.00431,0.374,0.196979068
1560213136074,1.887,122.2,0.00431,0.374,0.196979068
1560213136120,1.933,122.2,0.00431,0.374,0.196979068
1560213136166,1.979,122.2,0.00431,0.374,0.196979068
1560213136227,2.04,122.2,0.00434,0.373,0.197819804
1560213136273,2.086,122.2,0.00434,0.373,0.197819804
1560213136319,2.132,122.2,0.00434,0.373,0.197819804
1560213136365,2.178,122.2,0.00434,0.373,0.197819804
1560213136428,2.241,122.2,0.00433,0.372,0.196834872
1560213136474,2.287,122.2,0.00433,0.372,0.196834872
1560213136519,2.332,122.2,0.00433,0.372,0.196834872
1560213136566,2.379,122.2,0.00433,0.372,0.196834872
1560213136627,2.44,122.2,0.00434,0.371,0.196759108
1560213136673,2.486,122.2,0.00434,0.371,0.196759108
1560213136719,2.532,122.2,0.00434,0.371,0.196759108
1560213136765,2.578,122.2,0.00434,0.371,0.196759108
1560213136827,2.64,122.2,0.00433,0.374,0.197893124
1560213136874,2.687,122.2,0.00433,0.374,0.197893124
1560213136920,2.733,122.2,0.00433,0.374,0.197893124
1560213136966,2.779,122.2,0.00433,0.374,0.197893124
1560213137027,2.84,122.2,0.0043,0.377,0.19809842
1560213137073,2.886,122.2,0.0043,0.377,0.19809842
1560213137119,2.932,122.2,0.0043,0.377,0.19809842
1560213137165,2.978,122.2,0.0043,0.377,0.19809842
1560213137227,3.04,122.2,0.00428,0.372,0.194561952
1560213137273,3.086,122.2,0.00428,0.372,0.194561952
1560213137319,3.132,122.2,0.00428,0.372,0.194561952
1560213137365,3.178,122.2,0.00428,0.372,0.194561952
1560213137426,3.24,122.2,0.00432,0.371,0.195852384
1560213137472,3.285,122.2,0.00432,0.371,0.195852384
1560213137519,3.332,122.2,0.00432,0.371,0.195852384
1560213137565,3.378,122.2,0.00432,0.371,0.195852384
1560213137627,3.44,122.2,0.00433,0.377,0.199480502
1560213137673,3.486,122.2,0.00433,0.377,0.199480502
1560213137719,3.532,122.2,0.00433,0.377,0.199480502
1560213137765,3.578,122.2,0.00433,0.377,0.199480502
1560213137827,3.64,122.2,0.0043,0.375,0.1970475
1560213137873,3.686,122.2,0.0043,0.375,0.1970475
1560213137920,3.733,122.2,0.0043,0.375,0.1970475
1560213137966,3.779,122.2,0.0043,0.375,0.1970475
1560213138027,3.84,122.2,0.0043,0.37,0.1944202
1560213138073,3.886,122.2,0.0043,0.37,0.1944202
1560213138119,3.932,122.2,0.0043,0.37,0.1944202
1560213138165,3.978,122.2,0.0043,0.37,0.1944202
1560213138227,4.04,122.1,0.00433,0.37,0.19561641
1560213138273,4.086,122.1,0.00433,0.37,0.19561641
1560213138319,4.132,122.1,0.00433,0.37,0.19561641
1560213138365,4.178,122.1,0.00433,0.37,0.19561641
1560213138427,4.24,122.1,0.00433,0.372,0.196673796
1560213138473,4.286,122.1,0.00433,0.372,0.196673796
1560213138519,4.332,122.1,0.00433,0.372,0.196673796
1560213138565,4.378,122.1,0.00433,0.372,0.196673796
1560213138626,4.44,122.1,0.00432,0.376,0.198329472
1560213138672,4.485,122.1,0.00432,0.376,0.198329472
1560213138718,4.531,122.1,0.00432,0.376,0.198329472
1560213138764,4.578,122.1,0.00432,0.376,0.198329472
1560213138827,4.64,122.1,0.00434,0.371,0.196598094
1560213138873,4.686,122.1,0.00434,0.371,0.196598094
1560213138919,4.732,122.1,0.00434,0.371,0.196598094
1560213138965,4.778,122.1,0.00434,0.371,0.196598094
1560213139026,4.839,122.1,0.00425,0.376,0.1951158
1560213139072,4.885,122.1,0.00425,0.376,0.1951158
1560213139118,4.931,122.1,0.00425,0.376,0.1951158
1560213139165,4.978,122.1,0.00425,0.376,0.1951158
1560213139227,5.04,122.1,0.00427,0.373,0.194469891
1560213139273,5.086,122.1,0.00427,0.373,0.194469891
1560213139319,5.132,122.1,0.00427,0.373,0.194469891
1560213139365,5.178,122.1,0.00427,0.373,0.194469891
1560213139427,5.24,122.1,0.00431,0.374,0.196817874
1560213139473,5.286,122.1,0.00431,0.374,0.196817874
1560213139519,5.332,122.1,0.00431,0.374,0.196817874
1560213139565,5.378,122.1,0.00431,0.374,0.196817874
1560213139626,5.439,122.1,0.00431,0.374,0.196817874
1560213139672,5.485,122.1,0.00431,0.374,0.196817874
1560213139718,5.531,122.1,0.00431,0.374,0.196817874
1560213139764,5.577,122.1,0.00431,0.374,0.196817874
1560213139826,5.639,122.2,0.0043,0.376,0.19757296
1560213139872,5.685,122.2,0.0043,0.376,0.19757296
1560213139919,5.732,122.2,0.0043,0.376,0.19757296
1560213139965,5.778,122.2,0.0043,0.376,0.19757296
1560213140027,5.84,122.2,0.0043,0.375,0.1970475
1560213140073,5.886,122.2,0.0043,0.375,0.1970475
1560213140120,5.933,122.2,0.0043,0.375,0.1970475
1560213140166,5.979,122.2,0.0043,0.375,0.1970475
1560213140227,6.04,122.1,0.00428,0.376,0.196493088
1560213140273,6.086,122.1,0.00428,0.376,0.196493088
1560213140319,6.132,122.1,0.00428,0.376,0.196493088
1560213140366,6.179,122.1,0.00428,0.376,0.196493088
1560213140427,6.24,122.1,0.00429,0.375,0.196428375
1560213140473,6.286,122.1,0.00429,0.375,0.196428375
1560213140519,6.332,122.1,0.00429,0.375,0.196428375
1560213140565,6.378,122.1,0.00429,0.375,0.196428375
1560213140626,6.439,122.2,0.00433,0.374,0.197893124
1560213140672,6.485,122.2,0.00433,0.374,0.197893124
1560213140718,6.531,122.2,0.00433,0.374,0.197893124
1560213140764,6.577,122.2,0.00433,0.374,0.197893124
1560213140827,6.64,122.2,0.0043,0.374,0.19652204
1560213140873,6.686,122.2,0.0043,0.374,0.19652204
1560213140919,6.732,122.2,0.0043,0.374,0.19652204
1560213140965,6.778,122.2,0.0043,0.374,0.19652204
1560213141026,6.839,122.2,0.00429,0.372,0.195016536
1560213141072,6.885,122.2,0.00429,0.372,0.195016536
1560213141119,6.932,122.2,0.00429,0.372,0.195016536
1560213141165,6.978,122.2,0.00429,0.372,0.195016536
1560213141227,7.04,122.2,0.00431,0.372,0.195925704
1560213141273,7.086,122.2,0.00431,0.372,0.195925704
1560213141319,7.132,122.2,0.00431,0.372,0.195925704
1560213141366,7.179,122.2,0.00431,0.372,0.195925704
1560213141427,7.24,122.1,0.00429,0.374,0.195904566
1560213141473,7.286,122.1,0.00429,0.374,0.195904566
1560213141519,7.332,122.1,0.00429,0.374,0.195904566
1560213141566,7.379,122.1,0.00429,0.374,0.195904566
1560213141627,7.44,122.2,0.0043,0.377,0.19809842
1560213141673,7.486,122.2,0.0043,0.377,0.19809842
1560213141719,7.532,122.2,0.0043,0.377,0.19809842
1560213141765,7.578,122.2,0.0043,0.377,0.19809842
1560213141827,7.64,122.2,0.00428,0.374,0.195607984
1560213141873,7.686,122.2,0.00428,0.374,0.195607984
1560213141919,7.732,122.2,0.00428,0.374,0.195607984
1560213141965,7.778,122.2,0.00428,0.374,0.195607984
1560213142026,7.839,122.2,0.00428,0.376,0.196654016
1560213142072,7.885,122.2,0.00428,0.376,0.196654016
1560213142118,7.931,122.2,0.00428,0.376,0.196654016
1560213142164,7.977,122.2,0.00428,0.376,0.196654016
1560213142226,8.039,122.1,0.00428,0.375,0.1959705
1560213142272,8.085,122.1,0.00428,0.375,0.1959705
1560213142318,8.131,122.1,0.00428,0.375,0.1959705
1560213142365,8.178,122.1,0.00428,0.375,0.1959705
1560213142427,8.24,122.1,0.00428,0.373,0.194925324
1560213142473,8.286,122.1,0.00428,0.373,0.194925324
1560213142519,8.332,122.1,0.00428,0.373,0.194925324
1560213142566,8.379,122.1,0.00428,0.373,0.194925324
1560213142627,8.44,122.1,0.0043,0.379,0.19898637
1560213142673,8.486,122.1,0.0043,0.379,0.19898637
1560213142718,8.531,122.1,0.0043,0.379,0.19898637
1560213142764,8.577,122.1,0.0043,0.379,0.19898637
1560213142827,8.64,122.2,0.0043,0.376,0.19757296
1560213142873,8.686,122.2,0.0043,0.376,0.19757296
1560213142919,8.732,122.2,0.0043,0.376,0.19757296
1560213142965,8.778,122.2,0.0043,0.376,0.19757296
1560213143026,8.839,122.2,0.00429,0.373,0.195540774
1560213143072,8.885,122.2,0.00429,0.373,0.195540774
1560213143118,8.931,122.2,0.00429,0.373,0.195540774
1560213143165,8.978,122.2,0.00429,0.373,0.195540774
1560213143227,9.04,122.1,0.00423,0.376,0.194197608
1560213143273,9.086,122.1,0.00423,0.376,0.194197608
1560213143319,9.132,122.1,0.00423,0.376,0.194197608
1560213143365,9.178,122.1,0.00423,0.376,0.194197608
1560213143426,9.239,122.1,0.00428,0.375,0.1959705
1560213143472,9.285,122.1,0.00428,0.375,0.1959705
1560213143518,9.331,122.1,0.00428,0.375,0.1959705
1560213143564,9.377,122.1,0.00428,0.375,0.1959705
1560213143627,9.44,122.1,0.00429,0.375,0.196428375
1560213143673,9.486,122.1,0.00429,0.375,0.196428375
1560213143719,9.532,122.1,0.00429,0.375,0.196428375
1560213143765,9.578,122.1,0.00429,0.375,0.196428375
1560213143826,9.639,122.2,0.00429,0.375,0.19658925
1560213143873,9.686,122.2,0.00429,0.375,0.19658925
1560213143919,9.732,122.2,0.00429,0.375,0.19658925
1560213143965,9.778,122.2,0.00429,0.375,0.19658925
1560213144026,9.839,122.1,0.00427,0.376,0.196033992
1560213144072,9.885,122.1,0.00427,0.376,0.196033992
1560213144118,9.931,122.1,0.00427,0.376,0.196033992
1560213144164,9.977,122.1,0.00427,0.376,0.196033992
1560213144226,10.039,122.1,0.00428,0.373,0.194925324
1560213144272,10.085,122.1,0.00428,0.373,0.194925324
1560213144319,10.132,122.1,0.00428,0.373,0.194925324
1560213144365,10.178,122.1,0.00428,0.373,0.194925324
1560213144426,10.239,122.1,0.00431,0.376,0.197870376
1560213144472,10.285,122.1,0.00431,0.376,0.197870376
1560213144518,10.331,122.1,0.00431,0.376,0.197870376
1560213144564,10.377,122.1,0.00431,0.376,0.197870376
1560213144627,10.44,122.1,0.00428,0.376,0.196493088
1560213144673,10.486,122.1,0.00428,0.376,0.196493088
1560213144719,10.532,122.1,0.00428,0.376,0.196493088
1560213144765,10.578,122.1,0.00428,0.376,0.196493088
1560213144826,10.639,122.2,0.00427,0.379,0.197759926
1560213144872,10.685,122.2,0.00427,0.379,0.197759926
1560213144918,10.731,122.2,0.00427,0.379,0.197759926
1560213144964,10.777,122.2,0.00427,0.379,0.197759926
1560213145026,10.839,122.2,0.00427,0.377,0.196716338
1560213145072,10.885,122.2,0.00427,0.377,0.196716338
1560213145119,10.932,122.2,0.00427,0.377,0.196716338
1560213145165,10.978,122.2,0.00427,0.377,0.196716338
1560213145226,11.039,122.2,0.00425,0.377,0.19579495
1560213145272,11.085,122.2,0.00425,0.377,0.19579495
1560213145318,11.131,122.2,0.00425,0.377,0.19579495
1560213145364,11.177,122.2,0.00425,0.377,0.19579495
1560213145426,11.239,122.1,0.00427,0.377,0.196555359
1560213145472,11.285,122.1,0.00427,0.377,0.196555359
1560213145518,11.332,122.1,0.00427,0.377,0.196555359
1560213145564,11.377,122.1,0.00427,0.377,0.196555359
1560213145627,11.44,122.1,0.00429,0.374,0.195904566
1560213145673,11.486,122.1,0.00429,0.374,0.195904566
1560213145719,11.532,122.1,0.00429,0.374,0.195904566
1560213145765,11.578,122.1,0.00429,0.374,0.195904566
1560213145826,11.639,122.1,0.00428,0.374,0.195447912
1560213145872,11.685,122.1,0.00428,0.374,0.195447912
1560213145918,11.731,122.1,0.00428,0.374,0.195447912
1560213145964,11.777,122.1,0.00428,0.374,0.195447912
1560213146027,11.84,122.2,0.0043,0.376,0.19757296
1560213146073,11.886,122.2,0.0043,0.376,0.19757296
1560213146122,11.935,122.2,0.0043,0.376,0.19757296
1560213146168,11.981,122.2,0.0043,0.376,0.19757296
1560213146226,12.04,122.1,0.00425,0.374,0.19407795
1560213146273,12.086,122.1,0.00425,0.374,0.19407795
1560213146319,12.132,122.1,0.00425,0.374,0.19407795
1560213146365,12.178,122.1,0.00425,0.374,0.19407795
1560213146426,12.239,122.1,0.00429,0.372,0.194856948
1560213146472,12.285,122.1,0.00429,0.372,0.194856948
1560213146518,12.331,122.1,0.00429,0.372,0.194856948
1560213146564,12.377,122.1,0.00429,0.372,0.194856948
1560213146626,12.439,122.1,0.00432,0.378,0.199384416
1560213146672,12.485,122.1,0.00432,0.378,0.199384416
1560213146718,12.531,122.1,0.00432,0.378,0.199384416
1560213146764,12.577,122.1,0.00432,0.378,0.199384416
1560213146826,12.639,122.2,0.00426,0.374,0.194693928
1560213146872,12.685,122.2,0.00426,0.374,0.194693928
1560213146918,12.731,122.2,0.00426,0.374,0.194693928
1560213146965,12.778,122.2,0.00426,0.374,0.194693928
1560213147026,12.839,122.2,0.00429,0.374,0.196065012
1560213147072,12.885,122.2,0.00429,0.374,0.196065012
1560213147118,12.931,122.2,0.00429,0.374,0.196065012
1560213147164,12.977,122.2,0.00429,0.374,0.196065012
1560213147226,13.039,122.1,0.00427,0.377,0.196555359
1560213147272,13.085,122.1,0.00427,0.377,0.196555359
1560213147318,13.131,122.1,0.00427,0.377,0.196555359
1560213147364,13.177,122.1,0.00427,0.377,0.196555359
1560213147426,13.239,122.1,0.00429,0.377,0.197475993
1560213147472,13.285,122.1,0.00429,0.377,0.197475993
1560213147517,13.33,122.1,0.00429,0.377,0.197475993
1560213147564,13.377,122.1,0.00429,0.377,0.197475993
1560213147626,13.439,122.1,0.00427,0.38,0.19811946
1560213147672,13.485,122.1,0.00427,0.38,0.19811946
1560213147718,13.531,122.1,0.00427,0.38,0.19811946
1560213147765,13.578,122.1,0.00427,0.38,0.19811946
1560213147826,13.639,122.2,0.00426,0.379,0.197296788
1560213147872,13.685,122.2,0.00426,0.379,0.197296788
1560213147918,13.731,122.2,0.00426,0.379,0.197296788
1560213147964,13.777,122.2,0.00426,0.379,0.197296788
1560213148026,13.839,122.2,0.00426,0.379,0.197296788
1560213148072,13.885,122.2,0.00426,0.379,0.197296788
1560213148118,13.931,122.2,0.00426,0.379,0.197296788
1560213148165,13.978,122.2,0.00426,0.379,0.197296788
1560213148226,14.039,122.2,0.00425,0.378,0.1963143
1560213148272,14.085,122.2,0.00425,0.378,0.1963143
1560213148318,14.131,122.2,0.00425,0.378,0.1963143
1560213148364,14.177,122.2,0.00425,0.378,0.1963143
1560213148426,14.239,122.1,0.00423,0.374,0.193164642
1560213148471,14.285,122.1,0.00423,0.374,0.193164642
1560213148517,14.33,122.1,0.00423,0.374,0.193164642
1560213148564,14.377,122.1,0.00423,0.374,0.193164642
1560213148626,14.439,122.1,0.00429,0.375,0.196428375
1560213148672,14.485,122.1,0.00429,0.375,0.196428375
1560213148718,14.531,122.1,0.00429,0.375,0.196428375
1560213148764,14.577,122.1,0.00429,0.375,0.196428375
1560213148826,14.639,122.2,0.00425,0.378,0.1963143
1560213148872,14.685,122.2,0.00425,0.378,0.1963143
1560213148918,14.731,122.2,0.00425,0.378,0.1963143
1560213148964,14.777,122.2,0.00425,0.378,0.1963143
1560213149026,14.839,122.2,0.00428,0.377,0.197177032
1560213149072,14.885,122.2,0.00428,0.377,0.197177032
1560213149118,14.931,122.2,0.00428,0.377,0.197177032
1560213149164,14.977,122.2,0.00428,0.377,0.197177032
1560213149225,15.038,122.2,0.00425,0.375,0.19475625
1560213149271,15.084,122.2,0.00425,0.375,0.19475625
1560213149317,15.13,122.2,0.00425,0.375,0.19475625
1560213149364,15.177,122.2,0.00425,0.375,0.19475625
1560213149426,15.239,122.1,0.00429,0.374,0.195904566
1560213149472,15.285,122.1,0.00429,0.374,0.195904566
1560213149518,15.331,122.1,0.00429,0.374,0.195904566
1560213149564,15.377,122.1,0.00429,0.374,0.195904566
1560213149625,15.438,122.1,0.0043,0.374,0.19636122
1560213149671,15.484,122.1,0.0043,0.374,0.19636122
1560213149717,15.53,122.1,0.0043,0.374,0.19636122
1560213149763,15.576,122.1,0.0043,0.374,0.19636122
1560213149826,15.639,122.2,0.0043,0.375,0.1970475
1560213149872,15.685,122.2,0.0043,0.375,0.1970475
1560213149918,15.731,122.2,0.0043,0.375,0.1970475
1560213149965,15.778,122.2,0.0043,0.375,0.1970475
1560213150026,15.839,122.2,0.0043,0.374,0.19652204
1560213150076,15.889,122.2,0.0043,0.374,0.19652204
1560213150122,15.935,122.2,0.0043,0.374,0.19652204
1560213150168,15.981,122.2,0.0043,0.374,0.19652204
1560213150226,16.039,122.1,0.00424,0.374,0.193621296
1560213150272,16.085,122.1,0.00424,0.374,0.193621296
1560213150318,16.131,122.1,0.00424,0.374,0.193621296
1560213150364,16.177,122.1,0.00424,0.374,0.193621296
1560213150425,16.238,122.1,0.00428,0.375,0.1959705
1560213150471,16.284,122.1,0.00428,0.375,0.1959705
1560213150517,16.33,122.1,0.00428,0.375,0.1959705
1560213150563,16.376,122.1,0.00428,0.375,0.1959705
1560213150626,16.439,122.1,0.00435,0.375,0.199175625
1560213150672,16.485,122.1,0.00435,0.375,0.199175625
1560213150718,16.531,122.1,0.00435,0.375,0.199175625
1560213150764,16.577,122.1,0.00435,0.375,0.199175625
1560213150825,16.638,122.1,0.00433,0.374,0.197731182
1560213150871,16.684,122.1,0.00433,0.374,0.197731182
1560213150918,16.731,122.1,0.00433,0.374,0.197731182
1560213150964,16.777,122.1,0.00433,0.374,0.197731182
1560213151026,16.839,122.2,0.00431,0.371,0.195399022
1560213151072,16.885,122.2,0.00431,0.371,0.195399022
1560213151118,16.931,122.2,0.00431,0.371,0.195399022
1560213151164,16.977,122.2,0.00431,0.371,0.195399022
1560213151225,17.038,122.2,0.00432,0.373,0.196908192
1560213151271,17.084,122.2,0.00432,0.373,0.196908192
1560213151317,17.13,122.2,0.00432,0.373,0.196908192
1560213151364,17.177,122.2,0.00432,0.373,0.196908192
1560213151426,17.239,122.1,0.00428,0.377,0.197015676
1560213151472,17.285,122.1,0.00428,0.377,0.197015676
1560213151518,17.331,122.1,0.00428,0.377,0.197015676
1560213151564,17.377,122.1,0.00428,0.377,0.197015676
1560213151625,17.438,122.1,0.00431,0.374,0.196817874
1560213151671,17.484,122.1,0.00431,0.374,0.196817874
1560213151718,17.531,122.1,0.00431,0.374,0.196817874
1560213151764,17.577,122.1,0.00431,0.374,0.196817874
1560213151826,17.639,122.2,0.00432,0.375,0.197964
1560213151872,17.685,122.2,0.00432,0.375,0.197964
1560213151918,17.731,122.2,0.00432,0.375,0.197964
1560213151965,17.778,122.2,0.00432,0.375,0.197964
1560213152026,17.839,122.2,0.00431,0.371,0.195399022
1560213152072,17.885,122.2,0.00431,0.371,0.195399022
1560213152118,17.931,122.2,0.00431,0.371,0.195399022
1560213152164,17.977,122.2,0.00431,0.371,0.195399022
1560213152226,18.039,122.2,0.00429,0.373,0.195540774
1560213152272,18.085,122.2,0.00429,0.373,0.195540774
1560213152318,18.131,122.2,0.00429,0.373,0.195540774
1560213152364,18.177,122.2,0.00429,0.373,0.195540774
1560213152425,18.238,122.1,0.00431,0.37,0.19471287
1560213152471,18.284,122.1,0.00431,0.37,0.19471287
1560213152517,18.33,122.1,0.00431,0.37,0.19471287
1560213152563,18.377,122.1,0.00431,0.37,0.19471287
1560213152626,18.439,122.2,0.00434,0.371,0.196759108
1560213152672,18.485,122.2,0.00434,0.371,0.196759108
1560213152718,18.531,122.2,0.00434,0.371,0.196759108
1560213152764,18.577,122.2,0.00434,0.371,0.196759108
1560213152825,18.638,122.2,0.00431,0.373,0.196452386
1560213152871,18.684,122.2,0.00431,0.373,0.196452386
1560213152917,18.73,122.2,0.00431,0.373,0.196452386
1560213152963,18.776,122.2,0.00431,0.373,0.196452386
1560213153025,18.838,122.2,0.00432,0.373,0.196908192
1560213153071,18.884,122.2,0.00432,0.373,0.196908192
1560213153117,18.93,122.2,0.00432,0.373,0.196908192
1560213153165,18.978,122.2,0.00432,0.373,0.196908192
1560213153226,19.039,122.2,0.00431,0.372,0.195925704
1560213153272,19.085,122.2,0.00431,0.372,0.195925704
1560213153317,19.13,122.2,0.00431,0.372,0.195925704
1560213153364,19.177,122.2,0.00431,0.372,0.195925704
1560213153425,19.239,122.1,0.00432,0.372,0.196219584
1560213153471,19.284,122.1,0.00432,0.372,0.196219584
1560213153517,19.33,122.1,0.00432,0.372,0.196219584
1560213153563,19.376,122.1,0.00432,0.372,0.196219584
1560213153625,19.438,122.1,0.00433,0.371,0.196145103
1560213153671,19.484,122.1,0.00433,0.371,0.196145103
1560213153716,19.529,122.1,0.00433,0.371,0.196145103
1560213153762,19.575,122.1,0.00433,0.371,0.196145103
1560213153825,19.638,122.2,0.00434,0.372,0.197289456
1560213153871,19.684,122.2,0.00434,0.372,0.197289456
1560213153917,19.73,122.2,0.00434,0.372,0.197289456
1560213153963,19.776,122.2,0.00434,0.372,0.197289456
1560213154026,19.839,122.2,0.00432,0.372,0.196380288
1560213154071,19.884,122.2,0.00432,0.372,0.196380288
1560213154117,19.93,122.2,0.00432,0.372,0.196380288
1560213154163,19.976,122.2,0.00432,0.372,0.196380288
1560213154225,20.038,122.2,0.00428,0.375,0.196131
1560213154271,20.084,122.2,0.00428,0.375,0.196131
1560213154317,20.13,122.2,0.00428,0.375,0.196131
1560213154363,20.176,122.2,0.00428,0.375,0.196131
1560213154426,20.239,122.1,0.00429,0.374,0.195904566
1560213154472,20.285,122.1,0.00429,0.374,0.195904566
1560213154518,20.331,122.1,0.00429,0.374,0.195904566
1560213154564,20.377,122.1,0.00429,0.374,0.195904566
1560213154625,20.438,122.1,0.00431,0.375,0.197344125
1560213154671,20.484,122.1,0.00431,0.375,0.197344125
1560213154717,20.53,122.1,0.00431,0.375,0.197344125
1560213154763,20.576,122.1,0.00431,0.375,0.197344125
1560213154826,20.639,122.2,0.00429,0.376,0.197113488
1560213154871,20.684,122.2,0.00429,0.376,0.197113488
1560213154918,20.731,122.2,0.00429,0.376,0.197113488
1560213154964,20.777,122.2,0.00429,0.376,0.197113488
1560213155025,20.838,122.2,0.00428,0.375,0.196131
1560213155071,20.884,122.2,0.00428,0.375,0.196131
1560213155117,20.93,122.2,0.00428,0.375,0.196131
1560213155163,20.976,122.2,0.00428,0.375,0.196131
1560213155226,21.039,122.2,0.00429,0.374,0.196065012
1560213155272,21.085,122.2,0.00429,0.374,0.196065012
1560213155318,21.131,122.2,0.00429,0.374,0.196065012
1560213155364,21.177,122.2,0.00429,0.374,0.196065012
1560213155426,21.239,122.1,0.00427,0.378,0.197076726
1560213155472,21.285,122.1,0.00427,0.378,0.197076726
1560213155518,21.331,122.1,0.00427,0.378,0.197076726
1560213155564,21.377,122.1,0.00427,0.378,0.197076726
1560213155625,21.438,122.1,0.00431,0.372,0.195765372
1560213155671,21.484,122.1,0.00431,0.372,0.195765372
1560213155717,21.53,122.1,0.00431,0.372,0.195765372
1560213155764,21.577,122.1,0.00431,0.372,0.195765372
1560213155825,21.638,122.2,0.00431,0.377,0.198559114
1560213155870,21.684,122.2,0.00431,0.377,0.198559114
1560213155916,21.729,122.2,0.00431,0.377,0.198559114
1560213155962,21.775,122.2,0.00431,0.377,0.198559114
1560213156025,21.838,122.2,0.00428,0.375,0.196131
1560213156071,21.884,122.2,0.00428,0.375,0.196131
1560213156117,21.93,122.2,0.00428,0.375,0.196131
1560213156163,21.976,122.2,0.00428,0.375,0.196131
1560213156226,22.039,122.2,0.00428,0.374,0.195607984
1560213156272,22.085,122.2,0.00428,0.374,0.195607984
1560213156318,22.131,122.2,0.00428,0.374,0.195607984
1560213156364,22.177,122.2,0.00428,0.374,0.195607984
1560213156425,22.238,122.2,0.00426,0.376,0.195735072
1560213156471,22.285,122.2,0.00426,0.376,0.195735072
1560213156518,22.331,122.2,0.00426,0.376,0.195735072
1560213156564,22.377,122.2,0.00426,0.376,0.195735072
1560213156625,22.438,122.1,0.0043,0.374,0.19636122
1560213156671,22.484,122.1,0.0043,0.374,0.19636122
1560213156717,22.53,122.1,0.0043,0.374,0.19636122
1560213156763,22.576,122.1,0.0043,0.374,0.19636122
1560213156825,22.638,122.2,0.00431,0.376,0.198032432
1560213156871,22.685,122.2,0.00431,0.376,0.198032432
1560213156917,22.73,122.2,0.00431,0.376,0.198032432
1560213156964,22.777,122.2,0.00431,0.376,0.198032432
1560213157025,22.838,122.2,0.00427,0.375,0.19567275
1560213157071,22.884,122.2,0.00427,0.375,0.19567275
1560213157117,22.93,122.2,0.00427,0.375,0.19567275
1560213157163,22.976,122.2,0.00427,0.375,0.19567275
1560213157225,23.038,122.2,0.0043,0.375,0.1970475
1560213157271,23.084,122.2,0.0043,0.375,0.1970475
1560213157317,23.13,122.2,0.0043,0.375,0.1970475
1560213157363,23.177,122.2,0.0043,0.375,0.1970475
1560213157425,23.238,122.2,0.00427,0.373,0.194629162
1560213157471,23.284,122.2,0.00427,0.373,0.194629162
1560213157517,23.33,122.2,0.00427,0.373,0.194629162
1560213157563,23.376,122.2,0.00427,0.373,0.194629162
1560213157625,23.438,122.2,0.00428,0.376,0.196654016
1560213157671,23.484,122.2,0.00428,0.376,0.196654016
1560213157718,23.531,122.2,0.00428,0.376,0.196654016
1560213157764,23.577,122.2,0.00428,0.376,0.196654016
1560213157825,23.638,122.2,0.00429,0.377,0.197637726
1560213157872,23.685,122.2,0.00429,0.377,0.197637726
1560213157917,23.73,122.2,0.00429,0.377,0.197637726
1560213157963,23.777,122.2,0.00429,0.377,0.197637726
1560213158024,23.838,122.2,0.00424,0.379,0.196370512
1560213158071,23.884,122.2,0.00424,0.379,0.196370512
1560213158117,23.93,122.2,0.00424,0.379,0.196370512
1560213158162,23.975,122.2,0.00424,0.379,0.196370512
1560213158225,24.038,122.2,0.00425,0.377,0.19579495
1560213158271,24.084,122.2,0.00425,0.377,0.19579495
1560213158317,24.13,122.2,0.00425,0.377,0.19579495
1560213158363,24.176,122.2,0.00425,0.377,0.19579495
1560213158425,24.238,122.2,0.00424,0.379,0.196370512
1560213158471,24.284,122.2,0.00424,0.379,0.196370512
1560213158517,24.33,122.2,0.00424,0.379,0.196370512
1560213158563,24.377,122.2,0.00424,0.379,0.196370512
1560213158624,24.438,122.1,0.00428,0.377,0.197015676
1560213158671,24.484,122.1,0.00428,0.377,0.197015676
1560213158717,24.53,122.1,0.00428,0.377,0.197015676
1560213158763,24.576,122.1,0.00428,0.377,0.197015676
1560213158824,24.637,122.2,0.00426,0.378,0.196776216
1560213158870,24.683,122.2,0.00426,0.378,0.196776216
1560213158916,24.729,122.2,0.00426,0.378,0.196776216
1560213158963,24.776,122.2,0.00426,0.378,0.196776216
1560213159025,24.838,122.2,0.00427,0.378,0.197238132
1560213159071,24.884,122.2,0.00427,0.378,0.197238132
1560213159117,24.93,122.2,0.00427,0.378,0.197238132
1560213159164,24.977,122.2,0.00427,0.378,0.197238132
1560213159225,25.038,122.2,0.00429,0.376,0.197113488
1560213159271,25.084,122.2,0.00429,0.376,0.197113488
1560213159316,25.129,122.2,0.00429,0.376,0.197113488
1560213159363,25.176,122.2,0.00429,0.376,0.197113488
1560213159425,25.238,122.2,0.00424,0.376,0.194816128
1560213159471,25.284,122.2,0.00424,0.376,0.194816128
1560213159517,25.33,122.2,0.00424,0.376,0.194816128
1560213159563,25.376,122.2,0.00424,0.376,0.194816128
1560213159624,25.437,122.1,0.00428,0.372,0.194402736
1560213159670,25.483,122.1,0.00428,0.372,0.194402736
1560213159716,25.529,122.1,0.00428,0.372,0.194402736
1560213159762,25.575,122.1,0.00428,0.372,0.194402736
1560213159825,25.638,122.2,0.00428,0.376,0.196654016
1560213159871,25.684,122.2,0.00428,0.376,0.196654016
1560213159917,25.73,122.2,0.00428,0.376,0.196654016
1560213159963,25.776,122.2,0.00428,0.376,0.196654016
1560213160024,25.837,122.2,0.00426,0.381,0.198337932
1560213160070,25.883,122.2,0.00426,0.381,0.198337932
1560213160116,25.929,122.2,0.00426,0.381,0.198337932
1560213160162,25.975,122.2,0.00426,0.381,0.198337932
1560213160224,26.037,122.2,0.00423,0.381,0.196941186
1560213160270,26.083,122.2,0.00423,0.381,0.196941186
1560213160316,26.129,122.2,0.00423,0.381,0.196941186
1560213160362,26.175,122.2,0.00423,0.381,0.196941186
1560213160424,26.237,122.2,0.00422,0.38,0.19595992
1560213160470,26.284,122.2,0.00422,0.38,0.19595992
1560213160516,26.329,122.2,0.00422,0.38,0.19595992
1560213160563,26.376,122.2,0.00422,0.38,0.19595992
1560213160625,26.438,122.2,0.0042,0.381,0.19554444
1560213160671,26.484,122.2,0.0042,0.381,0.19554444
1560213160717,26.53,122.2,0.0042,0.381,0.19554444
1560213160763,26.576,122.2,0.0042,0.381,0.19554444
1560213160824,26.637,122.2,0.00426,0.378,0.196776216
1560213160871,26.684,122.2,0.00426,0.378,0.196776216
1560213160917,26.73,122.2,0.00426,0.378,0.196776216
1560213160963,26.776,122.2,0.00426,0.378,0.196776216
1560213161024,26.837,122.2,0.00424,0.38,0.19688864
1560213161070,26.883,122.2,0.00424,0.38,0.19688864
1560213161116,26.93,122.2,0.00424,0.38,0.19688864
1560213161162,26.975,122.2,0.00424,0.38,0.19688864
1560213161225,27.038,122.2,0.00426,0.377,0.196255644
1560213161271,27.084,122.2,0.00426,0.377,0.196255644
1560213161317,27.13,122.2,0.00426,0.377,0.196255644
1560213161363,27.176,122.2,0.00426,0.377,0.196255644
1560213161424,27.237,122.2,0.00424,0.375,0.194298
1560213161470,27.283,122.2,0.00424,0.375,0.194298
1560213161516,27.329,122.2,0.00424,0.375,0.194298
1560213161562,27.375,122.2,0.00424,0.375,0.194298
1560213161625,27.438,122.1,0.00429,0.377,0.197475993
1560213161671,27.484,122.1,0.00429,0.377,0.197475993
1560213161717,27.53,122.1,0.00429,0.377,0.197475993
1560213161763,27.576,122.1,0.00429,0.377,0.197475993
1560213161824,27.638,122.2,0.00429,0.378,0.198161964
1560213161871,27.684,122.2,0.00429,0.378,0.198161964
1560213161917,27.73,122.2,0.00429,0.378,0.198161964
1560213161963,27.776,122.2,0.00429,0.378,0.198161964
1560213162025,27.838,122.2,0.00424,0.378,0.195852384
1560213162071,27.884,122.2,0.00424,0.378,0.195852384
1560213162117,27.93,122.2,0.00424,0.378,0.195852384
1560213162163,27.976,122.2,0.00424,0.378,0.195852384
1560213162225,28.038,122.2,0.00426,0.376,0.195735072
1560213162271,28.084,122.2,0.00426,0.376,0.195735072
1560213162318,28.131,122.2,0.00426,0.376,0.195735072
1560213162364,28.177,122.2,0.00426,0.376,0.195735072
1560213162424,28.237,122.2,0.00428,0.377,0.197177032
1560213162470,28.283,122.2,0.00428,0.377,0.197177032
1560213162516,28.329,122.2,0.00428,0.377,0.197177032
1560213162562,28.375,122.2,0.00428,0.377,0.197177032
1560213162625,28.438,122.1,0.00431,0.374,0.196817874
1560213162671,28.484,122.1,0.00431,0.374,0.196817874
1560213162717,28.53,122.1,0.00431,0.374,0.196817874
1560213162763,28.576,122.1,0.00431,0.374,0.196817874
1560213162824,28.637,122.1,0.0043,0.375,0.19688625
1560213162870,28.683,122.1,0.0043,0.375,0.19688625
1560213162916,28.729,122.1,0.0043,0.375,0.19688625
1560213162962,28.775,122.1,0.0043,0.375,0.19688625
1560213163025,28.838,122.1,0.00429,0.375,0.196428375
1560213163071,28.884,122.1,0.00429,0.375,0.196428375
1560213163117,28.93,122.1,0.00429,0.375,0.196428375
1560213163163,28.976,122.1,0.00429,0.375,0.196428375
1560213163224,29.037,122.1,0.00433,0.374,0.197731182
1560213163271,29.084,122.1,0.00433,0.374,0.197731182
1560213163317,29.13,122.1,0.00433,0.374,0.197731182
1560213163363,29.176,122.1,0.00433,0.374,0.197731182
1560213163424,29.237,122.1,0.0043,0.372,0.19531116
1560213163470,29.283,122.1,0.0043,0.372,0.19531116
1560213163516,29.329,122.1,0.0043,0.372,0.19531116
1560213163562,29.375,122.1,0.0043,0.372,0.19531116
1560213163625,29.438,122.1,0.00427,0.376,0.196033992
1560213163671,29.484,122.1,0.00427,0.376,0.196033992
1560213163717,29.53,122.1,0.00427,0.376,0.196033992
1560213163763,29.576,122.1,0.00427,0.376,0.196033992
1560213163824,29.637,122.1,0.0043,0.372,0.19531116
1560213163870,29.683,122.1,0.0043,0.372,0.19531116
1560213163916,29.729,122.1,0.0043,0.372,0.19531116
1560213163962,29.775,122.1,0.0043,0.372,0.19531116
1560213164024,29.837,122.1,0.00432,0.376,0.198329472
1560213164070,29.883,122.1,0.00432,0.376,0.198329472
1560213164116,29.929,122.1,0.00432,0.376,0.198329472
1560213164162,29.975,122.1,0.00432,0.376,0.198329472
1560213164224,30.037,122.2,0.00429,0.375,0.19658925
1560213164270,30.083,122.2,0.00429,0.375,0.19658925
1560213164316,30.129,122.2,0.00429,0.375,0.19658925
1560213164362,30.175,122.2,0.00429,0.375,0.19658925
1560213164425,30.238,122.2,0.00428,0.374,0.195607984
1560213164471,30.284,122.2,0.00428,0.374,0.195607984
1560213164517,30.33,122.2,0.00428,0.374,0.195607984
1560213164563,30.376,122.2,0.00428,0.374,0.195607984
1560213164624,30.437,122.1,0.00428,0.377,0.197015676
1560213164670,30.483,122.1,0.00428,0.377,0.197015676
1560213164716,30.529,122.1,0.00428,0.377,0.197015676
1560213164763,30.576,122.1,0.00428,0.377,0.197015676
1560213164824,30.637,122.1,0.00428,0.373,0.194925324
1560213164870,30.683,122.1,0.00428,0.373,0.194925324
1560213164916,30.729,122.1,0.00428,0.373,0.194925324
1560213164962,30.775,122.1,0.00428,0.373,0.194925324
1560213165024,30.838,122.2,0.00429,0.375,0.19658925
1560213165071,30.884,122.2,0.00429,0.375,0.19658925
1560213165117,30.93,122.2,0.00429,0.375,0.19658925
1560213165163,30.976,122.2,0.00429,0.375,0.19658925
1560213165224,31.037,122.2,0.0043,0.374,0.19652204
1560213165270,31.083,122.2,0.0043,0.374,0.19652204
1560213165316,31.129,122.2,0.0043,0.374,0.19652204
1560213165362,31.175,122.2,0.0043,0.374,0.19652204
1560213165425,31.238,122.2,0.00428,0.376,0.196654016
1560213165471,31.284,122.2,0.00428,0.376,0.196654016
1560213165517,31.33,122.2,0.00428,0.376,0.196654016
1560213165563,31.376,122.2,0.00428,0.376,0.196654016
1560213165625,31.438,122.1,0.00428,0.378,0.197538264
1560213165671,31.484,122.1,0.00428,0.378,0.197538264
1560213165717,31.53,122.1,0.00428,0.378,0.197538264
1560213165763,31.576,122.1,0.00428,0.378,0.197538264
1560213165824,31.637,122.2,0.00427,0.376,0.196194544
1560213165869,31.683,122.2,0.00427,0.376,0.196194544
1560213165916,31.729,122.2,0.00427,0.376,0.196194544
1560213165962,31.775,122.2,0.00427,0.376,0.196194544
1560213166024,31.837,122.2,0.00421,0.38,0.19549556
1560213166071,31.884,122.2,0.00421,0.38,0.19549556
1560213166116,31.93,122.2,0.00421,0.38,0.19549556
1560213166163,31.976,122.2,0.00421,0.38,0.19549556
1560213166224,32.037,122.1,0.00426,0.376,0.195574896
1560213166270,32.083,122.1,0.00426,0.376,0.195574896
1560213166316,32.129,122.1,0.00426,0.376,0.195574896
1560213166362,32.175,122.1,0.00426,0.376,0.195574896
1560213166424,32.237,122.1,0.00427,0.377,0.196555359
1560213166470,32.283,122.1,0.00427,0.377,0.196555359
1560213166516,32.329,122.1,0.00427,0.377,0.196555359
1560213166562,32.375,122.1,0.00427,0.377,0.196555359
1560213166624,32.437,122.1,0.00426,0.376,0.195574896
1560213166670,32.483,122.1,0.00426,0.376,0.195574896
1560213166716,32.529,122.1,0.00426,0.376,0.195574896
1560213166762,32.575,122.1,0.00426,0.376,0.195574896
1560213166824,32.637,122.1,0.00429,0.377,0.197475993
1560213166869,32.683,122.1,0.00429,0.377,0.197475993
1560213166916,32.729,122.1,0.00429,0.377,0.197475993
1560213166962,32.775,122.1,0.00429,0.377,0.197475993
1560213167024,32.837,122.1,0.0043,0.376,0.19741128
1560213167070,32.883,122.1,0.0043,0.376,0.19741128
1560213167116,32.93,122.1,0.0043,0.376,0.19741128
1560213167163,32.977,122.1,0.0043,0.376,0.19741128
1560213167224,33.037,122.1,0.00428,0.375,0.1959705
1560213167270,33.083,122.1,0.00428,0.375,0.1959705
1560213167316,33.129,122.1,0.00428,0.375,0.1959705
1560213167362,33.175,122.1,0.00428,0.375,0.1959705
1560213167424,33.237,122.1,0.00428,0.373,0.194925324
1560213167470,33.283,122.1,0.00428,0.373,0.194925324
1560213167516,33.329,122.1,0.00428,0.373,0.194925324
1560213167562,33.375,122.1,0.00428,0.373,0.194925324
1560213167624,33.437,122.1,0.00432,0.373,0.196747056
1560213167671,33.484,122.1,0.00432,0.373,0.196747056
1560213167717,33.53,122.1,0.00432,0.373,0.196747056
1560213167763,33.576,122.1,0.00432,0.373,0.196747056
1560213167824,33.637,122.1,0.00431,0.374,0.196817874
1560213167870,33.683,122.1,0.00431,0.374,0.196817874
1560213167916,33.729,122.1,0.00431,0.374,0.196817874
1560213167962,33.775,122.1,0.00431,0.374,0.196817874
1560213168024,33.837,122.1,0.00427,0.374,0.194991258
1560213168070,33.883,122.1,0.00427,0.374,0.194991258
1560213168116,33.929,122.1,0.00427,0.374,0.194991258
1560213168162,33.975,122.1,0.00427,0.374,0.194991258
1560213168223,34.036,122.1,0.00429,0.374,0.195904566
1560213168269,34.082,122.1,0.00429,0.374,0.195904566
1560213168315,34.128,122.1,0.00429,0.374,0.195904566
1560213168362,34.175,122.1,0.00429,0.374,0.195904566
1560213168424,34.237,122.1,0.00424,0.378,0.195692112
1560213168470,34.283,122.1,0.00424,0.378,0.195692112
1560213168516,34.329,122.1,0.00424,0.378,0.195692112
1560213168562,34.375,122.1,0.00424,0.378,0.195692112
1560213168623,34.436,122.1,0.00426,0.381,0.198175626
1560213168669,34.482,122.1,0.00426,0.381,0.198175626
1560213168715,34.528,122.1,0.00426,0.381,0.198175626
1560213168761,34.574,122.1,0.00426,0.381,0.198175626
1560213168823,34.636,122.1,0.00428,0.375,0.1959705
1560213168869,34.682,122.1,0.00428,0.375,0.1959705
1560213168915,34.728,122.1,0.00428,0.375,0.1959705
1560213168961,34.774,122.1,0.00428,0.375,0.1959705
1560213169024,34.837,122.1,0.00427,0.379,0.197598093
1560213169070,34.883,122.1,0.00427,0.379,0.197598093
1560213169116,34.929,122.1,0.00427,0.379,0.197598093
1560213169162,34.975,122.1,0.00427,0.379,0.197598093
1560213169224,35.037,122.1,0.00425,0.376,0.1951158
1560213169270,35.083,122.1,0.00425,0.376,0.1951158
1560213169316,35.129,122.1,0.00425,0.376,0.1951158
1560213169362,35.175,122.1,0.00425,0.376,0.1951158
1560213169424,35.237,122.1,0.00425,0.378,0.19615365
1560213169470,35.283,122.1,0.00425,0.378,0.19615365
1560213169516,35.329,122.1,0.00425,0.378,0.19615365
1560213169562,35.375,122.1,0.00425,0.378,0.19615365
1560213169624,35.437,122.1,0.00426,0.378,0.196615188
1560213169670,35.483,122.1,0.00426,0.378,0.196615188
1560213169717,35.53,122.1,0.00426,0.378,0.196615188
1560213169763,35.576,122.1,0.00426,0.378,0.196615188
1560213169824,35.637,122.1,0.00428,0.375,0.1959705
1560213169870,35.683,122.1,0.00428,0.375,0.1959705
1560213169916,35.729,122.1,0.00428,0.375,0.1959705
1560213169962,35.775,122.1,0.00428,0.375,0.1959705
1560213170024,35.837,122.1,0.00426,0.379,0.197135334
1560213170070,35.883,122.1,0.00426,0.379,0.197135334
1560213170116,35.929,122.1,0.00426,0.379,0.197135334
1560213170162,35.975,122.1,0.00426,0.379,0.197135334
1560213170225,36.038,122.1,0.00427,0.379,0.197598093
1560213170271,36.084,122.1,0.00427,0.379,0.197598093
1560213170317,36.13,122.1,0.00427,0.379,0.197598093
1560213170363,36.176,122.1,0.00427,0.379,0.197598093
1560213170425,36.238,122.1,0.00425,0.378,0.19615365
1560213170471,36.284,122.1,0.00425,0.378,0.19615365
1560213170517,36.33,122.1,0.00425,0.378,0.19615365
1560213170563,36.376,122.1,0.00425,0.378,0.19615365
1560213170624,36.437,122.1,0.00424,0.38,0.19672752
1560213170670,36.483,122.1,0.00424,0.38,0.19672752
1560213170716,36.529,122.1,0.00424,0.38,0.19672752
1560213170762,36.575,122.1,0.00424,0.38,0.19672752
1560213170823,36.636,122.1,0.00428,0.379,0.198060852
1560213170869,36.682,122.1,0.00428,0.379,0.198060852
1560213170915,36.728,122.1,0.00428,0.379,0.198060852
1560213170961,36.774,122.1,0.00428,0.379,0.198060852
1560213171024,36.837,122.1,0.00429,0.379,0.198523611
1560213171071,36.884,122.1,0.00429,0.379,0.198523611
1560213171117,36.93,122.1,0.00429,0.379,0.198523611
1560213171163,36.976,122.1,0.00429,0.379,0.198523611
1560213171223,37.036,122.1,0.00426,0.378,0.196615188
1560213171269,37.082,122.1,0.00426,0.378,0.196615188
1560213171315,37.128,122.1,0.00426,0.378,0.196615188
1560213171361,37.174,122.1,0.00426,0.378,0.196615188
1560213171424,37.237,122.1,0.00424,0.377,0.195174408
1560213171470,37.283,122.1,0.00424,0.377,0.195174408
1560213171516,37.329,122.1,0.00424,0.377,0.195174408
1560213171562,37.375,122.1,0.00424,0.377,0.195174408
1560213171623,37.436,122.1,0.00425,0.38,0.1971915
1560213171669,37.482,122.1,0.00425,0.38,0.1971915
1560213171715,37.528,122.1,0.00425,0.38,0.1971915
1560213171761,37.574,122.1,0.00425,0.38,0.1971915
1560213171823,37.636,122.1,0.00428,0.376,0.196493088
1560213171869,37.682,122.1,0.00428,0.376,0.196493088
1560213171915,37.728,122.1,0.00428,0.376,0.196493088
1560213171962,37.775,122.1,0.00428,0.376,0.196493088
1560213172024,37.837,122.1,0.00427,0.38,0.19811946
1560213172070,37.883,122.1,0.00427,0.38,0.19811946
1560213172116,37.929,122.1,0.00427,0.38,0.19811946
1560213172162,37.975,122.1,0.00427,0.38,0.19811946
1560213172224,38.037,122.1,0.00423,0.381,0.196780023
1560213172270,38.083,122.1,0.00423,0.381,0.196780023
1560213172316,38.129,122.1,0.00423,0.381,0.196780023
1560213172362,38.175,122.1,0.00423,0.381,0.196780023
1560213172423,38.236,122.1,0.00426,0.377,0.196095042
1560213172469,38.282,122.1,0.00426,0.377,0.196095042
1560213172515,38.328,122.1,0.00426,0.377,0.196095042
1560213172561,38.374,122.1,0.00426,0.377,0.196095042
1560213172624,38.437,122.1,0.00423,0.378,0.195230574
1560213172670,38.483,122.1,0.00423,0.378,0.195230574
1560213172717,38.53,122.1,0.00423,0.378,0.195230574
1560213172763,38.576,122.1,0.00423,0.378,0.195230574
1560213172823,38.636,122.1,0.00428,0.376,0.196493088
1560213172869,38.682,122.1,0.00428,0.376,0.196493088
1560213172915,38.728,122.1,0.00428,0.376,0.196493088
1560213172961,38.774,122.1,0.00428,0.376,0.196493088
1560213173024,38.837,122.1,0.00426,0.379,0.197135334
1560213173070,38.883,122.1,0.00426,0.379,0.197135334
1560213173116,38.929,122.1,0.00426,0.379,0.197135334
1560213173162,38.975,122.1,0.00426,0.379,0.197135334
1560213173223,39.036,122.1,0.00425,0.379,0.196672575
1560213173269,39.082,122.1,0.00425,0.379,0.196672575
1560213173315,39.128,122.1,0.00425,0.379,0.196672575
1560213173362,39.175,122.1,0.00425,0.379,0.196672575
1560213173423,39.236,122.1,0.00428,0.377,0.197015676
1560213173469,39.282,122.1,0.00428,0.377,0.197015676
1560213173515,39.328,122.1,0.00428,0.377,0.197015676
1560213173561,39.374,122.1,0.00428,0.377,0.197015676
1560213173623,39.436,122.1,0.00429,0.378,0.197999802
1560213173669,39.482,122.1,0.00429,0.378,0.197999802
1560213173716,39.529,122.1,0.00429,0.378,0.197999802
1560213173762,39.575,122.1,0.00429,0.378,0.197999802
1560213173823,39.636,122.1,0.00432,0.375,0.197802
1560213173869,39.682,122.1,0.00432,0.375,0.197802
1560213173915,39.728,122.1,0.00432,0.375,0.197802
1560213173961,39.774,122.1,0.00432,0.375,0.197802
1560213174023,39.836,122.1,0.0043,0.376,0.19741128
1560213174069,39.882,122.1,0.0043,0.376,0.19741128
1560213174115,39.928,122.1,0.0043,0.376,0.19741128
1560213174161,39.974,122.1,0.0043,0.376,0.19741128
1560213174223,40.036,122.1,0.0043,0.376,0.19741128
1560213174269,40.082,122.1,0.0043,0.376,0.19741128
1560213174315,40.128,122.1,0.0043,0.376,0.19741128
1560213174361,40.174,122.1,0.0043,0.376,0.19741128
1560213174423,40.236,122.1,0.00425,0.374,0.19407795
1560213174469,40.282,122.1,0.00425,0.374,0.19407795
1560213174515,40.328,122.1,0.00425,0.374,0.19407795
1560213174561,40.374,122.1,0.00425,0.374,0.19407795
1560213174623,40.436,122.1,0.00428,0.377,0.197015676
1560213174669,40.482,122.1,0.00428,0.377,0.197015676
1560213174715,40.528,122.1,0.00428,0.377,0.197015676
1560213174761,40.574,122.1,0.00428,0.377,0.197015676
1560213174823,40.636,122.1,0.00432,0.37,0.19516464
1560213174869,40.682,122.1,0.00432,0.37,0.19516464
1560213174915,40.728,122.1,0.00432,0.37,0.19516464
1560213174961,40.774,122.1,0.00432,0.37,0.19516464
1560213175023,40.836,122.1,0.00428,0.375,0.1959705
1560213175069,40.882,122.1,0.00428,0.375,0.1959705
1560213175115,40.928,122.1,0.00428,0.375,0.1959705
1560213175161,40.974,122.1,0.00428,0.375,0.1959705
1560213175224,41.037,122.1,0.00431,0.375,0.197344125
1560213175270,41.083,122.1,0.00431,0.375,0.197344125
1560213175316,41.129,122.1,0.00431,0.375,0.197344125
1560213175362,41.175,122.1,0.00431,0.375,0.197344125
1560213175423,41.236,122.1,0.00427,0.375,0.195512625
1560213175469,41.282,122.1,0.00427,0.375,0.195512625
1560213175515,41.328,122.1,0.00427,0.375,0.195512625
1560213175561,41.374,122.1,0.00427,0.375,0.195512625
1560213175624,41.437,122.1,0.00428,0.374,0.195447912
1560213175669,41.482,122.1,0.00428,0.374,0.195447912
1560213175716,41.529,122.1,0.00428,0.374,0.195447912
1560213175762,41.575,122.1,0.00428,0.374,0.195447912
1560213175823,41.636,122.1,0.00428,0.373,0.194925324
1560213175869,41.682,122.1,0.00428,0.373,0.194925324
1560213175915,41.728,122.1,0.00428,0.373,0.194925324
1560213175961,41.774,122.1,0.00428,0.373,0.194925324
1560213176024,41.837,122.1,0.00429,0.377,0.197475993
1560213176070,41.883,122.1,0.00429,0.377,0.197475993
1560213176116,41.929,122.1,0.00429,0.377,0.197475993
1560213176162,41.975,122.1,0.00429,0.377,0.197475993
1560213176223,42.036,122.1,0.00426,0.376,0.195574896
1560213176270,42.083,122.1,0.00426,0.376,0.195574896
1560213176316,42.129,122.1,0.00426,0.376,0.195574896
1560213176362,42.175,122.1,0.00426,0.376,0.195574896
1560213176423,42.236,122.1,0.00428,0.379,0.198060852
1560213176469,42.282,122.1,0.00428,0.379,0.198060852
1560213176515,42.328,122.1,0.00428,0.379,0.198060852
1560213176562,42.375,122.1,0.00428,0.379,0.198060852
1560213176623,42.436,122.1,0.00426,0.377,0.196095042
1560213176669,42.482,122.1,0.00426,0.377,0.196095042
1560213176715,42.528,122.1,0.00426,0.377,0.196095042
1560213176761,42.574,122.1,0.00426,0.377,0.196095042
1560213176823,42.636,122.1,0.00427,0.378,0.197076726
1560213176869,42.683,122.1,0.00427,0.378,0.197076726
1560213176916,42.729,122.1,0.00427,0.378,0.197076726
1560213176962,42.775,122.1,0.00427,0.378,0.197076726
1560213177023,42.836,122.1,0.00429,0.377,0.197475993
1560213177069,42.882,122.1,0.00429,0.377,0.197475993
1560213177115,42.928,122.1,0.00429,0.377,0.197475993
1560213177161,42.974,122.1,0.00429,0.377,0.197475993
1560213177223,43.036,122.2,0.00427,0.378,0.197238132
1560213177270,43.083,122.2,0.00427,0.378,0.197238132
1560213177316,43.129,122.2,0.00427,0.378,0.197238132
1560213177362,43.175,122.2,0.00427,0.378,0.197238132
1560213177423,43.236,122.2,0.00427,0.375,0.19567275
1560213177469,43.282,122.2,0.00427,0.375,0.19567275
1560213177515,43.328,122.2,0.00427,0.375,0.19567275
1560213177561,43.374,122.2,0.00427,0.375,0.19567275
1560213177622,43.435,122.1,0.00425,0.378,0.19615365
1560213177668,43.481,122.1,0.00425,0.378,0.19615365
1560213177714,43.527,122.1,0.00425,0.378,0.19615365
1560213177760,43.573,122.1,0.00425,0.378,0.19615365
1560213177823,43.636,122.1,0.00427,0.377,0.196555359
1560213177869,43.682,122.1,0.00427,0.377,0.196555359
1560213177915,43.728,122.1,0.00427,0.377,0.196555359
1560213177961,43.774,122.1,0.00427,0.377,0.196555359
1560213178023,43.836,122.1,0.00428,0.375,0.1959705
1560213178069,43.882,122.1,0.00428,0.375,0.1959705
1560213178115,43.928,122.1,0.00428,0.375,0.1959705
1560213178162,43.975,122.1,0.00428,0.375,0.1959705
1560213178223,44.036,122.2,0.00429,0.376,0.197113488
1560213178269,44.082,122.2,0.00429,0.376,0.197113488
1560213178315,44.128,122.2,0.00429,0.376,0.197113488
1560213178361,44.174,122.2,0.00429,0.376,0.197113488
1560213178423,44.236,122.1,0.00428,0.376,0.196493088
1560213178469,44.282,122.1,0.00428,0.376,0.196493088
1560213178515,44.328,122.1,0.00428,0.376,0.196493088
1560213178561,44.374,122.1,0.00428,0.376,0.196493088
1560213178622,44.435,122.1,0.00424,0.374,0.193621296
1560213178668,44.481,122.1,0.00424,0.374,0.193621296
1560213178715,44.528,122.1,0.00424,0.374,0.193621296
1560213178761,44.574,122.1,0.00424,0.374,0.193621296
1560213178823,44.636,122.1,0.00427,0.376,0.196033992
1560213178869,44.682,122.1,0.00427,0.376,0.196033992
1560213178915,44.728,122.1,0.00427,0.376,0.196033992
1560213178961,44.774,122.1,0.00427,0.376,0.196033992
1560213179024,44.837,122.1,0.00422,0.379,0.195284298
1560213179070,44.883,122.1,0.00422,0.379,0.195284298
1560213179117,44.93,122.1,0.00422,0.379,0.195284298
1560213179163,44.976,122.1,0.00422,0.379,0.195284298
1560213179223,45.036,122.2,0.00426,0.379,0.197296788
1560213179269,45.082,122.2,0.00426,0.379,0.197296788
1560213179315,45.128,122.2,0.00426,0.379,0.197296788
1560213179361,45.174,122.2,0.00426,0.379,0.197296788
1560213179423,45.236,122.2,0.00424,0.381,0.197406768
1560213179469,45.282,122.2,0.00424,0.381,0.197406768
1560213179515,45.328,122.2,0.00424,0.381,0.197406768
1560213179561,45.374,122.2,0.00424,0.381,0.197406768
1560213179622,45.435,122.1,0.00425,0.377,0.195634725
1560213179669,45.482,122.1,0.00425,0.377,0.195634725
1560213179715,45.528,122.1,0.00425,0.377,0.195634725
1560213179761,45.574,122.1,0.00425,0.377,0.195634725
1560213179822,45.635,122.1,0.00426,0.377,0.196095042
1560213179868,45.681,122.1,0.00426,0.377,0.196095042
1560213179914,45.727,122.1,0.00426,0.377,0.196095042
1560213179960,45.773,122.1,0.00426,0.377,0.196095042
1560213180023,45.836,122.1,0.00428,0.374,0.195447912
1560213180069,45.882,122.1,0.00428,0.374,0.195447912
1560213180115,45.928,122.1,0.00428,0.374,0.195447912
1560213180161,45.974,122.1,0.00428,0.374,0.195447912
1560213180222,46.036,122.1,0.00434,0.376,0.199247664
1560213180269,46.082,122.1,0.00434,0.376,0.199247664
1560213180315,46.128,122.1,0.00434,0.376,0.199247664
1560213180361,46.174,122.1,0.00434,0.376,0.199247664
1560213180422,46.235,122.1,0.00428,0.372,0.194402736
1560213180468,46.281,122.1,0.00428,0.372,0.194402736
1560213180514,46.327,122.1,0.00428,0.372,0.194402736
1560213180560,46.373,122.1,0.00428,0.372,0.194402736
1560213180622,46.435,122.1,0.00429,0.373,0.195380757
1560213180668,46.481,122.1,0.00429,0.373,0.195380757
1560213180714,46.528,122.1,0.00429,0.373,0.195380757
1560213180761,46.574,122.1,0.00429,0.373,0.195380757
1560213180822,46.635,122.1,0.0043,0.374,0.19636122
1560213180868,46.681,122.1,0.0043,0.374,0.19636122
1560213180914,46.727,122.1,0.0043,0.374,0.19636122
1560213180960,46.773,122.1,0.0043,0.374,0.19636122
1560213181023,46.836,122.1,0.00428,0.373,0.194925324
1560213181069,46.882,122.1,0.00428,0.373,0.194925324
1560213181115,46.928,122.1,0.00428,0.373,0.194925324
1560213181161,46.974,122.1,0.00428,0.373,0.194925324
1560213181222,47.035,122.1,0.00426,0.379,0.197135334
1560213181268,47.081,122.1,0.00426,0.379,0.197135334
1560213181316,47.129,122.1,0.00426,0.379,0.197135334
1560213181362,47.175,122.1,0.00426,0.379,0.197135334
1560213181423,47.236,122.1,0.00427,0.375,0.195512625
1560213181469,47.282,122.1,0.00427,0.375,0.195512625
1560213181515,47.328,122.1,0.00427,0.375,0.195512625
1560213181561,47.374,122.1,0.00427,0.375,0.195512625
1560213181622,47.435,122.1,0.00427,0.378,0.197076726
1560213181668,47.481,122.1,0.00427,0.378,0.197076726
1560213181714,47.527,122.1,0.00427,0.378,0.197076726
1560213181761,47.574,122.1,0.00427,0.378,0.197076726
1560213181823,47.636,122.1,0.00426,0.377,0.196095042
1560213181869,47.682,122.1,0.00426,0.377,0.196095042
1560213181915,47.728,122.1,0.00426,0.377,0.196095042
1560213181961,47.774,122.1,0.00426,0.377,0.196095042
1560213182022,47.835,122.1,0.00429,0.377,0.197475993
1560213182068,47.881,122.1,0.00429,0.377,0.197475993
1560213182115,47.928,122.1,0.00429,0.377,0.197475993
1560213182161,47.974,122.1,0.00429,0.377,0.197475993
1560213182223,48.036,122.2,0.00429,0.378,0.198161964
1560213182269,48.082,122.2,0.00429,0.378,0.198161964
1560213182315,48.128,122.2,0.00429,0.378,0.198161964
1560213182361,48.174,122.2,0.00429,0.378,0.198161964
1560213182422,48.235,122.2,0.00428,0.374,0.195607984
1560213182468,48.281,122.2,0.00428,0.374,0.195607984
1560213182514,48.327,122.2,0.00428,0.374,0.195607984
1560213182560,48.373,122.2,0.00428,0.374,0.195607984
1560213182622,48.435,122.2,0.00424,0.378,0.195852384
1560213182668,48.482,122.2,0.00424,0.378,0.195852384
1560213182715,48.528,122.2,0.00424,0.378,0.195852384
1560213182761,48.574,122.2,0.00424,0.378,0.195852384
1560213182822,48.635,122.1,0.00426,0.376,0.195574896
1560213182868,48.681,122.1,0.00426,0.376,0.195574896
1560213182914,48.727,122.1,0.00426,0.376,0.195574896
1560213182960,48.773,122.1,0.00426,0.376,0.195574896
1560213183022,48.835,122.2,0.00429,0.378,0.198161964
1560213183068,48.881,122.2,0.00429,0.378,0.198161964
1560213183114,48.927,122.2,0.00429,0.378,0.198161964
1560213183161,48.974,122.2,0.00429,0.378,0.198161964
1560213183224,49.037,122.2,0.00426,0.38,0.19781736
1560213183269,49.082,122.2,0.00426,0.38,0.19781736
1560213183315,49.128,122.2,0.00426,0.38,0.19781736
1560213183361,49.174,122.2,0.00426,0.38,0.19781736
1560213183422,49.235,122.2,0.00425,0.382,0.1983917
1560213183468,49.281,122.2,0.00425,0.382,0.1983917
1560213183515,49.328,122.2,0.00425,0.382,0.1983917
1560213183561,49.374,122.2,0.00425,0.382,0.1983917
1560213183622,49.435,122.2,0.00424,0.375,0.194298
1560213183668,49.481,122.2,0.00424,0.375,0.194298
1560213183714,49.527,122.2,0.00424,0.375,0.194298
1560213183760,49.573,122.2,0.00424,0.375,0.194298
1560213183822,49.635,122.1,0.00427,0.378,0.197076726
1560213183868,49.681,122.1,0.00427,0.378,0.197076726
1560213183914,49.727,122.1,0.00427,0.378,0.197076726
1560213183960,49.773,122.1,0.00427,0.378,0.197076726
1560213184023,49.836,122.1,0.00428,0.374,0.195447912
1560213184069,49.882,122.1,0.00428,0.374,0.195447912
1560213184115,49.928,122.1,0.00428,0.374,0.195447912
1560213184161,49.974,122.1,0.00428,0.374,0.195447912
1560213184222,50.035,122.2,0.00426,0.378,0.196776216
1560213184268,50.081,122.2,0.00426,0.378,0.196776216
1560213184314,50.127,122.2,0.00426,0.378,0.196776216
1560213184360,50.173,122.2,0.00426,0.378,0.196776216
1560213184422,50.235,122.2,0.00426,0.376,0.195735072
1560213184469,50.282,122.2,0.00426,0.376,0.195735072
1560213184515,50.328,122.2,0.00426,0.376,0.195735072
1560213184561,50.374,122.2,0.00426,0.376,0.195735072
1560213184622,50.435,122.1,0.00425,0.376,0.1951158
1560213184668,50.481,122.1,0.00425,0.376,0.1951158
1560213184714,50.527,122.1,0.00425,0.376,0.1951158
1560213184760,50.573,122.1,0.00425,0.376,0.1951158
1560213184822,50.635,122.1,0.00427,0.376,0.196033992
1560213184868,50.681,122.1,0.00427,0.376,0.196033992
1560213184915,50.728,122.1,0.00427,0.376,0.196033992
1560213184961,50.774,122.1,0.00427,0.376,0.196033992
1560213185022,50.835,122.1,0.00427,0.375,0.195512625
1560213185068,50.881,122.1,0.00427,0.375,0.195512625
1560213185114,50.927,122.1,0.00427,0.375,0.195512625
1560213185160,50.973,122.1,0.00427,0.375,0.195512625
1560213185222,51.036,122.1,0.00424,0.383,0.198280632
1560213185269,51.082,122.1,0.00424,0.383,0.198280632
1560213185315,51.128,122.1,0.00424,0.383,0.198280632
1560213185361,51.174,122.1,0.00424,0.383,0.198280632
1560213185422,51.235,122.1,0.00426,0.38,0.19765548
1560213185468,51.281,122.1,0.00426,0.38,0.19765548
1560213185514,51.327,122.1,0.00426,0.38,0.19765548
1560213185560,51.373,122.1,0.00426,0.38,0.19765548
1560213185622,51.435,122.1,0.00426,0.378,0.196615188
1560213185668,51.481,122.1,0.00426,0.378,0.196615188
1560213185714,51.527,122.1,0.00426,0.378,0.196615188
1560213185760,51.574,122.1,0.00426,0.378,0.196615188
1560213185821,51.634,122.1,0.0043,0.373,0.19583619
1560213185868,51.681,122.1,0.0043,0.373,0.19583619
1560213185913,51.726,122.1,0.0043,0.373,0.19583619
1560213185960,51.773,122.1,0.0043,0.373,0.19583619
1560213186022,51.835,122.1,0.00432,0.375,0.197802
1560213186068,51.881,122.1,0.00432,0.375,0.197802
1560213186114,51.927,122.1,0.00432,0.375,0.197802
1560213186160,51.973,122.1,0.00432,0.375,0.197802
1560213186223,52.036,122.2,0.00429,0.377,0.197637726
1560213186268,52.081,122.2,0.00429,0.377,0.197637726
1560213186314,52.127,122.2,0.00429,0.377,0.197637726
1560213186360,52.173,122.2,0.00429,0.377,0.197637726
1560213186422,52.235,122.2,0.00426,0.375,0.1952145
1560213186467,52.28,122.2,0.00426,0.375,0.1952145
1560213186514,52.327,122.2,0.00426,0.375,0.1952145
1560213186560,52.373,122.2,0.00426,0.375,0.1952145
1560213186622,52.435,122.2,0.00425,0.375,0.19475625
1560213186668,52.481,122.2,0.00425,0.375,0.19475625
1560213186714,52.527,122.2,0.00425,0.375,0.19475625
1560213186760,52.573,122.2,0.00425,0.375,0.19475625
1560213186821,52.634,122.1,0.00425,0.376,0.1951158
1560213186868,52.681,122.1,0.00425,0.376,0.1951158
1560213186914,52.727,122.1,0.00425,0.376,0.1951158
1560213186960,52.773,122.1,0.00425,0.376,0.1951158
1560213187022,52.835,122.1,0.00425,0.378,0.19615365
1560213187068,52.881,122.1,0.00425,0.378,0.19615365
1560213187114,52.927,122.1,0.00425,0.378,0.19615365
1560213187161,52.974,122.1,0.00425,0.378,0.19615365
1560213187222,53.035,122.2,0.00426,0.377,0.196255644
1560213187268,53.081,122.2,0.00426,0.377,0.196255644
1560213187314,53.127,122.2,0.00426,0.377,0.196255644
1560213187361,53.174,122.2,0.00426,0.377,0.196255644
1560213187422,53.235,122.2,0.00425,0.377,0.19579495
1560213187468,53.281,122.2,0.00425,0.377,0.19579495
1560213187514,53.327,122.2,0.00425,0.377,0.19579495
1560213187561,53.374,122.2,0.00425,0.377,0.19579495
1560213187622,53.435,122.2,0.00424,0.378,0.195852384
1560213187668,53.481,122.2,0.00424,0.378,0.195852384
1560213187714,53.527,122.2,0.00424,0.378,0.195852384
1560213187760,53.573,122.2,0.00424,0.378,0.195852384
1560213187822,53.635,122.2,0.00429,0.376,0.197113488
1560213187868,53.681,122.2,0.00429,0.376,0.197113488
1560213187914,53.727,122.2,0.00429,0.376,0.197113488
1560213187960,53.773,122.2,0.00429,0.376,0.197113488
1560213188021,53.834,122.1,0.00426,0.378,0.196615188
1560213188067,53.88,122.1,0.00426,0.378,0.196615188
1560213188113,53.926,122.1,0.00426,0.378,0.196615188
1560213188159,53.972,122.1,0.00426,0.378,0.196615188
1560213188222,54.035,122.2,0.00426,0.379,0.197296788
1560213188268,54.081,122.2,0.00426,0.379,0.197296788
1560213188314,54.127,122.2,0.00426,0.379,0.197296788
1560213188361,54.174,122.2,0.00426,0.379,0.197296788
1560213188422,54.235,122.2,0.00422,0.378,0.194928552
1560213188468,54.281,122.2,0.00422,0.378,0.194928552
1560213188514,54.327,122.2,0.00422,0.378,0.194928552
1560213188560,54.374,122.2,0.00422,0.378,0.194928552
1560213188621,54.434,122.1,0.00423,0.38,0.19626354
1560213188667,54.48,122.1,0.00423,0.38,0.19626354
1560213188714,54.527,122.1,0.00423,0.38,0.19626354
1560213188760,54.573,122.1,0.00423,0.38,0.19626354
1560213188822,54.635,122.1,0.00424,0.378,0.195692112
1560213188868,54.681,122.1,0.00424,0.378,0.195692112
1560213188914,54.727,122.1,0.00424,0.378,0.195692112
1560213188960,54.773,122.1,0.00424,0.378,0.195692112
1560213189021,54.834,122.1,0.00426,0.377,0.196095042
1560213189067,54.88,122.1,0.00426,0.377,0.196095042
1560213189113,54.926,122.1,0.00426,0.377,0.196095042
1560213189169,54.982,122.1,0.00426,0.377,0.196095042
1560213189221,55.034,122.1,0.00427,0.379,0.197598093
1560213189267,55.08,122.1,0.00427,0.379,0.197598093
1560213189313,55.126,122.1,0.00427,0.379,0.197598093
1560213189359,55.172,122.1,0.00427,0.379,0.197598093
1560213189422,55.235,122.1,0.00425,0.378,0.19615365
1560213189468,55.281,122.1,0.00425,0.378,0.19615365
1560213189514,55.327,122.1,0.00425,0.378,0.19615365
1560213189560,55.373,122.1,0.00425,0.378,0.19615365
1560213189622,55.435,122.1,0.00424,0.379,0.196209816
1560213189668,55.481,122.1,0.00424,0.379,0.196209816
1560213189714,55.527,122.1,0.00424,0.379,0.196209816
1560213189760,55.573,122.1,0.00424,0.379,0.196209816
1560213189821,55.634,122.1,0.00428,0.378,0.197538264
1560213189868,55.681,122.1,0.00428,0.378,0.197538264
1560213189914,55.727,122.1,0.00428,0.378,0.197538264
1560213189960,55.773,122.1,0.00428,0.378,0.197538264
1560213190021,55.834,122.1,0.00425,0.38,0.1971915
1560213190067,55.88,122.1,0.00425,0.38,0.1971915
1560213190113,55.926,122.1,0.00425,0.38,0.1971915
1560213190159,55.972,122.1,0.00425,0.38,0.1971915
1560213190222,56.035,122.2,0.00427,0.379,0.197759926
1560213190268,56.081,122.2,0.00427,0.379,0.197759926
1560213190314,56.127,122.2,0.00427,0.379,0.197759926
1560213190361,56.174,122.2,0.00427,0.379,0.197759926
1560213190422,56.235,122.2,0.00424,0.379,0.196370512
1560213190468,56.281,122.2,0.00424,0.379,0.196370512
1560213190514,56.327,122.2,0.00424,0.379,0.196370512
1560213190560,56.373,122.2,0.00424,0.379,0.196370512
1560213190621,56.434,122.2,0.00424,0.38,0.19688864
1560213190667,56.48,122.2,0.00424,0.38,0.19688864
1560213190713,56.526,122.2,0.00424,0.38,0.19688864
1560213190759,56.572,122.2,0.00424,0.38,0.19688864
1560213190822,56.635,122.1,0.00426,0.38,0.19765548
1560213190868,56.681,122.1,0.00426,0.38,0.19765548
1560213190914,56.727,122.1,0.00426,0.38,0.19765548
1560213190960,56.773,122.1,0.00426,0.38,0.19765548
1560213191021,56.834,122.1,0.00429,0.377,0.197475993
1560213191067,56.88,122.1,0.00429,0.377,0.197475993
1560213191114,56.927,122.1,0.00429,0.377,0.197475993
1560213191160,56.973,122.1,0.00429,0.377,0.197475993
1560213191221,57.034,122.2,0.00426,0.378,0.196776216
1560213191267,57.08,122.2,0.00426,0.378,0.196776216
1560213191313,57.126,122.2,0.00426,0.378,0.196776216
1560213191359,57.172,122.2,0.00426,0.378,0.196776216
1560213191422,57.235,122.2,0.00428,0.376,0.196654016
1560213191468,57.281,122.2,0.00428,0.376,0.196654016
1560213191514,57.327,122.2,0.00428,0.376,0.196654016
1560213191561,57.374,122.2,0.00428,0.376,0.196654016
1560213191622,57.435,122.2,0.00426,0.376,0.195735072
1560213191668,57.481,122.2,0.00426,0.376,0.195735072
1560213191714,57.527,122.2,0.00426,0.376,0.195735072
1560213191760,57.573,122.2,0.00426,0.376,0.195735072
1560213191821,57.634,122.1,0.00425,0.379,0.196672575
1560213191867,57.68,122.1,0.00425,0.379,0.196672575
1560213191913,57.726,122.1,0.00425,0.379,0.196672575
1560213191959,57.772,122.1,0.00425,0.379,0.196672575
1560213192021,57.834,122.1,0.00427,0.374,0.194991258
1560213192068,57.881,122.1,0.00427,0.374,0.194991258
1560213192114,57.927,122.1,0.00427,0.374,0.194991258
1560213192160,57.973,122.1,0.00427,0.374,0.194991258
1560213192221,58.034,122.1,0.00432,0.377,0.198856944
1560213192267,58.08,122.1,0.00432,0.377,0.198856944
1560213192314,58.127,122.1,0.00432,0.377,0.198856944
1560213192359,58.172,122.1,0.00432,0.377,0.198856944
1560213192421,58.234,122.2,0.00428,0.378,0.197700048
1560213192467,58.28,122.2,0.00428,0.378,0.197700048
1560213192513,58.326,122.2,0.00428,0.378,0.197700048
1560213192560,58.373,122.2,0.00428,0.378,0.197700048
1560213192621,58.434,122.2,0.00425,0.376,0.1952756
1560213192667,58.48,122.2,0.00425,0.376,0.1952756
1560213192713,58.526,122.2,0.00425,0.376,0.1952756
1560213192759,58.572,122.2,0.00425,0.376,0.1952756
1560213192822,58.635,122.1,0.00427,0.378,0.197076726
1560213192868,58.681,122.1,0.00427,0.378,0.197076726
1560213192914,58.727,122.1,0.00427,0.378,0.197076726
1560213192960,58.773,122.1,0.00427,0.378,0.197076726
1560213193021,58.834,122.1,0.00427,0.377,0.196555359
1560213193068,58.881,122.1,0.00427,0.377,0.196555359
1560213193114,58.927,122.1,0.00427,0.377,0.196555359
1560213193160,58.973,122.1,0.00427,0.377,0.196555359
1560213193221,59.034,122.1,0.0043,0.377,0.19793631
1560213193267,59.08,122.1,0.0043,0.377,0.19793631
1560213193313,59.126,122.1,0.0043,0.377,0.19793631
1560213193359,59.172,122.1,0.0043,0.377,0.19793631
1560213193422,59.235,122.2,0.00429,0.377,0.197637726
1560213193468,59.281,122.2,0.00429,0.377,0.197637726
1560213193514,59.327,122.2,0.00429,0.377,0.197637726
1560213193560,59.373,122.2,0.00429,0.377,0.197637726
1560213193621,59.434,122.2,0.00429,0.375,0.19658925
1560213193667,59.48,122.2,0.00429,0.375,0.19658925
1560213193714,59.527,122.2,0.00429,0.375,0.19658925
1560213193760,59.573,122.2,0.00429,0.375,0.19658925
1560213193821,59.634,122.1,0.00426,0.378,0.196615188
1560213193867,59.68,122.1,0.00426,0.378,0.196615188
1560213193913,59.726,122.1,0.00426,0.378,0.196615188
1560213193959,59.772,122.1,0.00426,0.378,0.196615188
1560213194022,59.835,122.1,0.0043,0.377,0.19793631
1560213194068,59.881,122.1,0.0043,0.377,0.19793631
1560213194114,59.927,122.1,0.0043,0.377,0.19793631
1560213194160,59.973,122.1,0.0043,0.377,0.19793631
1560213194221,60.034,122.1,0.00431,0.377,0.198396627
1560213194268,60.081,122.1,0.00431,0.377,0.198396627
1560213194314,60.127,122.1,0.00431,0.377,0.198396627
1560213194360,60.173,122.1,0.00431,0.377,0.198396627
1560213194421,60.234,122.1,0.00429,0.375,0.196428375
1560213194467,60.28,122.1,0.00429,0.375,0.196428375
1560213194514,60.327,122.1,0.00429,0.375,0.196428375
1560213194560,60.373,122.1,0.00429,0.375,0.196428375
1560213194621,60.434,122.1,0.00428,0.378,0.197538264
1560213194667,60.48,122.1,0.00428,0.378,0.197538264
1560213194713,60.526,122.1,0.00428,0.378,0.197538264
1560213194759,60.572,122.1,0.00428,0.378,0.197538264
1560213194822,60.635,122.1,0.00428,0.373,0.194925324
1560213194868,60.681,122.1,0.00428,0.373,0.194925324
1560213194914,60.727,122.1,0.00428,0.373,0.194925324
1560213194960,60.773,122.1,0.00428,0.373,0.194925324
1560213195022,60.835,122.1,0.00426,0.376,0.195574896
1560213195068,60.881,122.1,0.00426,0.376,0.195574896
1560213195114,60.927,122.1,0.00426,0.376,0.195574896
1560213195160,60.973,122.1,0.00426,0.376,0.195574896
1560213195221,61.034,122.1,0.00429,0.377,0.197475993
1560213195268,61.081,122.1,0.00429,0.377,0.197475993
1560213195314,61.127,122.1,0.00429,0.377,0.197475993
1560213195360,61.173,122.1,0.00429,0.377,0.197475993
1560213195421,61.234,122.1,0.00429,0.377,0.197475993
1560213195467,61.28,122.1,0.00429,0.377,0.197475993
1560213195513,61.326,122.1,0.00429,0.377,0.197475993
1560213195559,61.372,122.1,0.00429,0.377,0.197475993
1560213195621,61.434,122.1,0.00428,0.376,0.196493088
1560213195667,61.48,122.1,0.00428,0.376,0.196493088
1560213195713,61.526,122.1,0.00428,0.376,0.196493088
1560213195759,61.572,122.1,0.00428,0.376,0.196493088
1560213195821,61.634,122.1,0.00425,0.376,0.1951158
1560213195868,61.681,122.1,0.00425,0.376,0.1951158
1560213195914,61.727,122.1,0.00425,0.376,0.1951158
1560213195960,61.773,122.1,0.00425,0.376,0.1951158
1560213196021,61.834,122.1,0.00427,0.38,0.19811946
1560213196067,61.88,122.1,0.00427,0.38,0.19811946
1560213196113,61.926,122.1,0.00427,0.38,0.19811946
1560213196159,61.972,122.1,0.00427,0.38,0.19811946
1560213196220,62.034,122.1,0.00429,0.374,0.195904566
1560213196266,62.079,122.1,0.00429,0.374,0.195904566
1560213196313,62.126,122.1,0.00429,0.374,0.195904566
1560213196359,62.172,122.1,0.00429,0.374,0.195904566
1560213196421,62.234,122.2,0.00429,0.377,0.197637726
1560213196467,62.28,122.2,0.00429,0.377,0.197637726
1560213196513,62.326,122.2,0.00429,0.377,0.197637726
1560213196559,62.372,122.2,0.00429,0.377,0.197637726
1560213196620,62.433,122.2,0.00425,0.378,0.1963143
1560213196666,62.479,122.2,0.00425,0.378,0.1963143
1560213196712,62.525,122.2,0.00425,0.378,0.1963143
1560213196759,62.572,122.2,0.00425,0.378,0.1963143
1560213196821,62.634,122.2,0.00429,0.375,0.19658925
1560213196867,62.68,122.2,0.00429,0.375,0.19658925
1560213196913,62.726,122.2,0.00429,0.375,0.19658925
1560213196959,62.773,122.2,0.00429,0.375,0.19658925
1560213197020,62.833,122.2,0.00429,0.375,0.19658925
1560213197066,62.879,122.2,0.00429,0.375,0.19658925
1560213197112,62.925,122.2,0.00429,0.375,0.19658925
1560213197159,62.972,122.2,0.00429,0.375,0.19658925
1560213197221,63.034,122.2,0.00432,0.376,0.198491904
1560213197267,63.08,122.2,0.00432,0.376,0.198491904
1560213197314,63.127,122.2,0.00432,0.376,0.198491904
1560213197360,63.173,122.2,0.00432,0.376,0.198491904
1560213197421,63.234,122.2,0.00429,0.373,0.195540774
1560213197467,63.28,122.2,0.00429,0.373,0.195540774
1560213197513,63.326,122.2,0.00429,0.373,0.195540774
1560213197559,63.372,122.2,0.00429,0.373,0.195540774
1560213197620,63.433,122.2,0.00428,0.371,0.194038936
1560213197666,63.479,122.2,0.00428,0.371,0.194038936
1560213197713,63.526,122.2,0.00428,0.371,0.194038936
1560213197759,63.572,122.2,0.00428,0.371,0.194038936
1560213197820,63.633,122.1,0.00427,0.376,0.196033992
1560213197866,63.679,122.1,0.00427,0.376,0.196033992
1560213197912,63.725,122.1,0.00427,0.376,0.196033992
1560213197958,63.771,122.1,0.00427,0.376,0.196033992
1560213198021,63.834,122.1,0.00426,0.374,0.194534604
1560213198067,63.88,122.1,0.00426,0.374,0.194534604
1560213198113,63.926,122.1,0.00426,0.374,0.194534604
1560213198159,63.972,122.1,0.00426,0.374,0.194534604
1560213198220,64.034,122.1,0.00429,0.374,0.195904566
1560213198267,64.08,122.1,0.00429,0.374,0.195904566
1560213198313,64.126,122.1,0.00429,0.374,0.195904566
1560213198359,64.172,122.1,0.00429,0.374,0.195904566
1560213198420,64.233,122.1,0.00428,0.375,0.1959705
1560213198466,64.279,122.1,0.00428,0.375,0.1959705
1560213198513,64.326,122.1,0.00428,0.375,0.1959705
1560213198559,64.372,122.1,0.00428,0.375,0.1959705
1560213198620,64.433,122.1,0.00425,0.376,0.1951158
1560213198666,64.479,122.1,0.00425,0.376,0.1951158
1560213198712,64.525,122.1,0.00425,0.376,0.1951158
1560213198759,64.572,122.1,0.00425,0.376,0.1951158
1560213198821,64.634,122.1,0.00425,0.377,0.195634725
1560213198867,64.68,122.1,0.00425,0.377,0.195634725
1560213198913,64.726,122.1,0.00425,0.377,0.195634725
1560213198960,64.773,122.1,0.00425,0.377,0.195634725
1560213199021,64.834,122.1,0.00429,0.376,0.196952184
1560213199067,64.88,122.1,0.00429,0.376,0.196952184
1560213199113,64.926,122.1,0.00429,0.376,0.196952184
1560213199159,64.972,122.1,0.00429,0.376,0.196952184
1560213199220,65.033,122.1,0.0043,0.377,0.19793631
1560213199266,65.079,122.1,0.0043,0.377,0.19793631
1560213199312,65.125,122.1,0.0043,0.377,0.19793631
1560213199358,65.171,122.1,0.0043,0.377,0.19793631
1560213199421,65.234,122.1,0.00427,0.38,0.19811946
1560213199467,65.28,122.1,0.00427,0.38,0.19811946
1560213199513,65.326,122.1,0.00427,0.38,0.19811946
1560213199559,65.372,122.1,0.00427,0.38,0.19811946
