# Mon Jun 10 17:30:23 2019
abstime,time_stamp,volt,curr,pf,mul
1560213023845,0.088,122.2,0.0042,0.375,0.192465
1560213023893,0.136,122.2,0.0042,0.375,0.192465
1560213023939,0.182,122.2,0.0042,0.375,0.192465
1560213023985,0.228,122.2,0.0042,0.375,0.192465
1560213024038,0.281,122.2,0.00423,0.374,0.193322844
1560213024084,0.327,122.2,0.00423,0.374,0.193322844
1560213024130,0.374,122.2,0.00423,0.374,0.193322844
1560213024176,0.419,122.2,0.00423,0.374,0.193322844
1560213024239,0.482,122.2,0.00422,0.374,0.192865816
1560213024285,0.528,122.2,0.00422,0.374,0.192865816
1560213024331,0.574,122.2,0.00422,0.374,0.192865816
1560213024377,0.62,122.2,0.00422,0.374,0.192865816
1560213024439,0.682,122.2,0.00421,0.375,0.19292325
1560213024486,0.729,122.2,0.00421,0.375,0.19292325
1560213024532,0.775,122.2,0.00421,0.375,0.19292325
1560213024578,0.821,122.2,0.00421,0.375,0.19292325
1560213024639,0.882,122.2,0.0042,0.375,0.192465
1560213024685,0.928,122.2,0.0042,0.375,0.192465
1560213024732,0.975,122.2,0.0042,0.375,0.192465
1560213024778,1.021,122.2,0.0042,0.375,0.192465
1560213024839,1.082,122.2,0.00417,0.376,0.191599824
1560213024885,1.128,122.2,0.00417,0.376,0.191599824
1560213024931,1.174,122.2,0.00417,0.376,0.191599824
1560213024978,1.221,122.2,0.00417,0.376,0.191599824
1560213025039,1.282,122.1,0.00423,0.373,0.192648159
1560213025085,1.328,122.1,0.00423,0.373,0.192648159
1560213025131,1.374,122.1,0.00423,0.373,0.192648159
1560213025177,1.42,122.1,0.00423,0.373,0.192648159
1560213025238,1.481,122.1,0.00423,0.374,0.193164642
1560213025284,1.527,122.1,0.00423,0.374,0.193164642
1560213025331,1.574,122.1,0.00423,0.374,0.193164642
1560213025376,1.62,122.1,0.00423,0.374,0.193164642
1560213025439,1.682,122.1,0.00425,0.373,0.193559025
1560213025485,1.728,122.1,0.00425,0.373,0.193559025
1560213025531,1.774,122.1,0.00425,0.373,0.193559025
1560213025577,1.82,122.1,0.00425,0.373,0.193559025
1560213025638,1.881,122.1,0.00423,0.374,0.193164642
1560213025684,1.927,122.1,0.00423,0.374,0.193164642
1560213025731,1.974,122.1,0.00423,0.374,0.193164642
1560213025776,2.019,122.1,0.00423,0.374,0.193164642
1560213025839,2.082,122.1,0.00423,0.374,0.193164642
1560213025885,2.128,122.1,0.00423,0.374,0.193164642
1560213025931,2.174,122.1,0.00423,0.374,0.193164642
1560213025977,2.22,122.1,0.00423,0.374,0.193164642
1560213026038,2.281,122.1,0.00426,0.371,0.192974166
1560213026084,2.327,122.1,0.00426,0.371,0.192974166
1560213026130,2.373,122.1,0.00426,0.371,0.192974166
1560213026176,2.419,122.1,0.00426,0.371,0.192974166
1560213026239,2.482,122.1,0.00426,0.37,0.19245402
1560213026285,2.528,122.1,0.00426,0.37,0.19245402
1560213026331,2.574,122.1,0.00426,0.37,0.19245402
1560213026377,2.62,122.1,0.00426,0.37,0.19245402
1560213026439,2.682,122.2,0.00426,0.375,0.1952145
1560213026485,2.728,122.2,0.00426,0.375,0.1952145
1560213026532,2.775,122.2,0.00426,0.375,0.1952145
1560213026578,2.821,122.2,0.00426,0.375,0.1952145
1560213026639,2.882,122.2,0.00427,0.37,0.19306378
1560213026685,2.928,122.2,0.00427,0.37,0.19306378
1560213026731,2.974,122.2,0.00427,0.37,0.19306378
1560213026777,3.02,122.2,0.00427,0.37,0.19306378
1560213026838,3.081,122.2,0.00424,0.373,0.193261744
1560213026884,3.127,122.2,0.00424,0.373,0.193261744
1560213026930,3.173,122.2,0.00424,0.373,0.193261744
1560213026976,3.219,122.2,0.00424,0.373,0.193261744
1560213027039,3.282,122.2,0.00424,0.372,0.192743616
1560213027085,3.328,122.2,0.00424,0.372,0.192743616
1560213027131,3.374,122.2,0.00424,0.372,0.192743616
1560213027177,3.42,122.2,0.00424,0.372,0.192743616
1560213027238,3.481,122.2,0.00426,0.371,0.193132212
1560213027284,3.527,122.2,0.00426,0.371,0.193132212
1560213027330,3.573,122.2,0.00426,0.371,0.193132212
1560213027376,3.619,122.2,0.00426,0.371,0.193132212
1560213027439,3.682,122.2,0.00428,0.374,0.195607984
1560213027485,3.728,122.2,0.00428,0.374,0.195607984
1560213027531,3.774,122.2,0.00428,0.374,0.195607984
1560213027577,3.82,122.2,0.00428,0.374,0.195607984
1560213027638,3.881,122.2,0.00425,0.373,0.19371755
1560213027684,3.927,122.2,0.00425,0.373,0.19371755
1560213027730,3.973,122.2,0.00425,0.373,0.19371755
1560213027777,4.02,122.2,0.00425,0.373,0.19371755
1560213027838,4.081,122.2,0.00425,0.371,0.19267885
1560213027884,4.127,122.2,0.00425,0.371,0.19267885
1560213027930,4.173,122.2,0.00425,0.371,0.19267885
1560213027976,4.219,122.2,0.00425,0.371,0.19267885
1560213028039,4.282,122.2,0.00426,0.371,0.193132212
1560213028085,4.328,122.2,0.00426,0.371,0.193132212
1560213028131,4.374,122.2,0.00426,0.371,0.193132212
1560213028177,4.42,122.2,0.00426,0.371,0.193132212
1560213028238,4.481,122.2,0.00429,0.371,0.194492298
1560213028284,4.527,122.2,0.00429,0.371,0.194492298
1560213028331,4.574,122.2,0.00429,0.371,0.194492298
1560213028377,4.62,122.2,0.00429,0.371,0.194492298
1560213028439,4.682,122.2,0.00429,0.37,0.19396806
1560213028485,4.728,122.2,0.00429,0.37,0.19396806
1560213028531,4.774,122.2,0.00429,0.37,0.19396806
1560213028577,4.82,122.2,0.00429,0.37,0.19396806
1560213028639,4.882,122.2,0.00423,0.374,0.193322844
1560213028685,4.928,122.2,0.00423,0.374,0.193322844
1560213028731,4.974,122.2,0.00423,0.374,0.193322844
1560213028777,5.02,122.2,0.00423,0.374,0.193322844
1560213028838,5.081,122.2,0.00423,0.374,0.193322844
1560213028884,5.127,122.2,0.00423,0.374,0.193322844
1560213028930,5.173,122.2,0.00423,0.374,0.193322844
1560213028976,5.219,122.2,0.00423,0.374,0.193322844
1560213029039,5.282,122.2,0.00426,0.373,0.194173356
1560213029085,5.328,122.2,0.00426,0.373,0.194173356
1560213029131,5.374,122.2,0.00426,0.373,0.194173356
1560213029177,5.42,122.2,0.00426,0.373,0.194173356
1560213029238,5.481,122.2,0.0043,0.37,0.1944202
1560213029284,5.527,122.2,0.0043,0.37,0.1944202
1560213029331,5.574,122.2,0.0043,0.37,0.1944202
1560213029377,5.62,122.2,0.0043,0.37,0.1944202
1560213029438,5.681,122.2,0.00424,0.375,0.194298
1560213029484,5.727,122.2,0.00424,0.375,0.194298
1560213029530,5.773,122.2,0.00424,0.375,0.194298
1560213029576,5.819,122.2,0.00424,0.375,0.194298
1560213029638,5.881,122.2,0.00426,0.372,0.193652784
1560213029684,5.927,122.2,0.00426,0.372,0.193652784
1560213029731,5.974,122.2,0.00426,0.372,0.193652784
1560213029776,6.019,122.2,0.00426,0.372,0.193652784
1560213029839,6.082,122.2,0.00425,0.372,0.1931982
1560213029885,6.128,122.2,0.00425,0.372,0.1931982
1560213029931,6.174,122.2,0.00425,0.372,0.1931982
1560213029977,6.22,122.2,0.00425,0.372,0.1931982
1560213030038,6.281,122.2,0.00423,0.373,0.192805938
1560213030084,6.327,122.2,0.00423,0.373,0.192805938
1560213030131,6.374,122.2,0.00423,0.373,0.192805938
1560213030177,6.42,122.2,0.00423,0.373,0.192805938
1560213030238,6.481,122.2,0.00425,0.371,0.19267885
1560213030284,6.527,122.2,0.00425,0.371,0.19267885
1560213030330,6.573,122.2,0.00425,0.371,0.19267885
1560213030376,6.619,122.2,0.00425,0.371,0.19267885
1560213030438,6.681,122.2,0.00428,0.372,0.194561952
1560213030485,6.728,122.2,0.00428,0.372,0.194561952
1560213030531,6.774,122.2,0.00428,0.372,0.194561952
1560213030577,6.82,122.2,0.00428,0.372,0.194561952
1560213030638,6.881,122.2,0.00421,0.374,0.192408788
1560213030684,6.927,122.2,0.00421,0.374,0.192408788
1560213030730,6.973,122.2,0.00421,0.374,0.192408788
1560213030777,7.02,122.2,0.00421,0.374,0.192408788
1560213030838,7.081,122.2,0.00426,0.372,0.193652784
1560213030884,7.127,122.2,0.00426,0.372,0.193652784
1560213030930,7.173,122.2,0.00426,0.372,0.193652784
1560213030976,7.219,122.2,0.00426,0.372,0.193652784
1560213031038,7.281,122.2,0.00426,0.372,0.193652784
1560213031084,7.327,122.2,0.00426,0.372,0.193652784
1560213031130,7.373,122.2,0.00426,0.372,0.193652784
1560213031177,7.42,122.2,0.00426,0.372,0.193652784
1560213031238,7.481,122.1,0.00424,0.374,0.193621296
1560213031284,7.527,122.1,0.00424,0.374,0.193621296
1560213031330,7.573,122.1,0.00424,0.374,0.193621296
1560213031376,7.619,122.1,0.00424,0.374,0.193621296
1560213031438,7.681,122.2,0.00428,0.372,0.194561952
1560213031484,7.727,122.2,0.00428,0.372,0.194561952
1560213031531,7.774,122.2,0.00428,0.372,0.194561952
1560213031577,7.82,122.2,0.00428,0.372,0.194561952
1560213031638,7.881,122.2,0.00427,0.372,0.194107368
1560213031684,7.927,122.2,0.00427,0.372,0.194107368
1560213031730,7.973,122.2,0.00427,0.372,0.194107368
1560213031776,8.019,122.2,0.00427,0.372,0.194107368
1560213031838,8.081,122.2,0.0042,0.377,0.19349148
1560213031884,8.127,122.2,0.0042,0.377,0.19349148
1560213031930,8.173,122.2,0.0042,0.377,0.19349148
1560213031977,8.22,122.2,0.0042,0.377,0.19349148
1560213032038,8.281,122.2,0.00426,0.374,0.194693928
1560213032083,8.326,122.2,0.00426,0.374,0.194693928
1560213032130,8.373,122.2,0.00426,0.374,0.194693928
1560213032176,8.419,122.2,0.00426,0.374,0.194693928
1560213032238,8.481,122.1,0.0043,0.368,0.19321104
1560213032284,8.527,122.1,0.0043,0.368,0.19321104
1560213032330,8.573,122.1,0.0043,0.368,0.19321104
1560213032376,8.619,122.1,0.0043,0.368,0.19321104
1560213032438,8.681,122.2,0.00424,0.373,0.193261744
1560213032485,8.728,122.2,0.00424,0.373,0.193261744
1560213032531,8.774,122.2,0.00424,0.373,0.193261744
1560213032578,8.821,122.2,0.00424,0.373,0.193261744
1560213032638,8.881,122.2,0.00425,0.376,0.1952756
1560213032684,8.927,122.2,0.00425,0.376,0.1952756
1560213032730,8.973,122.2,0.00425,0.376,0.1952756
1560213032776,9.019,122.2,0.00425,0.376,0.1952756
1560213032838,9.081,122.2,0.00421,0.376,0.193437712
1560213032884,9.127,122.2,0.00421,0.376,0.193437712
1560213032930,9.173,122.2,0.00421,0.376,0.193437712
1560213032976,9.219,122.2,0.00421,0.376,0.193437712
1560213033037,9.28,122.2,0.0042,0.378,0.19400472
1560213033083,9.326,122.2,0.0042,0.378,0.19400472
1560213033130,9.373,122.2,0.0042,0.378,0.19400472
1560213033175,9.418,122.2,0.0042,0.378,0.19400472
1560213033238,9.481,122.2,0.00423,0.374,0.193322844
1560213033284,9.527,122.2,0.00423,0.374,0.193322844
1560213033330,9.573,122.2,0.00423,0.374,0.193322844
1560213033376,9.619,122.2,0.00423,0.374,0.193322844
1560213033438,9.681,122.2,0.00424,0.373,0.193261744
1560213033485,9.728,122.2,0.00424,0.373,0.193261744
1560213033531,9.774,122.2,0.00424,0.373,0.193261744
1560213033578,9.821,122.2,0.00424,0.373,0.193261744
1560213033638,9.881,122.2,0.00423,0.373,0.192805938
1560213033684,9.927,122.2,0.00423,0.373,0.192805938
1560213033730,9.973,122.2,0.00423,0.373,0.192805938
1560213033776,10.019,122.2,0.00423,0.373,0.192805938
1560213033838,10.081,122.2,0.00424,0.369,0.191189232
1560213033884,10.127,122.2,0.00424,0.369,0.191189232
1560213033931,10.174,122.2,0.00424,0.369,0.191189232
1560213033977,10.22,122.2,0.00424,0.369,0.191189232
1560213034038,10.281,122.2,0.00423,0.374,0.193322844
1560213034084,10.327,122.2,0.00423,0.374,0.193322844
1560213034130,10.373,122.2,0.00423,0.374,0.193322844
1560213034176,10.419,122.2,0.00423,0.374,0.193322844
1560213034237,10.48,122.2,0.00427,0.369,0.192541986
1560213034283,10.526,122.2,0.00427,0.369,0.192541986
1560213034329,10.572,122.2,0.00427,0.369,0.192541986
1560213034376,10.619,122.2,0.00427,0.369,0.192541986
1560213034438,10.681,122.2,0.00426,0.373,0.194173356
1560213034484,10.727,122.2,0.00426,0.373,0.194173356
1560213034530,10.773,122.2,0.00426,0.373,0.194173356
1560213034576,10.819,122.2,0.00426,0.373,0.194173356
1560213034637,10.88,122.2,0.00422,0.375,0.1933815
1560213034683,10.926,122.2,0.00422,0.375,0.1933815
1560213034730,10.973,122.2,0.00422,0.375,0.1933815
1560213034776,11.019,122.2,0.00422,0.375,0.1933815
1560213034838,11.081,122.2,0.0042,0.372,0.19092528
1560213034884,11.127,122.2,0.0042,0.372,0.19092528
1560213034931,11.174,122.2,0.0042,0.372,0.19092528
1560213034977,11.22,122.2,0.0042,0.372,0.19092528
1560213035038,11.281,122.1,0.0042,0.374,0.19179468
1560213035084,11.327,122.1,0.0042,0.374,0.19179468
1560213035130,11.373,122.1,0.0042,0.374,0.19179468
1560213035176,11.419,122.1,0.0042,0.374,0.19179468
1560213035237,11.48,122.1,0.00423,0.371,0.191615193
1560213035283,11.526,122.1,0.00423,0.371,0.191615193
1560213035329,11.572,122.1,0.00423,0.371,0.191615193
1560213035375,11.618,122.1,0.00423,0.371,0.191615193
1560213035438,11.681,122.1,0.00425,0.375,0.194596875
1560213035484,11.727,122.1,0.00425,0.375,0.194596875
1560213035530,11.773,122.1,0.00425,0.375,0.194596875
1560213035576,11.819,122.1,0.00425,0.375,0.194596875
1560213035637,11.88,122.1,0.00424,0.377,0.195174408
1560213035683,11.926,122.1,0.00424,0.377,0.195174408
1560213035729,11.972,122.1,0.00424,0.377,0.195174408
1560213035776,12.019,122.1,0.00424,0.377,0.195174408
1560213035838,12.081,122.2,0.00425,0.371,0.19267885
1560213035884,12.127,122.2,0.00425,0.371,0.19267885
1560213035930,12.173,122.2,0.00425,0.371,0.19267885
1560213035976,12.219,122.2,0.00425,0.371,0.19267885
1560213036037,12.28,122.2,0.00424,0.371,0.192225488
1560213036083,12.326,122.2,0.00424,0.371,0.192225488
1560213036129,12.372,122.2,0.00424,0.371,0.192225488
1560213036175,12.418,122.2,0.00424,0.371,0.192225488
1560213036238,12.481,122.1,0.00426,0.372,0.193494312
1560213036284,12.527,122.1,0.00426,0.372,0.193494312
1560213036330,12.573,122.1,0.00426,0.372,0.193494312
1560213036376,12.619,122.1,0.00426,0.372,0.193494312
1560213036437,12.68,122.2,0.00427,0.373,0.194629162
1560213036483,12.726,122.2,0.00427,0.373,0.194629162
1560213036529,12.772,122.2,0.00427,0.373,0.194629162
1560213036575,12.818,122.2,0.00427,0.373,0.194629162
1560213036638,12.881,122.2,0.00419,0.376,0.192518768
1560213036684,12.927,122.2,0.00419,0.376,0.192518768
1560213036730,12.973,122.2,0.00419,0.376,0.192518768
1560213036776,13.019,122.2,0.00419,0.376,0.192518768
1560213036837,13.08,122.2,0.00423,0.373,0.192805938
1560213036883,13.126,122.2,0.00423,0.373,0.192805938
1560213036929,13.172,122.2,0.00423,0.373,0.192805938
1560213036975,13.218,122.2,0.00423,0.373,0.192805938
1560213037038,13.281,122.2,0.00419,0.374,0.191494732
1560213037084,13.327,122.2,0.00419,0.374,0.191494732
1560213037130,13.373,122.2,0.00419,0.374,0.191494732
1560213037176,13.419,122.2,0.00419,0.374,0.191494732
1560213037237,13.48,122.2,0.00422,0.375,0.1933815
1560213037283,13.526,122.2,0.00422,0.375,0.1933815
1560213037329,13.572,122.2,0.00422,0.375,0.1933815
1560213037376,13.619,122.2,0.00422,0.375,0.1933815
1560213037438,13.681,122.2,0.00427,0.374,0.195150956
1560213037484,13.727,122.2,0.00427,0.374,0.195150956
1560213037530,13.773,122.2,0.00427,0.374,0.195150956
1560213037576,13.819,122.2,0.00427,0.374,0.195150956
1560213037637,13.88,122.2,0.00426,0.37,0.19261164
1560213037683,13.926,122.2,0.00426,0.37,0.19261164
1560213037729,13.972,122.2,0.00426,0.37,0.19261164
1560213037775,14.018,122.2,0.00426,0.37,0.19261164
1560213037838,14.081,122.2,0.00425,0.375,0.19475625
1560213037884,14.127,122.2,0.00425,0.375,0.19475625
1560213037930,14.173,122.2,0.00425,0.375,0.19475625
1560213037976,14.219,122.2,0.00425,0.375,0.19475625
1560213038037,14.28,122.2,0.00423,0.373,0.192805938
1560213038083,14.326,122.2,0.00423,0.373,0.192805938
1560213038129,14.372,122.2,0.00423,0.373,0.192805938
1560213038175,14.418,122.2,0.00423,0.373,0.192805938
1560213038238,14.481,122.2,0.00422,0.375,0.1933815
1560213038284,14.527,122.2,0.00422,0.375,0.1933815
1560213038330,14.573,122.2,0.00422,0.375,0.1933815
1560213038376,14.619,122.2,0.00422,0.375,0.1933815
1560213038438,14.681,122.1,0.00425,0.369,0.191483325
1560213038484,14.727,122.1,0.00425,0.369,0.191483325
1560213038530,14.773,122.1,0.00425,0.369,0.191483325
1560213038576,14.819,122.1,0.00425,0.369,0.191483325
1560213038637,14.88,122.1,0.00422,0.375,0.19322325
1560213038683,14.926,122.1,0.00422,0.375,0.19322325
1560213038729,14.972,122.1,0.00422,0.375,0.19322325
1560213038775,15.018,122.1,0.00422,0.375,0.19322325
1560213038837,15.08,122.1,0.00427,0.371,0.193427157
1560213038884,15.127,122.1,0.00427,0.371,0.193427157
1560213038930,15.173,122.1,0.00427,0.371,0.193427157
1560213038976,15.219,122.1,0.00427,0.371,0.193427157
1560213039037,15.28,122.1,0.00423,0.374,0.193164642
1560213039083,15.326,122.1,0.00423,0.374,0.193164642
1560213039129,15.373,122.1,0.00423,0.374,0.193164642
1560213039175,15.418,122.1,0.00423,0.374,0.193164642
1560213039238,15.481,122.1,0.00425,0.371,0.192521175
1560213039284,15.527,122.1,0.00425,0.371,0.192521175
1560213039330,15.573,122.1,0.00425,0.371,0.192521175
1560213039376,15.619,122.1,0.00425,0.371,0.192521175
1560213039437,15.68,122.1,0.00429,0.37,0.19380933
1560213039483,15.726,122.1,0.00429,0.37,0.19380933
1560213039530,15.773,122.1,0.00429,0.37,0.19380933
1560213039576,15.819,122.1,0.00429,0.37,0.19380933
1560213039637,15.88,122.2,0.00427,0.372,0.194107368
1560213039684,15.927,122.2,0.00427,0.372,0.194107368
1560213039730,15.973,122.2,0.00427,0.372,0.194107368
1560213039776,16.019,122.2,0.00427,0.372,0.194107368
1560213039837,16.08,122.2,0.00426,0.372,0.193652784
1560213039883,16.126,122.2,0.00426,0.372,0.193652784
1560213039929,16.172,122.2,0.00426,0.372,0.193652784
1560213039975,16.218,122.2,0.00426,0.372,0.193652784
1560213040037,16.28,122.2,0.00421,0.376,0.193437712
1560213040083,16.326,122.2,0.00421,0.376,0.193437712
1560213040130,16.373,122.2,0.00421,0.376,0.193437712
1560213040176,16.419,122.2,0.00421,0.376,0.193437712
1560213040237,16.48,122.1,0.00422,0.371,0.191162202
1560213040283,16.526,122.1,0.00422,0.371,0.191162202
1560213040329,16.572,122.1,0.00422,0.371,0.191162202
1560213040375,16.618,122.1,0.00422,0.371,0.191162202
1560213040437,16.68,122.1,0.00426,0.371,0.192974166
1560213040483,16.726,122.1,0.00426,0.371,0.192974166
1560213040529,16.772,122.1,0.00426,0.371,0.192974166
1560213040576,16.819,122.1,0.00426,0.371,0.192974166
1560213040637,16.88,122.2,0.00424,0.374,0.193779872
1560213040683,16.926,122.2,0.00424,0.374,0.193779872
1560213040729,16.972,122.2,0.00424,0.374,0.193779872
1560213040775,17.018,122.2,0.00424,0.374,0.193779872
1560213040837,17.08,122.2,0.00424,0.374,0.193779872
1560213040883,17.126,122.2,0.00424,0.374,0.193779872
1560213040929,17.172,122.2,0.00424,0.374,0.193779872
1560213040975,17.218,122.2,0.00424,0.374,0.193779872
1560213041037,17.281,122.2,0.00428,0.372,0.194561952
1560213041083,17.327,122.2,0.00428,0.372,0.194561952
1560213041129,17.373,122.2,0.00428,0.372,0.194561952
1560213041175,17.419,122.2,0.00428,0.372,0.194561952
1560213041237,17.48,122.1,0.00424,0.373,0.193103592
1560213041283,17.526,122.1,0.00424,0.373,0.193103592
1560213041329,17.572,122.1,0.00424,0.373,0.193103592
1560213041375,17.618,122.1,0.00424,0.373,0.193103592
1560213041437,17.68,122.2,0.00431,0.371,0.195399022
1560213041483,17.726,122.2,0.00431,0.371,0.195399022
1560213041529,17.772,122.2,0.00431,0.371,0.195399022
1560213041575,17.818,122.2,0.00431,0.371,0.195399022
1560213041638,17.881,122.2,0.00424,0.375,0.194298
1560213041684,17.927,122.2,0.00424,0.375,0.194298
1560213041730,17.973,122.2,0.00424,0.375,0.194298
1560213041776,18.019,122.2,0.00424,0.375,0.194298
1560213041837,18.08,122.2,0.00426,0.371,0.193132212
1560213041883,18.126,122.2,0.00426,0.371,0.193132212
1560213041929,18.172,122.2,0.00426,0.371,0.193132212
1560213041975,18.218,122.2,0.00426,0.371,0.193132212
1560213042037,18.28,122.2,0.00421,0.373,0.191894326
1560213042084,18.327,122.2,0.00421,0.373,0.191894326
1560213042130,18.373,122.2,0.00421,0.373,0.191894326
1560213042176,18.419,122.2,0.00421,0.373,0.191894326
1560213042237,18.48,122.1,0.00423,0.373,0.192648159
1560213042283,18.526,122.1,0.00423,0.373,0.192648159
1560213042329,18.572,122.1,0.00423,0.373,0.192648159
1560213042375,18.618,122.1,0.00423,0.373,0.192648159
1560213042437,18.68,122.2,0.00429,0.374,0.196065012
1560213042482,18.725,122.2,0.00429,0.374,0.196065012
1560213042528,18.771,122.2,0.00429,0.374,0.196065012
1560213042574,18.818,122.2,0.00429,0.374,0.196065012
1560213042637,18.88,122.2,0.00424,0.373,0.193261744
1560213042683,18.926,122.2,0.00424,0.373,0.193261744
1560213042729,18.972,122.2,0.00424,0.373,0.193261744
1560213042775,19.018,122.2,0.00424,0.373,0.193261744
1560213042837,19.08,122.2,0.00427,0.374,0.195150956
1560213042884,19.127,122.2,0.00427,0.374,0.195150956
1560213042930,19.173,122.2,0.00427,0.374,0.195150956
1560213042976,19.219,122.2,0.00427,0.374,0.195150956
1560213043037,19.28,122.2,0.00424,0.372,0.192743616
1560213043083,19.326,122.2,0.00424,0.372,0.192743616
1560213043129,19.372,122.2,0.00424,0.372,0.192743616
1560213043175,19.418,122.2,0.00424,0.372,0.192743616
1560213043237,19.48,122.1,0.00421,0.374,0.192251334
1560213043283,19.526,122.1,0.00421,0.374,0.192251334
1560213043329,19.572,122.1,0.00421,0.374,0.192251334
1560213043375,19.618,122.1,0.00421,0.374,0.192251334
1560213043437,19.68,122.1,0.00426,0.373,0.194014458
1560213043483,19.726,122.1,0.00426,0.373,0.194014458
1560213043529,19.772,122.1,0.00426,0.373,0.194014458
1560213043576,19.819,122.1,0.00426,0.373,0.194014458
1560213043637,19.88,122.2,0.00425,0.372,0.1931982
1560213043683,19.926,122.2,0.00425,0.372,0.1931982
1560213043729,19.972,122.2,0.00425,0.372,0.1931982
1560213043776,20.019,122.2,0.00425,0.372,0.1931982
1560213043837,20.08,122.2,0.00424,0.372,0.192743616
1560213043882,20.126,122.2,0.00424,0.372,0.192743616
1560213043929,20.172,122.2,0.00424,0.372,0.192743616
1560213043975,20.218,122.2,0.00424,0.372,0.192743616
1560213044037,20.28,122.2,0.00419,0.375,0.19200675
1560213044083,20.326,122.2,0.00419,0.375,0.19200675
1560213044129,20.372,122.2,0.00419,0.375,0.19200675
1560213044175,20.418,122.2,0.00419,0.375,0.19200675
1560213044236,20.479,122.1,0.00424,0.374,0.193621296
1560213044283,20.526,122.1,0.00424,0.374,0.193621296
1560213044328,20.571,122.1,0.00424,0.374,0.193621296
1560213044375,20.618,122.1,0.00424,0.374,0.193621296
1560213044437,20.68,122.1,0.00423,0.373,0.192648159
1560213044483,20.726,122.1,0.00423,0.373,0.192648159
1560213044530,20.773,122.1,0.00423,0.373,0.192648159
1560213044576,20.819,122.1,0.00423,0.373,0.192648159
1560213044637,20.88,122.1,0.00425,0.373,0.193559025
1560213044683,20.926,122.1,0.00425,0.373,0.193559025
1560213044729,20.972,122.1,0.00425,0.373,0.193559025
1560213044775,21.018,122.1,0.00425,0.373,0.193559025
1560213044836,21.079,122.2,0.00425,0.372,0.1931982
1560213044882,21.125,122.2,0.00425,0.372,0.1931982
1560213044928,21.171,122.2,0.00425,0.372,0.1931982
1560213044974,21.217,122.2,0.00425,0.372,0.1931982
1560213045037,21.28,122.2,0.0042,0.375,0.192465
1560213045083,21.326,122.2,0.0042,0.375,0.192465
1560213045129,21.372,122.2,0.0042,0.375,0.192465
1560213045175,21.418,122.2,0.0042,0.375,0.192465
1560213045237,21.48,122.1,0.00425,0.372,0.1930401
1560213045283,21.526,122.1,0.00425,0.372,0.1930401
1560213045329,21.572,122.1,0.00425,0.372,0.1930401
1560213045375,21.618,122.1,0.00425,0.372,0.1930401
1560213045436,21.679,122.1,0.00429,0.369,0.193285521
1560213045482,21.725,122.1,0.00429,0.369,0.193285521
1560213045528,21.771,122.1,0.00429,0.369,0.193285521
1560213045573,21.817,122.1,0.00429,0.369,0.193285521
1560213045637,21.88,122.1,0.00427,0.37,0.19290579
1560213045683,21.926,122.1,0.00427,0.37,0.19290579
1560213045729,21.972,122.1,0.00427,0.37,0.19290579
1560213045775,22.018,122.1,0.00427,0.37,0.19290579
1560213045836,22.079,122.2,0.00425,0.373,0.19371755
1560213045883,22.126,122.2,0.00425,0.373,0.19371755
1560213045929,22.172,122.2,0.00425,0.373,0.19371755
1560213045975,22.218,122.2,0.00425,0.373,0.19371755
1560213046036,22.279,122.2,0.00428,0.371,0.194038936
1560213046082,22.325,122.2,0.00428,0.371,0.194038936
1560213046128,22.371,122.2,0.00428,0.371,0.194038936
1560213046174,22.417,122.2,0.00428,0.371,0.194038936
1560213046237,22.48,122.1,0.00423,0.373,0.192648159
1560213046283,22.526,122.1,0.00423,0.373,0.192648159
1560213046329,22.572,122.1,0.00423,0.373,0.192648159
1560213046375,22.618,122.1,0.00423,0.373,0.192648159
1560213046436,22.679,122.1,0.00427,0.372,0.193948524
1560213046482,22.725,122.1,0.00427,0.372,0.193948524
1560213046529,22.772,122.1,0.00427,0.372,0.193948524
1560213046575,22.818,122.1,0.00427,0.372,0.193948524
1560213046637,22.88,122.1,0.00429,0.369,0.193285521
1560213046683,22.926,122.1,0.00429,0.369,0.193285521
1560213046729,22.972,122.1,0.00429,0.369,0.193285521
1560213046776,23.019,122.1,0.00429,0.369,0.193285521
1560213046837,23.08,122.2,0.00424,0.375,0.194298
1560213046883,23.126,122.2,0.00424,0.375,0.194298
1560213046929,23.172,122.2,0.00424,0.375,0.194298
1560213046975,23.218,122.2,0.00424,0.375,0.194298
1560213047036,23.279,122.1,0.00423,0.374,0.193164642
1560213047082,23.325,122.1,0.00423,0.374,0.193164642
1560213047128,23.371,122.1,0.00423,0.374,0.193164642
1560213047174,23.417,122.1,0.00423,0.374,0.193164642
1560213047236,23.479,122.1,0.00424,0.371,0.192068184
1560213047282,23.525,122.1,0.00424,0.371,0.192068184
1560213047329,23.572,122.1,0.00424,0.371,0.192068184
1560213047375,23.618,122.1,0.00424,0.371,0.192068184
1560213047437,23.68,122.1,0.00428,0.373,0.194925324
1560213047483,23.726,122.1,0.00428,0.373,0.194925324
1560213047529,23.772,122.1,0.00428,0.373,0.194925324
1560213047576,23.819,122.1,0.00428,0.373,0.194925324
1560213047637,23.88,122.1,0.00429,0.37,0.19380933
1560213047683,23.926,122.1,0.00429,0.37,0.19380933
1560213047729,23.972,122.1,0.00429,0.37,0.19380933
1560213047775,24.018,122.1,0.00429,0.37,0.19380933
1560213047836,24.079,122.2,0.00427,0.369,0.192541986
1560213047882,24.125,122.2,0.00427,0.369,0.192541986
1560213047929,24.172,122.2,0.00427,0.369,0.192541986
1560213047975,24.218,122.2,0.00427,0.369,0.192541986
1560213048036,24.279,122.2,0.00424,0.369,0.191189232
1560213048082,24.325,122.2,0.00424,0.369,0.191189232
1560213048128,24.371,122.2,0.00424,0.369,0.191189232
1560213048174,24.417,122.2,0.00424,0.369,0.191189232
1560213048236,24.479,122.1,0.00425,0.37,0.19200225
1560213048283,24.526,122.1,0.00425,0.37,0.19200225
1560213048329,24.572,122.1,0.00425,0.37,0.19200225
1560213048375,24.618,122.1,0.00425,0.37,0.19200225
1560213048436,24.679,122.1,0.00428,0.373,0.194925324
1560213048482,24.725,122.1,0.00428,0.373,0.194925324
1560213048529,24.772,122.1,0.00428,0.373,0.194925324
1560213048575,24.818,122.1,0.00428,0.373,0.194925324
1560213048636,24.879,122.1,0.00426,0.372,0.193494312
1560213048682,24.925,122.1,0.00426,0.372,0.193494312
1560213048728,24.971,122.1,0.00426,0.372,0.193494312
1560213048774,25.017,122.1,0.00426,0.372,0.193494312
1560213048836,25.079,122.1,0.00427,0.37,0.19290579
1560213048882,25.125,122.1,0.00427,0.37,0.19290579
1560213048929,25.172,122.1,0.00427,0.37,0.19290579
1560213048975,25.218,122.1,0.00427,0.37,0.19290579
1560213049036,25.279,122.2,0.00426,0.373,0.194173356
1560213049082,25.325,122.2,0.00426,0.373,0.194173356
1560213049128,25.371,122.2,0.00426,0.373,0.194173356
1560213049174,25.417,122.2,0.00426,0.373,0.194173356
1560213049236,25.479,122.1,0.00427,0.368,0.191863056
1560213049282,25.525,122.1,0.00427,0.368,0.191863056
1560213049329,25.572,122.1,0.00427,0.368,0.191863056
1560213049375,25.618,122.1,0.00427,0.368,0.191863056
1560213049436,25.679,122.1,0.00429,0.37,0.19380933
1560213049482,25.725,122.1,0.00429,0.37,0.19380933
1560213049528,25.771,122.1,0.00429,0.37,0.19380933
1560213049574,25.817,122.1,0.00429,0.37,0.19380933
1560213049637,25.88,122.1,0.00424,0.373,0.193103592
1560213049682,25.925,122.1,0.00424,0.373,0.193103592
1560213049728,25.971,122.1,0.00424,0.373,0.193103592
1560213049775,26.018,122.1,0.00424,0.373,0.193103592
1560213049836,26.079,122.2,0.0043,0.37,0.1944202
1560213049882,26.125,122.2,0.0043,0.37,0.1944202
1560213049928,26.171,122.2,0.0043,0.37,0.1944202
1560213049974,26.217,122.2,0.0043,0.37,0.1944202
1560213050036,26.279,122.2,0.00426,0.37,0.19261164
1560213050082,26.325,122.2,0.00426,0.37,0.19261164
1560213050128,26.371,122.2,0.00426,0.37,0.19261164
1560213050174,26.417,122.2,0.00426,0.37,0.19261164
1560213050236,26.479,122.1,0.00428,0.37,0.19335756
1560213050282,26.525,122.1,0.00428,0.37,0.19335756
1560213050328,26.571,122.1,0.00428,0.37,0.19335756
1560213050374,26.617,122.1,0.00428,0.37,0.19335756
1560213050436,26.679,122.1,0.00429,0.369,0.193285521
1560213050482,26.725,122.1,0.00429,0.369,0.193285521
1560213050529,26.772,122.1,0.00429,0.369,0.193285521
1560213050575,26.818,122.1,0.00429,0.369,0.193285521
1560213050636,26.879,122.1,0.00429,0.37,0.19380933
1560213050682,26.925,122.1,0.00429,0.37,0.19380933
1560213050728,26.971,122.1,0.00429,0.37,0.19380933
1560213050774,27.017,122.1,0.00429,0.37,0.19380933
1560213050836,27.079,122.2,0.00432,0.369,0.194796576
1560213050882,27.125,122.2,0.00432,0.369,0.194796576
1560213050928,27.171,122.2,0.00432,0.369,0.194796576
1560213050975,27.218,122.2,0.00432,0.369,0.194796576
1560213051036,27.279,122.2,0.00426,0.371,0.193132212
1560213051082,27.325,122.2,0.00426,0.371,0.193132212
1560213051129,27.372,122.2,0.00426,0.371,0.193132212
1560213051175,27.418,122.2,0.00426,0.371,0.193132212
1560213051237,27.48,122.2,0.00427,0.369,0.192541986
1560213051283,27.526,122.2,0.00427,0.369,0.192541986
1560213051329,27.572,122.2,0.00427,0.369,0.192541986
1560213051375,27.618,122.2,0.00427,0.369,0.192541986
1560213051436,27.679,122.1,0.00427,0.37,0.19290579
1560213051482,27.725,122.1,0.00427,0.37,0.19290579
1560213051528,27.771,122.1,0.00427,0.37,0.19290579
1560213051574,27.817,122.1,0.00427,0.37,0.19290579
1560213051636,27.879,122.2,0.00429,0.37,0.19396806
1560213051683,27.926,122.2,0.00429,0.37,0.19396806
1560213051729,27.972,122.2,0.00429,0.37,0.19396806
1560213051775,28.018,122.2,0.00429,0.37,0.19396806
1560213051836,28.079,122.2,0.00427,0.369,0.192541986
1560213051882,28.125,122.2,0.00427,0.369,0.192541986
1560213051928,28.171,122.2,0.00427,0.369,0.192541986
1560213051974,28.217,122.2,0.00427,0.369,0.192541986
1560213052035,28.278,122.2,0.00423,0.372,0.192289032
1560213052081,28.324,122.2,0.00423,0.372,0.192289032
1560213052127,28.37,122.2,0.00423,0.372,0.192289032
1560213052173,28.416,122.2,0.00423,0.372,0.192289032
1560213052236,28.479,122.1,0.00422,0.374,0.192707988
1560213052282,28.525,122.1,0.00422,0.374,0.192707988
1560213052328,28.571,122.1,0.00422,0.374,0.192707988
1560213052374,28.617,122.1,0.00422,0.374,0.192707988
1560213052436,28.679,122.1,0.00426,0.369,0.191933874
1560213052482,28.725,122.1,0.00426,0.369,0.191933874
1560213052528,28.771,122.1,0.00426,0.369,0.191933874
1560213052574,28.817,122.1,0.00426,0.369,0.191933874
1560213052637,28.88,122.1,0.00427,0.373,0.194469891
1560213052683,28.926,122.1,0.00427,0.373,0.194469891
1560213052728,28.971,122.1,0.00427,0.373,0.194469891
1560213052774,29.017,122.1,0.00427,0.373,0.194469891
1560213052835,29.078,122.1,0.00428,0.375,0.1959705
1560213052881,29.124,122.1,0.00428,0.375,0.1959705
1560213052927,29.17,122.1,0.00428,0.375,0.1959705
1560213052974,29.217,122.1,0.00428,0.375,0.1959705
1560213053036,29.279,122.2,0.00428,0.371,0.194038936
1560213053082,29.325,122.2,0.00428,0.371,0.194038936
1560213053128,29.371,122.2,0.00428,0.371,0.194038936
1560213053174,29.417,122.2,0.00428,0.371,0.194038936
1560213053235,29.479,122.2,0.00424,0.367,0.190152976
1560213053281,29.524,122.2,0.00424,0.367,0.190152976
1560213053328,29.571,122.2,0.00424,0.367,0.190152976
1560213053374,29.617,122.2,0.00424,0.367,0.190152976
1560213053436,29.679,122.1,0.00425,0.373,0.193559025
1560213053482,29.725,122.1,0.00425,0.373,0.193559025
1560213053528,29.771,122.1,0.00425,0.373,0.193559025
1560213053574,29.817,122.1,0.00425,0.373,0.193559025
1560213053635,29.878,122.1,0.00426,0.375,0.19505475
1560213053681,29.924,122.1,0.00426,0.375,0.19505475
1560213053727,29.97,122.1,0.00426,0.375,0.19505475
1560213053774,30.017,122.1,0.00426,0.375,0.19505475
1560213053836,30.079,122.2,0.00428,0.373,0.195084968
1560213053882,30.125,122.2,0.00428,0.373,0.195084968
1560213053928,30.171,122.2,0.00428,0.373,0.195084968
1560213053973,30.217,122.2,0.00428,0.373,0.195084968
1560213054036,30.279,122.2,0.00429,0.369,0.193443822
1560213054082,30.325,122.2,0.00429,0.369,0.193443822
1560213054128,30.371,122.2,0.00429,0.369,0.193443822
1560213054174,30.417,122.2,0.00429,0.369,0.193443822
1560213054235,30.478,122.2,0.00425,0.373,0.19371755
1560213054281,30.524,122.2,0.00425,0.373,0.19371755
1560213054327,30.57,122.2,0.00425,0.373,0.19371755
1560213054373,30.616,122.2,0.00425,0.373,0.19371755
1560213054435,30.678,122.1,0.00426,0.375,0.19505475
1560213054481,30.724,122.1,0.00426,0.375,0.19505475
1560213054527,30.77,122.1,0.00426,0.375,0.19505475
1560213054573,30.816,122.1,0.00426,0.375,0.19505475
1560213054636,30.879,122.2,0.00427,0.372,0.194107368
1560213054682,30.925,122.2,0.00427,0.372,0.194107368
1560213054728,30.971,122.2,0.00427,0.372,0.194107368
1560213054774,31.017,122.2,0.00427,0.372,0.194107368
1560213054835,31.078,122.2,0.00429,0.37,0.19396806
1560213054881,31.124,122.2,0.00429,0.37,0.19396806
1560213054927,31.17,122.2,0.00429,0.37,0.19396806
1560213054973,31.216,122.2,0.00429,0.37,0.19396806
1560213055036,31.279,122.2,0.00426,0.372,0.193652784
1560213055082,31.325,122.2,0.00426,0.372,0.193652784
1560213055128,31.371,122.2,0.00426,0.372,0.193652784
1560213055174,31.417,122.2,0.00426,0.372,0.193652784
1560213055236,31.479,122.2,0.00426,0.37,0.19261164
1560213055282,31.525,122.2,0.00426,0.37,0.19261164
1560213055328,31.571,122.2,0.00426,0.37,0.19261164
1560213055377,31.62,122.2,0.00426,0.37,0.19261164
1560213055436,31.679,122.1,0.00426,0.371,0.192974166
1560213055482,31.725,122.1,0.00426,0.371,0.192974166
1560213055528,31.771,122.1,0.00426,0.371,0.192974166
1560213055574,31.817,122.1,0.00426,0.371,0.192974166
1560213055635,31.878,122.1,0.00426,0.371,0.192974166
1560213055681,31.924,122.1,0.00426,0.371,0.192974166
1560213055727,31.97,122.1,0.00426,0.371,0.192974166
1560213055773,32.016,122.1,0.00426,0.371,0.192974166
1560213055836,32.079,122.1,0.00426,0.371,0.192974166
1560213055882,32.125,122.1,0.00426,0.371,0.192974166
1560213055928,32.171,122.1,0.00426,0.371,0.192974166
1560213055974,32.217,122.1,0.00426,0.371,0.192974166
1560213056035,32.278,122.2,0.00424,0.374,0.193779872
1560213056081,32.324,122.2,0.00424,0.374,0.193779872
1560213056127,32.37,122.2,0.00424,0.374,0.193779872
1560213056173,32.416,122.2,0.00424,0.374,0.193779872
1560213056235,32.478,122.1,0.00424,0.374,0.193621296
1560213056281,32.524,122.1,0.00424,0.374,0.193621296
1560213056328,32.571,122.1,0.00424,0.374,0.193621296
1560213056374,32.617,122.1,0.00424,0.374,0.193621296
1560213056435,32.678,122.1,0.00426,0.373,0.194014458
1560213056481,32.724,122.1,0.00426,0.373,0.194014458
1560213056527,32.77,122.1,0.00426,0.373,0.194014458
1560213056573,32.816,122.1,0.00426,0.373,0.194014458
1560213056635,32.878,122.1,0.00426,0.371,0.192974166
1560213056682,32.925,122.1,0.00426,0.371,0.192974166
1560213056728,32.971,122.1,0.00426,0.371,0.192974166
1560213056774,33.017,122.1,0.00426,0.371,0.192974166
1560213056835,33.078,122.1,0.00428,0.371,0.193880148
1560213056881,33.124,122.1,0.00428,0.371,0.193880148
1560213056927,33.17,122.1,0.00428,0.371,0.193880148
1560213056973,33.216,122.1,0.00428,0.371,0.193880148
1560213057035,33.278,122.2,0.00427,0.369,0.192541986
1560213057082,33.325,122.2,0.00427,0.369,0.192541986
1560213057128,33.371,122.2,0.00427,0.369,0.192541986
1560213057174,33.417,122.2,0.00427,0.369,0.192541986
1560213057235,33.478,122.2,0.00426,0.37,0.19261164
1560213057281,33.524,122.2,0.00426,0.37,0.19261164
1560213057327,33.57,122.2,0.00426,0.37,0.19261164
1560213057373,33.616,122.2,0.00426,0.37,0.19261164
1560213057435,33.678,122.1,0.00423,0.373,0.192648159
1560213057482,33.725,122.1,0.00423,0.373,0.192648159
1560213057528,33.771,122.1,0.00423,0.373,0.192648159
1560213057574,33.817,122.1,0.00423,0.373,0.192648159
1560213057635,33.878,122.1,0.00429,0.373,0.195380757
1560213057681,33.924,122.1,0.00429,0.373,0.195380757
1560213057727,33.97,122.1,0.00429,0.373,0.195380757
1560213057773,34.016,122.1,0.00429,0.373,0.195380757
1560213057835,34.078,122.1,0.00425,0.373,0.193559025
1560213057881,34.125,122.1,0.00425,0.373,0.193559025
1560213057928,34.171,122.1,0.00425,0.373,0.193559025
1560213057974,34.217,122.1,0.00425,0.373,0.193559025
1560213058035,34.278,122.2,0.00424,0.375,0.194298
1560213058081,34.324,122.2,0.00424,0.375,0.194298
1560213058127,34.37,122.2,0.00424,0.375,0.194298
1560213058173,34.416,122.2,0.00424,0.375,0.194298
1560213058235,34.478,122.1,0.00425,0.373,0.193559025
1560213058281,34.525,122.1,0.00425,0.373,0.193559025
1560213058327,34.57,122.1,0.00425,0.373,0.193559025
1560213058374,34.617,122.1,0.00425,0.373,0.193559025
1560213058435,34.678,122.1,0.00424,0.371,0.192068184
1560213058481,34.724,122.1,0.00424,0.371,0.192068184
1560213058527,34.77,122.1,0.00424,0.371,0.192068184
1560213058573,34.816,122.1,0.00424,0.371,0.192068184
1560213058635,34.878,122.1,0.00425,0.37,0.19200225
1560213058680,34.923,122.1,0.00425,0.37,0.19200225
1560213058726,34.969,122.1,0.00425,0.37,0.19200225
1560213058772,35.015,122.1,0.00425,0.37,0.19200225
1560213058835,35.078,122.1,0.0043,0.371,0.19478613
1560213058881,35.124,122.1,0.0043,0.371,0.19478613
1560213058926,35.169,122.1,0.0043,0.371,0.19478613
1560213058973,35.216,122.1,0.0043,0.371,0.19478613
1560213059035,35.278,122.2,0.00426,0.375,0.1952145
1560213059081,35.324,122.2,0.00426,0.375,0.1952145
1560213059127,35.37,122.2,0.00426,0.375,0.1952145
1560213059173,35.416,122.2,0.00426,0.375,0.1952145
1560213059236,35.479,122.1,0.00423,0.373,0.192648159
1560213059283,35.527,122.1,0.00423,0.373,0.192648159
1560213059329,35.572,122.1,0.00423,0.373,0.192648159
1560213059375,35.619,122.1,0.00423,0.373,0.192648159
1560213059435,35.678,122.1,0.00423,0.374,0.193164642
1560213059481,35.724,122.1,0.00423,0.374,0.193164642
1560213059527,35.77,122.1,0.00423,0.374,0.193164642
1560213059573,35.816,122.1,0.00423,0.374,0.193164642
1560213059636,35.879,122.1,0.00428,0.371,0.193880148
1560213059682,35.925,122.1,0.00428,0.371,0.193880148
1560213059728,35.971,122.1,0.00428,0.371,0.193880148
1560213059774,36.017,122.1,0.00428,0.371,0.193880148
1560213059835,36.078,122.1,0.00422,0.374,0.192707988
1560213059881,36.124,122.1,0.00422,0.374,0.192707988
1560213059927,36.17,122.1,0.00422,0.374,0.192707988
1560213059973,36.216,122.1,0.00422,0.374,0.192707988
1560213060035,36.278,122.1,0.00427,0.369,0.192384423
1560213060081,36.324,122.1,0.00427,0.369,0.192384423
1560213060127,36.37,122.1,0.00427,0.369,0.192384423
1560213060173,36.416,122.1,0.00427,0.369,0.192384423
1560213060235,36.478,122.1,0.00426,0.371,0.192974166
1560213060281,36.524,122.1,0.00426,0.371,0.192974166
1560213060327,36.57,122.1,0.00426,0.371,0.192974166
1560213060374,36.617,122.1,0.00426,0.371,0.192974166
1560213060435,36.678,122.1,0.00423,0.371,0.191615193
1560213060481,36.724,122.1,0.00423,0.371,0.191615193
1560213060527,36.77,122.1,0.00423,0.371,0.191615193
1560213060573,36.816,122.1,0.00423,0.371,0.191615193
1560213060636,36.879,122.1,0.00429,0.371,0.194333139
1560213060682,36.925,122.1,0.00429,0.371,0.194333139
1560213060728,36.971,122.1,0.00429,0.371,0.194333139
1560213060774,37.017,122.1,0.00429,0.371,0.194333139
1560213060835,37.078,122.1,0.00428,0.372,0.194402736
1560213060881,37.124,122.1,0.00428,0.372,0.194402736
1560213060927,37.17,122.1,0.00428,0.372,0.194402736
1560213060973,37.216,122.1,0.00428,0.372,0.194402736
1560213061035,37.278,122.1,0.00424,0.374,0.193621296
1560213061082,37.325,122.1,0.00424,0.374,0.193621296
1560213061128,37.371,122.1,0.00424,0.374,0.193621296
1560213061174,37.417,122.1,0.00424,0.374,0.193621296
1560213061235,37.478,122.2,0.00424,0.374,0.193779872
1560213061281,37.524,122.2,0.00424,0.374,0.193779872
1560213061327,37.57,122.2,0.00424,0.374,0.193779872
1560213061373,37.616,122.2,0.00424,0.374,0.193779872
1560213061434,37.678,122.1,0.00424,0.375,0.194139
1560213061480,37.723,122.1,0.00424,0.375,0.194139
1560213061527,37.77,122.1,0.00424,0.375,0.194139
1560213061573,37.816,122.1,0.00424,0.375,0.194139
1560213061635,37.878,122.1,0.00422,0.374,0.192707988
1560213061681,37.924,122.1,0.00422,0.374,0.192707988
1560213061727,37.97,122.1,0.00422,0.374,0.192707988
1560213061773,38.017,122.1,0.00422,0.374,0.192707988
1560213061834,38.077,122.2,0.00426,0.375,0.1952145
1560213061880,38.123,122.2,0.00426,0.375,0.1952145
1560213061926,38.169,122.2,0.00426,0.375,0.1952145
1560213061973,38.216,122.2,0.00426,0.375,0.1952145
1560213062035,38.278,122.2,0.00424,0.375,0.194298
1560213062081,38.324,122.2,0.00424,0.375,0.194298
1560213062127,38.37,122.2,0.00424,0.375,0.194298
1560213062173,38.416,122.2,0.00424,0.375,0.194298
1560213062235,38.478,122.2,0.00422,0.375,0.1933815
1560213062280,38.523,122.2,0.00422,0.375,0.1933815
1560213062326,38.569,122.2,0.00422,0.375,0.1933815
1560213062372,38.615,122.2,0.00422,0.375,0.1933815
1560213062435,38.678,122.1,0.00424,0.37,0.19155048
1560213062481,38.724,122.1,0.00424,0.37,0.19155048
1560213062527,38.77,122.1,0.00424,0.37,0.19155048
1560213062573,38.816,122.1,0.00424,0.37,0.19155048
1560213062635,38.878,122.1,0.00424,0.372,0.192585888
1560213062681,38.925,122.1,0.00424,0.372,0.192585888
1560213062728,38.971,122.1,0.00424,0.372,0.192585888
1560213062774,39.017,122.1,0.00424,0.372,0.192585888
1560213062835,39.078,122.1,0.00428,0.373,0.194925324
1560213062881,39.124,122.1,0.00428,0.373,0.194925324
1560213062927,39.17,122.1,0.00428,0.373,0.194925324
1560213062973,39.216,122.1,0.00428,0.373,0.194925324
1560213063034,39.277,122.1,0.00426,0.375,0.19505475
1560213063080,39.323,122.1,0.00426,0.375,0.19505475
1560213063126,39.369,122.1,0.00426,0.375,0.19505475
1560213063173,39.416,122.1,0.00426,0.375,0.19505475
1560213063235,39.478,122.1,0.00422,0.373,0.192192726
1560213063281,39.524,122.1,0.00422,0.373,0.192192726
1560213063327,39.57,122.1,0.00422,0.373,0.192192726
1560213063373,39.616,122.1,0.00422,0.373,0.192192726
1560213063434,39.677,122.1,0.00425,0.373,0.193559025
1560213063480,39.723,122.1,0.00425,0.373,0.193559025
1560213063526,39.769,122.1,0.00425,0.373,0.193559025
1560213063572,39.815,122.1,0.00425,0.373,0.193559025
1560213063635,39.878,122.1,0.00425,0.372,0.1930401
1560213063681,39.924,122.1,0.00425,0.372,0.1930401
1560213063727,39.97,122.1,0.00425,0.372,0.1930401
1560213063773,40.016,122.1,0.00425,0.372,0.1930401
1560213063835,40.078,122.1,0.00426,0.372,0.193494312
1560213063881,40.124,122.1,0.00426,0.372,0.193494312
1560213063927,40.17,122.1,0.00426,0.372,0.193494312
1560213063973,40.217,122.1,0.00426,0.372,0.193494312
1560213064034,40.278,122.1,0.00424,0.375,0.194139
1560213064081,40.324,122.1,0.00424,0.375,0.194139
1560213064127,40.37,122.1,0.00424,0.375,0.194139
1560213064173,40.416,122.1,0.00424,0.375,0.194139
1560213064234,40.477,122.1,0.00426,0.371,0.192974166
1560213064280,40.523,122.1,0.00426,0.371,0.192974166
1560213064326,40.569,122.1,0.00426,0.371,0.192974166
1560213064372,40.615,122.1,0.00426,0.371,0.192974166
1560213064434,40.677,122.1,0.00428,0.371,0.193880148
1560213064481,40.724,122.1,0.00428,0.371,0.193880148
1560213064527,40.77,122.1,0.00428,0.371,0.193880148
1560213064573,40.816,122.1,0.00428,0.371,0.193880148
1560213064634,40.877,122.1,0.00424,0.373,0.193103592
1560213064680,40.923,122.1,0.00424,0.373,0.193103592
1560213064726,40.969,122.1,0.00424,0.373,0.193103592
1560213064772,41.015,122.1,0.00424,0.373,0.193103592
1560213064835,41.078,122.1,0.00424,0.375,0.194139
1560213064881,41.124,122.1,0.00424,0.375,0.194139
1560213064927,41.17,122.1,0.00424,0.375,0.194139
1560213064973,41.216,122.1,0.00424,0.375,0.194139
1560213065034,41.277,122.1,0.00427,0.374,0.194991258
1560213065081,41.324,122.1,0.00427,0.374,0.194991258
1560213065126,41.369,122.1,0.00427,0.374,0.194991258
1560213065173,41.416,122.1,0.00427,0.374,0.194991258
1560213065235,41.478,122.2,0.00425,0.374,0.1942369
1560213065281,41.524,122.2,0.00425,0.374,0.1942369
1560213065327,41.571,122.2,0.00425,0.374,0.1942369
1560213065374,41.617,122.2,0.00425,0.374,0.1942369
1560213065435,41.678,122.1,0.00425,0.37,0.19200225
1560213065481,41.724,122.1,0.00425,0.37,0.19200225
1560213065527,41.77,122.1,0.00425,0.37,0.19200225
1560213065573,41.816,122.1,0.00425,0.37,0.19200225
1560213065634,41.877,122.1,0.0043,0.371,0.19478613
1560213065681,41.924,122.1,0.0043,0.371,0.19478613
1560213065726,41.97,122.1,0.0043,0.371,0.19478613
1560213065773,42.016,122.1,0.0043,0.371,0.19478613
1560213065835,42.078,122.2,0.00427,0.372,0.194107368
1560213065881,42.124,122.2,0.00427,0.372,0.194107368
1560213065927,42.17,122.2,0.00427,0.372,0.194107368
1560213065973,42.216,122.2,0.00427,0.372,0.194107368
1560213066034,42.277,122.2,0.00426,0.371,0.193132212
1560213066080,42.323,122.2,0.00426,0.371,0.193132212
1560213066126,42.369,122.2,0.00426,0.371,0.193132212
1560213066172,42.415,122.2,0.00426,0.371,0.193132212
1560213066235,42.478,122.2,0.00427,0.371,0.193585574
1560213066281,42.524,122.2,0.00427,0.371,0.193585574
1560213066327,42.57,122.2,0.00427,0.371,0.193585574
1560213066373,42.616,122.2,0.00427,0.371,0.193585574
1560213066434,42.677,122.1,0.00426,0.367,0.190893582
1560213066480,42.723,122.1,0.00426,0.367,0.190893582
1560213066526,42.769,122.1,0.00426,0.367,0.190893582
1560213066572,42.815,122.1,0.00426,0.367,0.190893582
1560213066635,42.878,122.1,0.00428,0.369,0.192834972
1560213066681,42.924,122.1,0.00428,0.369,0.192834972
1560213066727,42.97,122.1,0.00428,0.369,0.192834972
1560213066773,43.016,122.1,0.00428,0.369,0.192834972
1560213066834,43.077,122.1,0.00427,0.371,0.193427157
1560213066880,43.123,122.1,0.00427,0.371,0.193427157
1560213066926,43.169,122.1,0.00427,0.371,0.193427157
1560213066972,43.215,122.1,0.00427,0.371,0.193427157
1560213067035,43.278,122.2,0.00427,0.373,0.194629162
1560213067081,43.324,122.2,0.00427,0.373,0.194629162
1560213067127,43.37,122.2,0.00427,0.373,0.194629162
1560213067173,43.416,122.2,0.00427,0.373,0.194629162
1560213067235,43.478,122.2,0.00424,0.373,0.193261744
1560213067281,43.524,122.2,0.00424,0.373,0.193261744
1560213067328,43.571,122.2,0.00424,0.373,0.193261744
1560213067374,43.617,122.2,0.00424,0.373,0.193261744
1560213067435,43.678,122.1,0.00425,0.372,0.1930401
1560213067481,43.724,122.1,0.00425,0.372,0.1930401
1560213067527,43.77,122.1,0.00425,0.372,0.1930401
1560213067573,43.816,122.1,0.00425,0.372,0.1930401
1560213067634,43.877,122.1,0.00429,0.37,0.19380933
1560213067680,43.924,122.1,0.00429,0.37,0.19380933
1560213067727,43.97,122.1,0.00429,0.37,0.19380933
1560213067773,44.016,122.1,0.00429,0.37,0.19380933
1560213067835,44.078,122.1,0.00425,0.374,0.19407795
1560213067881,44.124,122.1,0.00425,0.374,0.19407795
1560213067927,44.17,122.1,0.00425,0.374,0.19407795
1560213067973,44.216,122.1,0.00425,0.374,0.19407795
1560213068034,44.277,122.1,0.00425,0.372,0.1930401
1560213068080,44.323,122.1,0.00425,0.372,0.1930401
1560213068126,44.369,122.1,0.00425,0.372,0.1930401
1560213068172,44.415,122.1,0.00425,0.372,0.1930401
1560213068234,44.477,122.1,0.00428,0.371,0.193880148
1560213068280,44.523,122.1,0.00428,0.371,0.193880148
1560213068326,44.569,122.1,0.00428,0.371,0.193880148
1560213068373,44.616,122.1,0.00428,0.371,0.193880148
1560213068434,44.677,122.1,0.00429,0.368,0.192761712
1560213068480,44.723,122.1,0.00429,0.368,0.192761712
1560213068526,44.769,122.1,0.00429,0.368,0.192761712
1560213068572,44.815,122.1,0.00429,0.368,0.192761712
1560213068634,44.877,122.1,0.00424,0.374,0.193621296
1560213068680,44.923,122.1,0.00424,0.374,0.193621296
1560213068727,44.97,122.1,0.00424,0.374,0.193621296
1560213068773,45.016,122.1,0.00424,0.374,0.193621296
1560213068834,45.077,122.1,0.00431,0.371,0.195239121
1560213068880,45.123,122.1,0.00431,0.371,0.195239121
1560213068926,45.169,122.1,0.00431,0.371,0.195239121
1560213068972,45.215,122.1,0.00431,0.371,0.195239121
1560213069035,45.278,122.1,0.0043,0.37,0.1942611
1560213069081,45.324,122.1,0.0043,0.37,0.1942611
1560213069127,45.37,122.1,0.0043,0.37,0.1942611
1560213069173,45.416,122.1,0.0043,0.37,0.1942611
1560213069234,45.477,122.1,0.00427,0.371,0.193427157
1560213069280,45.523,122.1,0.00427,0.371,0.193427157
1560213069326,45.569,122.1,0.00427,0.371,0.193427157
1560213069372,45.615,122.1,0.00427,0.371,0.193427157
1560213069434,45.677,122.1,0.00422,0.371,0.191162202
1560213069480,45.723,122.1,0.00422,0.371,0.191162202
1560213069525,45.768,122.1,0.00422,0.371,0.191162202
1560213069571,45.814,122.1,0.00422,0.371,0.191162202
1560213069634,45.877,122.1,0.0043,0.37,0.1942611
1560213069680,45.923,122.1,0.0043,0.37,0.1942611
1560213069726,45.969,122.1,0.0043,0.37,0.1942611
1560213069772,46.015,122.1,0.0043,0.37,0.1942611
1560213069834,46.077,122.1,0.00428,0.37,0.19335756
1560213069880,46.123,122.1,0.00428,0.37,0.19335756
1560213069926,46.169,122.1,0.00428,0.37,0.19335756
1560213069972,46.215,122.1,0.00428,0.37,0.19335756
1560213070035,46.278,122.2,0.00428,0.374,0.195607984
1560213070081,46.324,122.2,0.00428,0.374,0.195607984
1560213070127,46.37,122.2,0.00428,0.374,0.195607984
1560213070173,46.416,122.2,0.00428,0.374,0.195607984
1560213070234,46.477,122.2,0.00428,0.372,0.194561952
1560213070280,46.523,122.2,0.00428,0.372,0.194561952
1560213070326,46.569,122.2,0.00428,0.372,0.194561952
1560213070373,46.616,122.2,0.00428,0.372,0.194561952
1560213070434,46.677,122.2,0.00424,0.371,0.192225488
1560213070480,46.723,122.2,0.00424,0.371,0.192225488
1560213070526,46.769,122.2,0.00424,0.371,0.192225488
1560213070572,46.815,122.2,0.00424,0.371,0.192225488
1560213070634,46.877,122.1,0.00426,0.367,0.190893582
1560213070680,46.923,122.1,0.00426,0.367,0.190893582
1560213070726,46.969,122.1,0.00426,0.367,0.190893582
1560213070772,47.015,122.1,0.00426,0.367,0.190893582
1560213070834,47.078,122.2,0.0043,0.371,0.19494566
1560213070881,47.124,122.2,0.0043,0.371,0.19494566
1560213070927,47.17,122.2,0.0043,0.371,0.19494566
1560213070973,47.216,122.2,0.0043,0.371,0.19494566
1560213071034,47.277,122.2,0.00429,0.371,0.194492298
1560213071080,47.323,122.2,0.00429,0.371,0.194492298
1560213071126,47.369,122.2,0.00429,0.371,0.194492298
1560213071172,47.415,122.2,0.00429,0.371,0.194492298
1560213071234,47.477,122.2,0.00428,0.368,0.192469888
1560213071280,47.523,122.2,0.00428,0.368,0.192469888
1560213071327,47.57,122.2,0.00428,0.368,0.192469888
1560213071373,47.616,122.2,0.00428,0.368,0.192469888
1560213071434,47.677,122.2,0.0042,0.374,0.19195176
1560213071480,47.723,122.2,0.0042,0.374,0.19195176
1560213071526,47.769,122.2,0.0042,0.374,0.19195176
1560213071572,47.815,122.2,0.0042,0.374,0.19195176
1560213071634,47.877,122.1,0.00428,0.368,0.192312384
1560213071680,47.923,122.1,0.00428,0.368,0.192312384
1560213071726,47.969,122.1,0.00428,0.368,0.192312384
1560213071772,48.015,122.1,0.00428,0.368,0.192312384
1560213071834,48.078,122.1,0.00428,0.37,0.19335756
1560213071881,48.124,122.1,0.00428,0.37,0.19335756
1560213071926,48.169,122.1,0.00428,0.37,0.19335756
1560213071973,48.216,122.1,0.00428,0.37,0.19335756
1560213072035,48.278,122.1,0.00429,0.37,0.19380933
1560213072081,48.324,122.1,0.00429,0.37,0.19380933
1560213072127,48.37,122.1,0.00429,0.37,0.19380933
1560213072173,48.417,122.1,0.00429,0.37,0.19380933
1560213072235,48.478,122.1,0.00425,0.371,0.192521175
1560213072281,48.524,122.1,0.00425,0.371,0.192521175
1560213072327,48.57,122.1,0.00425,0.371,0.192521175
1560213072374,48.617,122.1,0.00425,0.371,0.192521175
1560213072435,48.678,122.1,0.00424,0.372,0.192585888
1560213072481,48.724,122.1,0.00424,0.372,0.192585888
1560213072527,48.77,122.1,0.00424,0.372,0.192585888
1560213072573,48.816,122.1,0.00424,0.372,0.192585888
1560213072634,48.877,122.1,0.00428,0.366,0.191267208
1560213072680,48.923,122.1,0.00428,0.366,0.191267208
1560213072726,48.969,122.1,0.00428,0.366,0.191267208
1560213072773,49.016,122.1,0.00428,0.366,0.191267208
1560213072834,49.077,122.1,0.0043,0.371,0.19478613
1560213072881,49.124,122.1,0.0043,0.371,0.19478613
1560213072927,49.17,122.1,0.0043,0.371,0.19478613
1560213072973,49.216,122.1,0.0043,0.371,0.19478613
1560213073034,49.277,122.1,0.00429,0.371,0.194333139
1560213073080,49.323,122.1,0.00429,0.371,0.194333139
1560213073126,49.369,122.1,0.00429,0.371,0.194333139
1560213073173,49.416,122.1,0.00429,0.371,0.194333139
1560213073234,49.477,122.2,0.00429,0.368,0.192919584
1560213073280,49.523,122.2,0.00429,0.368,0.192919584
1560213073326,49.569,122.2,0.00429,0.368,0.192919584
1560213073372,49.615,122.2,0.00429,0.368,0.192919584
1560213073434,49.677,122.1,0.00429,0.369,0.193285521
1560213073480,49.723,122.1,0.00429,0.369,0.193285521
1560213073526,49.769,122.1,0.00429,0.369,0.193285521
1560213073572,49.815,122.1,0.00429,0.369,0.193285521
1560213073633,49.876,122.1,0.00426,0.371,0.192974166
1560213073679,49.922,122.1,0.00426,0.371,0.192974166
1560213073725,49.968,122.1,0.00426,0.371,0.192974166
1560213073771,50.014,122.1,0.00426,0.371,0.192974166
1560213073834,50.077,122.1,0.00428,0.371,0.193880148
1560213073880,50.123,122.1,0.00428,0.371,0.193880148
1560213073926,50.169,122.1,0.00428,0.371,0.193880148
1560213073972,50.215,122.1,0.00428,0.371,0.193880148
1560213074034,50.277,122.1,0.00426,0.371,0.192974166
1560213074081,50.324,122.1,0.00426,0.371,0.192974166
1560213074127,50.37,122.1,0.00426,0.371,0.192974166
1560213074173,50.416,122.1,0.00426,0.371,0.192974166
1560213074233,50.476,122.2,0.00422,0.375,0.1933815
1560213074279,50.522,122.2,0.00422,0.375,0.1933815
1560213074325,50.568,122.2,0.00422,0.375,0.1933815
1560213074372,50.615,122.2,0.00422,0.375,0.1933815
1560213074434,50.677,122.1,0.00421,0.374,0.192251334
1560213074480,50.723,122.1,0.00421,0.374,0.192251334
1560213074526,50.769,122.1,0.00421,0.374,0.192251334
1560213074572,50.816,122.1,0.00421,0.374,0.192251334
1560213074634,50.877,122.1,0.00424,0.373,0.193103592
1560213074680,50.923,122.1,0.00424,0.373,0.193103592
1560213074726,50.969,122.1,0.00424,0.373,0.193103592
1560213074772,51.015,122.1,0.00424,0.373,0.193103592
1560213074833,51.076,122.1,0.00426,0.376,0.195574896
1560213074879,51.122,122.1,0.00426,0.376,0.195574896
1560213074925,51.168,122.1,0.00426,0.376,0.195574896
1560213074972,51.215,122.1,0.00426,0.376,0.195574896
1560213075034,51.277,122.2,0.00424,0.375,0.194298
1560213075080,51.323,122.2,0.00424,0.375,0.194298
1560213075126,51.369,122.2,0.00424,0.375,0.194298
1560213075172,51.415,122.2,0.00424,0.375,0.194298
1560213075233,51.476,122.2,0.00423,0.375,0.19383975
1560213075280,51.523,122.2,0.00423,0.375,0.19383975
1560213075326,51.569,122.2,0.00423,0.375,0.19383975
1560213075372,51.615,122.2,0.00423,0.375,0.19383975
1560213075434,51.677,122.2,0.00422,0.374,0.192865816
1560213075480,51.723,122.2,0.00422,0.374,0.192865816
1560213075526,51.769,122.2,0.00422,0.374,0.192865816
1560213075573,51.816,122.2,0.00422,0.374,0.192865816
1560213075634,51.877,122.1,0.00423,0.375,0.193681125
1560213075679,51.923,122.1,0.00423,0.375,0.193681125
1560213075726,51.969,122.1,0.00423,0.375,0.193681125
1560213075772,52.015,122.1,0.00423,0.375,0.193681125
1560213075833,52.076,122.2,0.00422,0.374,0.192865816
1560213075879,52.122,122.2,0.00422,0.374,0.192865816
1560213075925,52.168,122.2,0.00422,0.374,0.192865816
1560213075971,52.214,122.2,0.00422,0.374,0.192865816
1560213076033,52.276,122.2,0.00426,0.375,0.1952145
1560213076079,52.322,122.2,0.00426,0.375,0.1952145
1560213076126,52.369,122.2,0.00426,0.375,0.1952145
1560213076172,52.415,122.2,0.00426,0.375,0.1952145
1560213076233,52.476,122.2,0.00422,0.376,0.193897184
1560213076279,52.522,122.2,0.00422,0.376,0.193897184
1560213076325,52.568,122.2,0.00422,0.376,0.193897184
1560213076371,52.614,122.2,0.00422,0.376,0.193897184
1560213076433,52.676,122.2,0.00419,0.374,0.191494732
1560213076480,52.723,122.2,0.00419,0.374,0.191494732
1560213076526,52.769,122.2,0.00419,0.374,0.191494732
1560213076572,52.815,122.2,0.00419,0.374,0.191494732
1560213076633,52.876,122.1,0.00421,0.372,0.191223252
1560213076679,52.922,122.1,0.00421,0.372,0.191223252
1560213076726,52.969,122.1,0.00421,0.372,0.191223252
1560213076772,53.015,122.1,0.00421,0.372,0.191223252
1560213076833,53.076,122.1,0.00428,0.37,0.19335756
1560213076879,53.122,122.1,0.00428,0.37,0.19335756
1560213076925,53.168,122.1,0.00428,0.37,0.19335756
1560213076971,53.214,122.1,0.00428,0.37,0.19335756
1560213077033,53.276,122.1,0.00422,0.376,0.193738512
1560213077079,53.322,122.1,0.00422,0.376,0.193738512
1560213077125,53.368,122.1,0.00422,0.376,0.193738512
1560213077172,53.415,122.1,0.00422,0.376,0.193738512
1560213077234,53.477,122.1,0.00426,0.372,0.193494312
1560213077280,53.523,122.1,0.00426,0.372,0.193494312
1560213077326,53.569,122.1,0.00426,0.372,0.193494312
1560213077372,53.615,122.1,0.00426,0.372,0.193494312
1560213077434,53.677,122.1,0.00422,0.374,0.192707988
1560213077480,53.723,122.1,0.00422,0.374,0.192707988
1560213077526,53.769,122.1,0.00422,0.374,0.192707988
1560213077572,53.815,122.1,0.00422,0.374,0.192707988
1560213077633,53.876,122.1,0.00425,0.371,0.192521175
1560213077679,53.922,122.1,0.00425,0.371,0.192521175
1560213077725,53.968,122.1,0.00425,0.371,0.192521175
1560213077771,54.014,122.1,0.00425,0.371,0.192521175
1560213077834,54.077,122.1,0.00426,0.371,0.192974166
1560213077880,54.123,122.1,0.00426,0.371,0.192974166
1560213077926,54.169,122.1,0.00426,0.371,0.192974166
1560213077972,54.215,122.1,0.00426,0.371,0.192974166
1560213078033,54.276,122.1,0.00422,0.376,0.193738512
1560213078079,54.322,122.1,0.00422,0.376,0.193738512
1560213078126,54.369,122.1,0.00422,0.376,0.193738512
1560213078172,54.415,122.1,0.00422,0.376,0.193738512
1560213078233,54.476,122.1,0.00423,0.376,0.194197608
1560213078279,54.522,122.1,0.00423,0.376,0.194197608
1560213078325,54.568,122.1,0.00423,0.376,0.194197608
1560213078371,54.614,122.1,0.00423,0.376,0.194197608
1560213078433,54.676,122.1,0.00424,0.372,0.192585888
1560213078480,54.723,122.1,0.00424,0.372,0.192585888
1560213078526,54.769,122.1,0.00424,0.372,0.192585888
1560213078572,54.815,122.1,0.00424,0.372,0.192585888
1560213078633,54.876,122.1,0.00427,0.37,0.19290579
1560213078679,54.922,122.1,0.00427,0.37,0.19290579
1560213078725,54.968,122.1,0.00427,0.37,0.19290579
1560213078772,55.015,122.1,0.00427,0.37,0.19290579
1560213078833,55.076,122.1,0.00421,0.373,0.191737293
1560213078879,55.122,122.1,0.00421,0.373,0.191737293
1560213078925,55.168,122.1,0.00421,0.373,0.191737293
1560213078971,55.214,122.1,0.00421,0.373,0.191737293
1560213079034,55.277,122.2,0.00423,0.374,0.193322844
1560213079080,55.323,122.2,0.00423,0.374,0.193322844
1560213079126,55.369,122.2,0.00423,0.374,0.193322844
1560213079172,55.415,122.2,0.00423,0.374,0.193322844
1560213079234,55.477,122.2,0.00423,0.376,0.194356656
1560213079280,55.523,122.2,0.00423,0.376,0.194356656
1560213079326,55.569,122.2,0.00423,0.376,0.194356656
1560213079372,55.615,122.2,0.00423,0.376,0.194356656
1560213079433,55.677,122.2,0.00428,0.367,0.191946872
1560213079480,55.723,122.2,0.00428,0.367,0.191946872
1560213079526,55.769,122.2,0.00428,0.367,0.191946872
1560213079572,55.815,122.2,0.00428,0.367,0.191946872
1560213079633,55.876,122.2,0.00421,0.373,0.191894326
1560213079679,55.923,122.2,0.00421,0.373,0.191894326
1560213079726,55.969,122.2,0.00421,0.373,0.191894326
1560213079772,56.015,122.2,0.00421,0.373,0.191894326
1560213079833,56.076,122.2,0.00425,0.375,0.19475625
1560213079879,56.122,122.2,0.00425,0.375,0.19475625
1560213079925,56.168,122.2,0.00425,0.375,0.19475625
1560213079971,56.214,122.2,0.00425,0.375,0.19475625
1560213080033,56.276,122.2,0.00421,0.378,0.194466636
1560213080078,56.321,122.2,0.00421,0.378,0.194466636
1560213080124,56.368,122.2,0.00421,0.378,0.194466636
1560213080171,56.414,122.2,0.00421,0.378,0.194466636
1560213080233,56.476,122.2,0.00424,0.373,0.193261744
1560213080279,56.522,122.2,0.00424,0.373,0.193261744
1560213080325,56.568,122.2,0.00424,0.373,0.193261744
1560213080371,56.614,122.2,0.00424,0.373,0.193261744
1560213080432,56.675,122.2,0.00418,0.375,0.1915485
1560213080479,56.722,122.2,0.00418,0.375,0.1915485
1560213080525,56.768,122.2,0.00418,0.375,0.1915485
1560213080571,56.814,122.2,0.00418,0.375,0.1915485
1560213080633,56.876,122.2,0.00423,0.375,0.19383975
1560213080679,56.922,122.2,0.00423,0.375,0.19383975
1560213080725,56.968,122.2,0.00423,0.375,0.19383975
1560213080772,57.015,122.2,0.00423,0.375,0.19383975
1560213080833,57.076,122.2,0.00425,0.37,0.1921595
1560213080878,57.121,122.2,0.00425,0.37,0.1921595
1560213080925,57.168,122.2,0.00425,0.37,0.1921595
1560213080971,57.214,122.2,0.00425,0.37,0.1921595
1560213081033,57.276,122.2,0.00427,0.377,0.196716338
1560213081079,57.322,122.2,0.00427,0.377,0.196716338
1560213081125,57.368,122.2,0.00427,0.377,0.196716338
1560213081171,57.414,122.2,0.00427,0.377,0.196716338
1560213081232,57.475,122.2,0.00423,0.376,0.194356656
