# Mon Jun 10 18:01:15 2019
abstime,time_stamp,volt,curr,pf,mul
1560214875651,0.085,122.7,0.00419,0.381,0.195877053
1560214875698,0.132,122.7,0.00419,0.381,0.195877053
1560214875744,0.178,122.7,0.00419,0.381,0.195877053
1560214875790,0.224,122.7,0.00419,0.381,0.195877053
1560214875845,0.279,122.7,0.00423,0.379,0.196708959
1560214875891,0.325,122.7,0.00423,0.379,0.196708959
1560214875936,0.37,122.7,0.00423,0.379,0.196708959
1560214875982,0.416,122.7,0.00423,0.379,0.196708959
1560214876045,0.479,122.7,0.00423,0.378,0.196189938
1560214876091,0.525,122.7,0.00423,0.378,0.196189938
1560214876137,0.571,122.7,0.00423,0.378,0.196189938
1560214876183,0.617,122.7,0.00423,0.378,0.196189938
1560214876246,0.68,122.7,0.00421,0.38,0.19629546
1560214876292,0.726,122.7,0.00421,0.38,0.19629546
1560214876337,0.771,122.7,0.00421,0.38,0.19629546
1560214876383,0.817,122.7,0.00421,0.38,0.19629546
1560214876446,0.881,122.7,0.00423,0.378,0.196189938
1560214876492,0.926,122.7,0.00423,0.378,0.196189938
1560214876538,0.972,122.7,0.00423,0.378,0.196189938
1560214876584,1.018,122.7,0.00423,0.378,0.196189938
1560214876645,1.079,122.7,0.00421,0.382,0.197328594
1560214876692,1.126,122.7,0.00421,0.382,0.197328594
1560214876738,1.172,122.7,0.00421,0.382,0.197328594
1560214876784,1.218,122.7,0.00421,0.382,0.197328594
1560214876846,1.28,122.7,0.00426,0.379,0.198104058
1560214876892,1.326,122.7,0.00426,0.379,0.198104058
1560214876938,1.372,122.7,0.00426,0.379,0.198104058
1560214876984,1.418,122.7,0.00426,0.379,0.198104058
1560214877045,1.479,122.7,0.00422,0.377,0.195208338
1560214877091,1.525,122.7,0.00422,0.377,0.195208338
1560214877137,1.571,122.7,0.00422,0.377,0.195208338
1560214877183,1.617,122.7,0.00422,0.377,0.195208338
1560214877246,1.68,122.7,0.00426,0.376,0.196535952
1560214877292,1.726,122.7,0.00426,0.376,0.196535952
1560214877338,1.772,122.7,0.00426,0.376,0.196535952
1560214877384,1.818,122.7,0.00426,0.376,0.196535952
1560214877445,1.879,122.7,0.00426,0.377,0.197058654
1560214877491,1.925,122.7,0.00426,0.377,0.197058654
1560214877537,1.971,122.7,0.00426,0.377,0.197058654
1560214877583,2.017,122.7,0.00426,0.377,0.197058654
1560214877645,2.079,122.7,0.00422,0.382,0.197797308
1560214877691,2.125,122.7,0.00422,0.382,0.197797308
1560214877737,2.171,122.7,0.00422,0.382,0.197797308
1560214877784,2.218,122.7,0.00422,0.382,0.197797308
1560214877845,2.279,122.7,0.00425,0.379,0.197639025
1560214877891,2.325,122.7,0.00425,0.379,0.197639025
1560214877937,2.371,122.7,0.00425,0.379,0.197639025
1560214877983,2.417,122.7,0.00425,0.379,0.197639025
1560214878046,2.48,122.7,0.00423,0.381,0.197747001
1560214878092,2.526,122.7,0.00423,0.381,0.197747001
1560214878138,2.572,122.7,0.00423,0.381,0.197747001
1560214878184,2.618,122.7,0.00423,0.381,0.197747001
1560214878245,2.679,122.7,0.00421,0.38,0.19629546
1560214878291,2.725,122.7,0.00421,0.38,0.19629546
1560214878338,2.772,122.7,0.00421,0.38,0.19629546
1560214878384,2.818,122.7,0.00421,0.38,0.19629546
1560214878445,2.879,122.7,0.00425,0.381,0.198681975
1560214878491,2.925,122.7,0.00425,0.381,0.198681975
1560214878537,2.971,122.7,0.00425,0.381,0.198681975
1560214878583,3.017,122.7,0.00425,0.381,0.198681975
1560214878645,3.079,122.7,0.00428,0.377,0.197983812
1560214878692,3.126,122.7,0.00428,0.377,0.197983812
1560214878738,3.172,122.7,0.00428,0.377,0.197983812
1560214878784,3.218,122.7,0.00428,0.377,0.197983812
1560214878845,3.279,122.7,0.00425,0.379,0.197639025
1560214878891,3.325,122.7,0.00425,0.379,0.197639025
1560214878937,3.371,122.7,0.00425,0.379,0.197639025
1560214878983,3.417,122.7,0.00425,0.379,0.197639025
1560214879045,3.479,122.7,0.00425,0.376,0.1960746
1560214879092,3.526,122.7,0.00425,0.376,0.1960746
1560214879138,3.572,122.7,0.00425,0.376,0.1960746
1560214879184,3.618,122.7,0.00425,0.376,0.1960746
1560214879245,3.679,122.7,0.0042,0.382,0.19685988
1560214879291,3.725,122.7,0.0042,0.382,0.19685988
1560214879337,3.771,122.7,0.0042,0.382,0.19685988
1560214879383,3.817,122.7,0.0042,0.382,0.19685988
1560214879446,3.88,122.7,0.00426,0.378,0.197581356
1560214879491,3.925,122.7,0.00426,0.378,0.197581356
1560214879537,3.971,122.7,0.00426,0.378,0.197581356
1560214879587,4.021,122.7,0.00426,0.378,0.197581356
1560214879646,4.08,122.7,0.00428,0.378,0.198508968
1560214879692,4.126,122.7,0.00428,0.378,0.198508968
1560214879738,4.172,122.7,0.00428,0.378,0.198508968
1560214879784,4.218,122.7,0.00428,0.378,0.198508968
1560214879845,4.279,122.7,0.00424,0.381,0.198214488
1560214879891,4.325,122.7,0.00424,0.381,0.198214488
1560214879937,4.371,122.7,0.00424,0.381,0.198214488
1560214879982,4.416,122.7,0.00424,0.381,0.198214488
1560214880044,4.478,122.7,0.00423,0.38,0.19722798
1560214880090,4.524,122.7,0.00423,0.38,0.19722798
1560214880136,4.57,122.7,0.00423,0.38,0.19722798
1560214880182,4.616,122.7,0.00423,0.38,0.19722798
1560214880244,4.678,122.7,0.00419,0.379,0.194848827
1560214880290,4.724,122.7,0.00419,0.379,0.194848827
1560214880336,4.77,122.7,0.00419,0.379,0.194848827
1560214880383,4.817,122.7,0.00419,0.379,0.194848827
1560214880445,4.879,122.7,0.00424,0.38,0.19769424
1560214880491,4.925,122.7,0.00424,0.38,0.19769424
1560214880537,4.972,122.7,0.00424,0.38,0.19769424
1560214880584,5.018,122.7,0.00424,0.38,0.19769424
1560214880645,5.079,122.7,0.00427,0.378,0.198045162
1560214880691,5.125,122.7,0.00427,0.378,0.198045162
1560214880737,5.171,122.7,0.00427,0.378,0.198045162
1560214880783,5.217,122.7,0.00427,0.378,0.198045162
1560214880845,5.279,122.7,0.00429,0.377,0.198446391
1560214880891,5.325,122.7,0.00429,0.377,0.198446391
1560214880937,5.371,122.7,0.00429,0.377,0.198446391
1560214880983,5.418,122.7,0.00429,0.377,0.198446391
1560214881044,5.478,122.7,0.00422,0.38,0.19676172
1560214881090,5.524,122.7,0.00422,0.38,0.19676172
1560214881136,5.57,122.7,0.00422,0.38,0.19676172
1560214881182,5.617,122.7,0.00422,0.38,0.19676172
1560214881245,5.679,122.7,0.00423,0.379,0.196708959
1560214881291,5.725,122.7,0.00423,0.379,0.196708959
1560214881337,5.771,122.7,0.00423,0.379,0.196708959
1560214881383,5.817,122.7,0.00423,0.379,0.196708959
1560214881445,5.879,122.7,0.00426,0.377,0.197058654
1560214881491,5.925,122.7,0.00426,0.377,0.197058654
1560214881537,5.972,122.7,0.00426,0.377,0.197058654
1560214881583,6.018,122.7,0.00426,0.377,0.197058654
1560214881645,6.079,122.7,0.00425,0.381,0.198681975
1560214881690,6.124,122.7,0.00425,0.381,0.198681975
1560214881737,6.171,122.7,0.00425,0.381,0.198681975
1560214881783,6.217,122.7,0.00425,0.381,0.198681975
1560214881845,6.279,122.7,0.00423,0.381,0.197747001
1560214881891,6.325,122.7,0.00423,0.381,0.197747001
1560214881937,6.371,122.7,0.00423,0.381,0.197747001
1560214881984,6.418,122.7,0.00423,0.381,0.197747001
1560214882044,6.479,122.7,0.00422,0.377,0.195208338
1560214882091,6.525,122.7,0.00422,0.377,0.195208338
1560214882136,6.57,122.7,0.00422,0.377,0.195208338
1560214882183,6.617,122.7,0.00422,0.377,0.195208338
1560214882245,6.679,122.7,0.00418,0.38,0.19489668
1560214882291,6.725,122.7,0.00418,0.38,0.19489668
1560214882337,6.771,122.7,0.00418,0.38,0.19489668
1560214882384,6.818,122.7,0.00418,0.38,0.19489668
1560214882445,6.879,122.7,0.00421,0.38,0.19629546
1560214882491,6.925,122.7,0.00421,0.38,0.19629546
1560214882537,6.971,122.7,0.00421,0.38,0.19629546
1560214882583,7.017,122.7,0.00421,0.38,0.19629546
1560214882645,7.079,122.7,0.00421,0.383,0.197845161
1560214882691,7.125,122.7,0.00421,0.383,0.197845161
1560214882737,7.171,122.7,0.00421,0.383,0.197845161
1560214882784,7.218,122.7,0.00421,0.383,0.197845161
1560214882845,7.279,122.7,0.00422,0.379,0.196243926
1560214882891,7.325,122.7,0.00422,0.379,0.196243926
1560214882937,7.371,122.7,0.00422,0.379,0.196243926
1560214882984,7.418,122.7,0.00422,0.379,0.196243926
1560214883044,7.479,122.7,0.00422,0.379,0.196243926
1560214883091,7.525,122.7,0.00422,0.379,0.196243926
1560214883137,7.571,122.7,0.00422,0.379,0.196243926
1560214883183,7.617,122.7,0.00422,0.379,0.196243926
1560214883245,7.679,122.6,0.00418,0.382,0.195762776
1560214883291,7.725,122.6,0.00418,0.382,0.195762776
1560214883337,7.771,122.6,0.00418,0.382,0.195762776
1560214883383,7.818,122.6,0.00418,0.382,0.195762776
1560214883445,7.879,122.6,0.00423,0.378,0.196030044
1560214883491,7.925,122.6,0.00423,0.378,0.196030044
1560214883537,7.971,122.6,0.00423,0.378,0.196030044
1560214883583,8.017,122.6,0.00423,0.378,0.196030044
1560214883645,8.079,122.6,0.00422,0.378,0.195566616
1560214883691,8.125,122.6,0.00422,0.378,0.195566616
1560214883737,8.171,122.6,0.00422,0.378,0.195566616
1560214883783,8.217,122.6,0.00422,0.378,0.195566616
1560214883845,8.279,122.7,0.00422,0.38,0.19676172
1560214883891,8.325,122.7,0.00422,0.38,0.19676172
1560214883936,8.37,122.7,0.00422,0.38,0.19676172
1560214883982,8.416,122.7,0.00422,0.38,0.19676172
1560214884045,8.479,122.7,0.00424,0.381,0.198214488
1560214884091,8.525,122.7,0.00424,0.381,0.198214488
1560214884137,8.571,122.7,0.00424,0.381,0.198214488
1560214884182,8.616,122.7,0.00424,0.381,0.198214488
1560214884245,8.679,122.7,0.00423,0.378,0.196189938
1560214884291,8.725,122.7,0.00423,0.378,0.196189938
1560214884337,8.771,122.7,0.00423,0.378,0.196189938
1560214884383,8.817,122.7,0.00423,0.378,0.196189938
1560214884444,8.878,122.7,0.00424,0.377,0.196133496
1560214884490,8.924,122.7,0.00424,0.377,0.196133496
1560214884536,8.97,122.7,0.00424,0.377,0.196133496
1560214884582,9.016,122.7,0.00424,0.377,0.196133496
1560214884645,9.079,122.7,0.00426,0.378,0.197581356
1560214884691,9.125,122.7,0.00426,0.378,0.197581356
1560214884737,9.171,122.7,0.00426,0.378,0.197581356
1560214884783,9.217,122.7,0.00426,0.378,0.197581356
1560214884844,9.278,122.7,0.00424,0.38,0.19769424
1560214884890,9.324,122.7,0.00424,0.38,0.19769424
1560214884936,9.37,122.7,0.00424,0.38,0.19769424
1560214884982,9.416,122.7,0.00424,0.38,0.19769424
1560214885045,9.479,122.7,0.00418,0.38,0.19489668
1560214885091,9.525,122.7,0.00418,0.38,0.19489668
1560214885137,9.571,122.7,0.00418,0.38,0.19489668
1560214885183,9.617,122.7,0.00418,0.38,0.19489668
1560214885244,9.678,122.4,0.00407,0.372,0.185318496
1560214885291,9.725,122.4,0.00407,0.372,0.185318496
1560214885337,9.771,122.4,0.00407,0.372,0.185318496
1560214885383,9.817,122.4,0.00407,0.372,0.185318496
1560214885444,9.878,122.3,0.00426,0.38,0.19797924
1560214885490,9.924,122.3,0.00426,0.38,0.19797924
1560214885536,9.97,122.3,0.00426,0.38,0.19797924
1560214885582,10.016,122.3,0.00426,0.38,0.19797924
1560214885644,10.079,122.4,0.00428,0.381,0.199595232
1560214885691,10.125,122.4,0.00428,0.381,0.199595232
1560214885737,10.171,122.4,0.00428,0.381,0.199595232
1560214885783,10.217,122.4,0.00428,0.381,0.199595232
1560214885844,10.278,122.4,0.00427,0.379,0.198083592
1560214885890,10.324,122.4,0.00427,0.379,0.198083592
1560214885936,10.37,122.4,0.00427,0.379,0.198083592
1560214885982,10.416,122.4,0.00427,0.379,0.198083592
1560214886045,10.479,122.4,0.00426,0.378,0.197098272
1560214886091,10.525,122.4,0.00426,0.378,0.197098272
1560214886137,10.571,122.4,0.00426,0.378,0.197098272
1560214886183,10.617,122.4,0.00426,0.378,0.197098272
1560214886244,10.679,122.4,0.00424,0.377,0.195653952
1560214886291,10.725,122.4,0.00424,0.377,0.195653952
1560214886337,10.771,122.4,0.00424,0.377,0.195653952
1560214886383,10.817,122.4,0.00424,0.377,0.195653952
1560214886444,10.878,122.4,0.00428,0.377,0.197499744
1560214886491,10.925,122.4,0.00428,0.377,0.197499744
1560214886536,10.97,122.4,0.00428,0.377,0.197499744
1560214886582,11.016,122.4,0.00428,0.377,0.197499744
1560214886645,11.079,122.4,0.00426,0.38,0.19814112
1560214886691,11.125,122.4,0.00426,0.38,0.19814112
1560214886737,11.171,122.4,0.00426,0.38,0.19814112
1560214886783,11.217,122.4,0.00426,0.38,0.19814112
1560214886844,11.278,122.5,0.00424,0.381,0.1978914
1560214886890,11.324,122.5,0.00424,0.381,0.1978914
1560214886936,11.37,122.5,0.00424,0.381,0.1978914
1560214886982,11.416,122.5,0.00424,0.381,0.1978914
1560214887045,11.479,122.5,0.00424,0.379,0.1968526
1560214887091,11.525,122.5,0.00424,0.379,0.1968526
1560214887137,11.571,122.5,0.00424,0.379,0.1968526
1560214887183,11.617,122.5,0.00424,0.379,0.1968526
1560214887244,11.678,122.5,0.00418,0.384,0.1966272
1560214887290,11.724,122.5,0.00418,0.384,0.1966272
1560214887336,11.77,122.5,0.00418,0.384,0.1966272
1560214887382,11.816,122.5,0.00418,0.384,0.1966272
1560214887444,11.878,122.4,0.00421,0.381,0.196330824
1560214887490,11.924,122.4,0.00421,0.381,0.196330824
1560214887537,11.971,122.4,0.00421,0.381,0.196330824
1560214887583,12.017,122.4,0.00421,0.381,0.196330824
1560214887645,12.079,122.5,0.00425,0.38,0.1978375
1560214887691,12.125,122.5,0.00425,0.38,0.1978375
1560214887737,12.171,122.5,0.00425,0.38,0.1978375
1560214887783,12.217,122.5,0.00425,0.38,0.1978375
1560214887844,12.278,122.5,0.00424,0.38,0.197372
1560214887890,12.324,122.5,0.00424,0.38,0.197372
1560214887936,12.37,122.5,0.00424,0.38,0.197372
1560214887982,12.416,122.5,0.00424,0.38,0.197372
1560214888045,12.479,122.5,0.00425,0.38,0.1978375
1560214888091,12.525,122.5,0.00425,0.38,0.1978375
1560214888137,12.571,122.5,0.00425,0.38,0.1978375
1560214888183,12.617,122.5,0.00425,0.38,0.1978375
1560214888244,12.678,122.5,0.00423,0.377,0.195351975
1560214888291,12.725,122.5,0.00423,0.377,0.195351975
1560214888337,12.771,122.5,0.00423,0.377,0.195351975
1560214888383,12.817,122.5,0.00423,0.377,0.195351975
1560214888444,12.878,122.5,0.00424,0.38,0.197372
1560214888490,12.924,122.5,0.00424,0.38,0.197372
1560214888536,12.97,122.5,0.00424,0.38,0.197372
1560214888582,13.016,122.5,0.00424,0.38,0.197372
1560214888645,13.079,122.5,0.00423,0.382,0.19794285
1560214888691,13.125,122.5,0.00423,0.382,0.19794285
1560214888737,13.171,122.5,0.00423,0.382,0.19794285
1560214888783,13.217,122.5,0.00423,0.382,0.19794285
1560214888844,13.278,122.5,0.00425,0.38,0.1978375
1560214888890,13.324,122.5,0.00425,0.38,0.1978375
1560214888936,13.37,122.5,0.00425,0.38,0.1978375
1560214888983,13.417,122.5,0.00425,0.38,0.1978375
1560214889044,13.478,122.5,0.00422,0.383,0.19799185
1560214889090,13.524,122.5,0.00422,0.383,0.19799185
1560214889136,13.57,122.5,0.00422,0.383,0.19799185
1560214889182,13.616,122.5,0.00422,0.383,0.19799185
1560214889245,13.679,122.5,0.00422,0.383,0.19799185
1560214889292,13.726,122.5,0.00422,0.383,0.19799185
1560214889338,13.772,122.5,0.00422,0.383,0.19799185
1560214889383,13.817,122.5,0.00422,0.383,0.19799185
1560214889444,13.878,122.5,0.00422,0.379,0.19592405
1560214889490,13.924,122.5,0.00422,0.379,0.19592405
1560214889536,13.97,122.5,0.00422,0.379,0.19592405
1560214889582,14.016,122.5,0.00422,0.379,0.19592405
1560214889644,14.078,122.5,0.00425,0.378,0.19679625
1560214889689,14.123,122.5,0.00425,0.378,0.19679625
1560214889736,14.17,122.5,0.00425,0.378,0.19679625
1560214889782,14.216,122.5,0.00425,0.378,0.19679625
1560214889845,14.279,122.5,0.00422,0.383,0.19799185
1560214889891,14.325,122.5,0.00422,0.383,0.19799185
1560214889937,14.371,122.5,0.00422,0.383,0.19799185
1560214889983,14.417,122.5,0.00422,0.383,0.19799185
1560214890044,14.478,122.5,0.00425,0.381,0.198358125
1560214890090,14.524,122.5,0.00425,0.381,0.198358125
1560214890136,14.57,122.5,0.00425,0.381,0.198358125
1560214890182,14.616,122.5,0.00425,0.381,0.198358125
1560214890244,14.678,122.5,0.00422,0.379,0.19592405
1560214890291,14.725,122.5,0.00422,0.379,0.19592405
1560214890337,14.771,122.5,0.00422,0.379,0.19592405
1560214890383,14.817,122.5,0.00422,0.379,0.19592405
1560214890444,14.878,122.4,0.00422,0.377,0.194731056
1560214890490,14.924,122.4,0.00422,0.377,0.194731056
1560214890536,14.97,122.4,0.00422,0.377,0.194731056
1560214890582,15.016,122.4,0.00422,0.377,0.194731056
1560214890643,15.078,122.4,0.00425,0.381,0.1981962
1560214890690,15.124,122.4,0.00425,0.381,0.1981962
1560214890736,15.17,122.4,0.00425,0.381,0.1981962
1560214890782,15.216,122.4,0.00425,0.381,0.1981962
1560214890844,15.278,122.5,0.00422,0.384,0.1985088
1560214890890,15.324,122.5,0.00422,0.384,0.1985088
1560214890936,15.37,122.5,0.00422,0.384,0.1985088
1560214890983,15.417,122.5,0.00422,0.384,0.1985088
1560214891044,15.478,122.5,0.0042,0.382,0.196539
1560214891090,15.524,122.5,0.0042,0.382,0.196539
1560214891136,15.57,122.5,0.0042,0.382,0.196539
1560214891182,15.616,122.5,0.0042,0.382,0.196539
1560214891244,15.678,122.4,0.00422,0.381,0.196797168
1560214891290,15.724,122.4,0.00422,0.381,0.196797168
1560214891336,15.77,122.4,0.00422,0.381,0.196797168
1560214891383,15.817,122.4,0.00422,0.381,0.196797168
1560214891444,15.878,122.4,0.00423,0.377,0.195192504
1560214891490,15.924,122.4,0.00423,0.377,0.195192504
1560214891536,15.97,122.4,0.00423,0.377,0.195192504
1560214891583,16.017,122.4,0.00423,0.377,0.195192504
1560214891643,16.077,122.4,0.00427,0.377,0.197038296
1560214891689,16.123,122.4,0.00427,0.377,0.197038296
1560214891735,16.169,122.4,0.00427,0.377,0.197038296
1560214891781,16.215,122.4,0.00427,0.377,0.197038296
1560214891844,16.278,122.4,0.00422,0.378,0.195247584
1560214891890,16.324,122.4,0.00422,0.378,0.195247584
1560214891936,16.37,122.4,0.00422,0.378,0.195247584
1560214891982,16.416,122.4,0.00422,0.378,0.195247584
1560214892043,16.477,122.4,0.00423,0.382,0.197781264
1560214892089,16.523,122.4,0.00423,0.382,0.197781264
1560214892135,16.569,122.4,0.00423,0.382,0.197781264
1560214892181,16.615,122.4,0.00423,0.382,0.197781264
1560214892244,16.678,122.4,0.00423,0.38,0.19674576
1560214892290,16.724,122.4,0.00423,0.38,0.19674576
1560214892336,16.77,122.4,0.00423,0.38,0.19674576
1560214892382,16.816,122.4,0.00423,0.38,0.19674576
1560214892444,16.878,122.4,0.00426,0.375,0.195534
1560214892490,16.924,122.4,0.00426,0.375,0.195534
1560214892537,16.971,122.4,0.00426,0.375,0.195534
1560214892584,17.018,122.4,0.00426,0.375,0.195534
1560214892643,17.078,122.4,0.00428,0.377,0.197499744
1560214892689,17.123,122.4,0.00428,0.377,0.197499744
1560214892736,17.17,122.4,0.00428,0.377,0.197499744
1560214892782,17.216,122.4,0.00428,0.377,0.197499744
1560214892844,17.278,122.4,0.00425,0.38,0.197676
1560214892890,17.324,122.4,0.00425,0.38,0.197676
1560214892936,17.37,122.4,0.00425,0.38,0.197676
1560214892982,17.416,122.4,0.00425,0.38,0.197676
1560214893044,17.478,122.5,0.00426,0.377,0.19673745
1560214893090,17.524,122.5,0.00426,0.377,0.19673745
1560214893136,17.57,122.5,0.00426,0.377,0.19673745
1560214893182,17.616,122.5,0.00426,0.377,0.19673745
1560214893244,17.678,122.4,0.00422,0.379,0.195764112
1560214893289,17.723,122.4,0.00422,0.379,0.195764112
1560214893335,17.769,122.4,0.00422,0.379,0.195764112
1560214893381,17.815,122.4,0.00422,0.379,0.195764112
1560214893444,17.878,122.4,0.00422,0.379,0.195764112
1560214893490,17.924,122.4,0.00422,0.379,0.195764112
1560214893536,17.97,122.4,0.00422,0.379,0.195764112
1560214893582,18.016,122.4,0.00422,0.379,0.195764112
1560214893644,18.078,122.4,0.00425,0.38,0.197676
1560214893690,18.125,122.4,0.00425,0.38,0.197676
1560214893736,18.17,122.4,0.00425,0.38,0.197676
1560214893783,18.217,122.4,0.00425,0.38,0.197676
1560214893844,18.278,122.4,0.00426,0.379,0.197619696
1560214893890,18.324,122.4,0.00426,0.379,0.197619696
1560214893936,18.37,122.4,0.00426,0.379,0.197619696
1560214893982,18.416,122.4,0.00426,0.379,0.197619696
1560214894044,18.478,122.4,0.00428,0.381,0.199595232
1560214894090,18.524,122.4,0.00428,0.381,0.199595232
1560214894137,18.571,122.4,0.00428,0.381,0.199595232
1560214894183,18.617,122.4,0.00428,0.381,0.199595232
1560214894244,18.678,122.4,0.00419,0.378,0.193859568
1560214894290,18.724,122.4,0.00419,0.378,0.193859568
1560214894336,18.77,122.4,0.00419,0.378,0.193859568
1560214894382,18.816,122.4,0.00419,0.378,0.193859568
1560214894443,18.877,122.4,0.00424,0.378,0.196172928
1560214894489,18.923,122.4,0.00424,0.378,0.196172928
1560214894535,18.969,122.4,0.00424,0.378,0.196172928
1560214894581,19.015,122.4,0.00424,0.378,0.196172928
1560214894643,19.077,122.4,0.00427,0.377,0.197038296
1560214894689,19.123,122.4,0.00427,0.377,0.197038296
1560214894735,19.169,122.4,0.00427,0.377,0.197038296
1560214894782,19.216,122.4,0.00427,0.377,0.197038296
1560214894843,19.277,122.4,0.0042,0.38,0.1953504
1560214894889,19.323,122.4,0.0042,0.38,0.1953504
1560214894935,19.369,122.4,0.0042,0.38,0.1953504
1560214894981,19.415,122.4,0.0042,0.38,0.1953504
1560214895044,19.478,122.4,0.00417,0.382,0.194975856
1560214895090,19.524,122.4,0.00417,0.382,0.194975856
1560214895136,19.57,122.4,0.00417,0.382,0.194975856
1560214895182,19.616,122.4,0.00417,0.382,0.194975856
1560214895243,19.677,122.4,0.0042,0.382,0.19637856
1560214895289,19.723,122.4,0.0042,0.382,0.19637856
1560214895335,19.769,122.4,0.0042,0.382,0.19637856
1560214895381,19.815,122.4,0.0042,0.382,0.19637856
1560214895444,19.878,122.4,0.00422,0.379,0.195764112
1560214895490,19.924,122.4,0.00422,0.379,0.195764112
1560214895537,19.971,122.4,0.00422,0.379,0.195764112
1560214895583,20.017,122.4,0.00422,0.379,0.195764112
1560214895644,20.078,122.4,0.00426,0.381,0.198662544
1560214895690,20.124,122.4,0.00426,0.381,0.198662544
1560214895736,20.17,122.4,0.00426,0.381,0.198662544
1560214895782,20.216,122.4,0.00426,0.381,0.198662544
1560214895843,20.277,122.4,0.00427,0.378,0.197560944
1560214895889,20.323,122.4,0.00427,0.378,0.197560944
1560214895935,20.369,122.4,0.00427,0.378,0.197560944
1560214895981,20.415,122.4,0.00427,0.378,0.197560944
1560214896044,20.478,122.5,0.0042,0.386,0.198597
1560214896090,20.524,122.5,0.0042,0.386,0.198597
1560214896136,20.57,122.5,0.0042,0.386,0.198597
1560214896182,20.616,122.5,0.0042,0.386,0.198597
1560214896244,20.678,122.4,0.0042,0.382,0.19637856
1560214896290,20.724,122.4,0.0042,0.382,0.19637856
1560214896336,20.77,122.4,0.0042,0.382,0.19637856
1560214896382,20.816,122.4,0.0042,0.382,0.19637856
1560214896443,20.877,122.4,0.00422,0.381,0.196797168
1560214896490,20.924,122.4,0.00422,0.381,0.196797168
1560214896536,20.97,122.4,0.00422,0.381,0.196797168
1560214896584,21.018,122.4,0.00422,0.381,0.196797168
1560214896643,21.077,122.4,0.00422,0.385,0.19886328
1560214896689,21.123,122.4,0.00422,0.385,0.19886328
1560214896735,21.169,122.4,0.00422,0.385,0.19886328
1560214896781,21.215,122.4,0.00422,0.385,0.19886328
1560214896843,21.277,122.4,0.0042,0.383,0.19689264
1560214896890,21.324,122.4,0.0042,0.383,0.19689264
1560214896936,21.37,122.4,0.0042,0.383,0.19689264
1560214896982,21.416,122.4,0.0042,0.383,0.19689264
1560214897043,21.477,122.5,0.00423,0.383,0.198461025
1560214897089,21.523,122.5,0.00423,0.383,0.198461025
1560214897135,21.569,122.5,0.00423,0.383,0.198461025
1560214897181,21.615,122.5,0.00423,0.383,0.198461025
1560214897243,21.677,122.4,0.00423,0.379,0.196228008
1560214897289,21.723,122.4,0.00423,0.379,0.196228008
1560214897336,21.77,122.4,0.00423,0.379,0.196228008
1560214897382,21.816,122.4,0.00423,0.379,0.196228008
1560214897443,21.877,122.4,0.00421,0.382,0.196846128
1560214897489,21.923,122.4,0.00421,0.382,0.196846128
1560214897535,21.969,122.4,0.00421,0.382,0.196846128
1560214897581,22.015,122.4,0.00421,0.382,0.196846128
1560214897643,22.077,122.4,0.00425,0.382,0.1987164
1560214897690,22.124,122.4,0.00425,0.382,0.1987164
1560214897735,22.169,122.4,0.00425,0.382,0.1987164
1560214897781,22.215,122.4,0.00425,0.382,0.1987164
1560214897844,22.278,122.4,0.00424,0.383,0.198767808
1560214897890,22.324,122.4,0.00424,0.383,0.198767808
1560214897936,22.37,122.4,0.00424,0.383,0.198767808
1560214897982,22.416,122.4,0.00424,0.383,0.198767808
1560214898043,22.477,122.4,0.00419,0.384,0.196936704
1560214898089,22.523,122.4,0.00419,0.384,0.196936704
1560214898136,22.57,122.4,0.00419,0.384,0.196936704
1560214898182,22.616,122.4,0.00419,0.384,0.196936704
1560214898243,22.677,122.4,0.00422,0.381,0.196797168
1560214898289,22.723,122.4,0.00422,0.381,0.196797168
1560214898334,22.768,122.4,0.00422,0.381,0.196797168
1560214898380,22.814,122.4,0.00422,0.381,0.196797168
1560214898443,22.877,122.4,0.0042,0.383,0.19689264
1560214898489,22.923,122.4,0.0042,0.383,0.19689264
1560214898534,22.968,122.4,0.0042,0.383,0.19689264
1560214898580,23.014,122.4,0.0042,0.383,0.19689264
1560214898643,23.077,122.4,0.00423,0.382,0.197781264
1560214898689,23.123,122.4,0.00423,0.382,0.197781264
1560214898735,23.169,122.4,0.00423,0.382,0.197781264
1560214898781,23.215,122.4,0.00423,0.382,0.197781264
1560214898843,23.277,122.4,0.0042,0.384,0.19740672
1560214898889,23.323,122.4,0.0042,0.384,0.19740672
1560214898935,23.369,122.4,0.0042,0.384,0.19740672
1560214898981,23.415,122.4,0.0042,0.384,0.19740672
1560214899043,23.477,122.4,0.00422,0.384,0.198346752
1560214899089,23.523,122.4,0.00422,0.384,0.198346752
1560214899136,23.57,122.4,0.00422,0.384,0.198346752
1560214899182,23.616,122.4,0.00422,0.384,0.198346752
1560214899243,23.677,122.4,0.00419,0.384,0.196936704
1560214899289,23.723,122.4,0.00419,0.384,0.196936704
1560214899336,23.77,122.4,0.00419,0.384,0.196936704
1560214899382,23.816,122.4,0.00419,0.384,0.196936704
1560214899443,23.877,122.4,0.00415,0.383,0.19454868
1560214899489,23.923,122.4,0.00415,0.383,0.19454868
1560214899535,23.969,122.4,0.00415,0.383,0.19454868
1560214899581,24.015,122.4,0.00415,0.383,0.19454868
1560214899642,24.076,122.4,0.00421,0.384,0.197876736
1560214899688,24.122,122.4,0.00421,0.384,0.197876736
1560214899734,24.168,122.4,0.00421,0.384,0.197876736
1560214899780,24.214,122.4,0.00421,0.384,0.197876736
1560214899843,24.277,122.4,0.00418,0.385,0.19697832
1560214899888,24.323,122.4,0.00418,0.385,0.19697832
1560214899935,24.369,122.4,0.00418,0.385,0.19697832
1560214899981,24.415,122.4,0.00418,0.385,0.19697832
1560214900043,24.477,122.4,0.00423,0.384,0.198816768
1560214900089,24.523,122.4,0.00423,0.384,0.198816768
1560214900135,24.569,122.4,0.00423,0.384,0.198816768
1560214900181,24.615,122.4,0.00423,0.384,0.198816768
1560214900243,24.677,122.5,0.0042,0.378,0.194481
1560214900289,24.723,122.5,0.0042,0.378,0.194481
1560214900335,24.769,122.5,0.0042,0.378,0.194481
1560214900381,24.815,122.5,0.0042,0.378,0.194481
1560214900443,24.877,122.4,0.00417,0.387,0.197527896
1560214900489,24.923,122.4,0.00417,0.387,0.197527896
1560214900536,24.97,122.4,0.00417,0.387,0.197527896
1560214900582,25.016,122.4,0.00417,0.387,0.197527896
1560214900643,25.077,122.4,0.00414,0.384,0.194586624
1560214900689,25.123,122.4,0.00414,0.384,0.194586624
1560214900735,25.169,122.4,0.00414,0.384,0.194586624
1560214900781,25.215,122.4,0.00414,0.384,0.194586624
1560214900843,25.277,122.4,0.00419,0.383,0.196423848
1560214900890,25.324,122.4,0.00419,0.383,0.196423848
1560214900936,25.37,122.4,0.00419,0.383,0.196423848
1560214900982,25.416,122.4,0.00419,0.383,0.196423848
1560214901043,25.477,122.4,0.00421,0.383,0.197361432
1560214901089,25.523,122.4,0.00421,0.383,0.197361432
1560214901136,25.57,122.4,0.00421,0.383,0.197361432
1560214901182,25.616,122.4,0.00421,0.383,0.197361432
1560214901243,25.677,122.4,0.00419,0.386,0.197962416
1560214901289,25.723,122.4,0.00419,0.386,0.197962416
1560214901335,25.769,122.4,0.00419,0.386,0.197962416
1560214901382,25.816,122.4,0.00419,0.386,0.197962416
1560214901443,25.877,122.4,0.0042,0.383,0.19689264
1560214901489,25.923,122.4,0.0042,0.383,0.19689264
1560214901535,25.969,122.4,0.0042,0.383,0.19689264
1560214901581,26.015,122.4,0.0042,0.383,0.19689264
1560214901643,26.077,122.4,0.00419,0.384,0.196936704
1560214901689,26.123,122.4,0.00419,0.384,0.196936704
1560214901735,26.169,122.4,0.00419,0.384,0.196936704
1560214901782,26.216,122.4,0.00419,0.384,0.196936704
1560214901843,26.277,122.4,0.00422,0.384,0.198346752
1560214901889,26.323,122.4,0.00422,0.384,0.198346752
1560214901935,26.369,122.4,0.00422,0.384,0.198346752
1560214901980,26.414,122.4,0.00422,0.384,0.198346752
1560214902042,26.476,122.4,0.00415,0.388,0.19708848
1560214902088,26.522,122.4,0.00415,0.388,0.19708848
1560214902135,26.569,122.4,0.00415,0.388,0.19708848
1560214902181,26.615,122.4,0.00415,0.388,0.19708848
1560214902243,26.677,122.4,0.00416,0.385,0.19603584
1560214902289,26.723,122.4,0.00416,0.385,0.19603584
1560214902335,26.769,122.4,0.00416,0.385,0.19603584
1560214902381,26.815,122.4,0.00416,0.385,0.19603584
1560214902442,26.876,122.4,0.00414,0.389,0.197120304
1560214902489,26.923,122.4,0.00414,0.389,0.197120304
1560214902535,26.969,122.4,0.00414,0.389,0.197120304
1560214902581,27.015,122.4,0.00414,0.389,0.197120304
1560214902643,27.077,122.4,0.0042,0.387,0.19894896
1560214902690,27.124,122.4,0.0042,0.387,0.19894896
1560214902736,27.17,122.4,0.0042,0.387,0.19894896
1560214902782,27.216,122.4,0.0042,0.387,0.19894896
1560214902843,27.277,122.5,0.00418,0.388,0.1986754
1560214902889,27.323,122.5,0.00418,0.388,0.1986754
1560214902935,27.369,122.5,0.00418,0.388,0.1986754
1560214902980,27.414,122.5,0.00418,0.388,0.1986754
1560214903042,27.476,122.5,0.00418,0.387,0.19816335
1560214903088,27.522,122.5,0.00418,0.387,0.19816335
1560214903135,27.569,122.5,0.00418,0.387,0.19816335
1560214903181,27.615,122.5,0.00418,0.387,0.19816335
1560214903243,27.677,122.5,0.00419,0.385,0.197610875
1560214903289,27.723,122.5,0.00419,0.385,0.197610875
1560214903336,27.77,122.5,0.00419,0.385,0.197610875
1560214903382,27.816,122.5,0.00419,0.385,0.197610875
1560214903442,27.876,122.5,0.00416,0.385,0.196196
1560214903488,27.922,122.5,0.00416,0.385,0.196196
1560214903534,27.968,122.5,0.00416,0.385,0.196196
1560214903580,28.014,122.5,0.00416,0.385,0.196196
1560214903643,28.077,122.5,0.00421,0.384,0.1980384
1560214903689,28.123,122.5,0.00421,0.384,0.1980384
1560214903735,28.169,122.5,0.00421,0.384,0.1980384
1560214903780,28.214,122.5,0.00421,0.384,0.1980384
1560214903843,28.277,122.5,0.00418,0.385,0.19713925
1560214903889,28.323,122.5,0.00418,0.385,0.19713925
1560214903935,28.369,122.5,0.00418,0.385,0.19713925
1560214903981,28.415,122.5,0.00418,0.385,0.19713925
1560214904042,28.476,122.5,0.00421,0.384,0.1980384
1560214904088,28.522,122.5,0.00421,0.384,0.1980384
1560214904134,28.568,122.5,0.00421,0.384,0.1980384
1560214904180,28.614,122.5,0.00421,0.384,0.1980384
1560214904243,28.677,122.5,0.00416,0.385,0.196196
1560214904289,28.723,122.5,0.00416,0.385,0.196196
1560214904335,28.769,122.5,0.00416,0.385,0.196196
1560214904381,28.815,122.5,0.00416,0.385,0.196196
1560214904442,28.876,122.5,0.00416,0.385,0.196196
1560214904488,28.922,122.5,0.00416,0.385,0.196196
1560214904534,28.968,122.5,0.00416,0.385,0.196196
1560214904580,29.014,122.5,0.00416,0.385,0.196196
1560214904643,29.077,122.4,0.00425,0.38,0.197676
1560214904689,29.123,122.4,0.00425,0.38,0.197676
1560214904735,29.169,122.4,0.00425,0.38,0.197676
1560214904782,29.216,122.4,0.00425,0.38,0.197676
1560214904843,29.277,122.4,0.00422,0.383,0.197830224
1560214904889,29.323,122.4,0.00422,0.383,0.197830224
1560214904935,29.369,122.4,0.00422,0.383,0.197830224
1560214904981,29.415,122.4,0.00422,0.383,0.197830224
1560214905043,29.477,122.5,0.00422,0.38,0.196441
1560214905089,29.523,122.5,0.00422,0.38,0.196441
1560214905136,29.57,122.5,0.00422,0.38,0.196441
1560214905182,29.617,122.5,0.00422,0.38,0.196441
1560214905242,29.676,122.4,0.00418,0.385,0.19697832
1560214905289,29.723,122.4,0.00418,0.385,0.19697832
1560214905335,29.769,122.4,0.00418,0.385,0.19697832
1560214905381,29.815,122.4,0.00418,0.385,0.19697832
1560214905442,29.876,122.4,0.0042,0.383,0.19689264
1560214905488,29.922,122.4,0.0042,0.383,0.19689264
1560214905534,29.968,122.4,0.0042,0.383,0.19689264
1560214905580,30.014,122.4,0.0042,0.383,0.19689264
1560214905642,30.077,122.4,0.00422,0.38,0.19628064
1560214905689,30.123,122.4,0.00422,0.38,0.19628064
1560214905735,30.169,122.4,0.00422,0.38,0.19628064
1560214905781,30.215,122.4,0.00422,0.38,0.19628064
1560214905842,30.276,122.4,0.0042,0.386,0.19843488
1560214905888,30.322,122.4,0.0042,0.386,0.19843488
1560214905935,30.369,122.4,0.0042,0.386,0.19843488
1560214905981,30.415,122.4,0.0042,0.386,0.19843488
1560214906042,30.476,122.4,0.0042,0.383,0.19689264
1560214906088,30.522,122.4,0.0042,0.383,0.19689264
1560214906134,30.568,122.4,0.0042,0.383,0.19689264
1560214906180,30.614,122.4,0.0042,0.383,0.19689264
1560214906242,30.676,122.4,0.00419,0.383,0.196423848
1560214906288,30.723,122.4,0.00419,0.383,0.196423848
1560214906335,30.769,122.4,0.00419,0.383,0.196423848
1560214906381,30.815,122.4,0.00419,0.383,0.196423848
1560214906442,30.876,122.4,0.00415,0.383,0.19454868
1560214906488,30.922,122.4,0.00415,0.383,0.19454868
1560214906534,30.968,122.4,0.00415,0.383,0.19454868
1560214906580,31.014,122.4,0.00415,0.383,0.19454868
1560214906643,31.077,122.4,0.00418,0.385,0.19697832
1560214906689,31.123,122.4,0.00418,0.385,0.19697832
1560214906735,31.169,122.4,0.00418,0.385,0.19697832
1560214906781,31.215,122.4,0.00418,0.385,0.19697832
1560214906842,31.277,122.4,0.00422,0.384,0.198346752
1560214906889,31.323,122.4,0.00422,0.384,0.198346752
1560214906935,31.369,122.4,0.00422,0.384,0.198346752
1560214906981,31.415,122.4,0.00422,0.384,0.198346752
1560214907042,31.476,122.4,0.00423,0.38,0.19674576
1560214907088,31.522,122.4,0.00423,0.38,0.19674576
1560214907134,31.568,122.4,0.00423,0.38,0.19674576
1560214907180,31.615,122.4,0.00423,0.38,0.19674576
1560214907242,31.676,122.4,0.00415,0.39,0.1981044
1560214907288,31.722,122.4,0.00415,0.39,0.1981044
1560214907334,31.768,122.4,0.00415,0.39,0.1981044
1560214907380,31.814,122.4,0.00415,0.39,0.1981044
1560214907443,31.877,122.4,0.00414,0.387,0.196106832
1560214907489,31.923,122.4,0.00414,0.387,0.196106832
1560214907533,31.968,122.4,0.00414,0.387,0.196106832
1560214907579,32.014,122.4,0.00414,0.387,0.196106832
1560214907642,32.076,122.4,0.00416,0.387,0.197054208
1560214907688,32.122,122.4,0.00416,0.387,0.197054208
1560214907734,32.168,122.4,0.00416,0.387,0.197054208
1560214907780,32.214,122.4,0.00416,0.387,0.197054208
1560214907842,32.276,122.4,0.0042,0.384,0.19740672
1560214907888,32.322,122.4,0.0042,0.384,0.19740672
1560214907934,32.368,122.4,0.0042,0.384,0.19740672
1560214907980,32.414,122.4,0.0042,0.384,0.19740672
1560214908042,32.476,122.5,0.00419,0.385,0.197610875
1560214908088,32.522,122.5,0.00419,0.385,0.197610875
1560214908134,32.568,122.5,0.00419,0.385,0.197610875
1560214908181,32.615,122.5,0.00419,0.385,0.197610875
1560214908242,32.676,122.5,0.00419,0.38,0.1950445
1560214908287,32.721,122.5,0.00419,0.38,0.1950445
1560214908334,32.768,122.5,0.00419,0.38,0.1950445
1560214908380,32.814,122.5,0.00419,0.38,0.1950445
1560214908442,32.876,122.4,0.00419,0.384,0.196936704
1560214908488,32.922,122.4,0.00419,0.384,0.196936704
1560214908534,32.968,122.4,0.00419,0.384,0.196936704
1560214908580,33.015,122.4,0.00419,0.384,0.196936704
1560214908642,33.076,122.4,0.00422,0.38,0.19628064
1560214908688,33.122,122.4,0.00422,0.38,0.19628064
1560214908734,33.168,122.4,0.00422,0.38,0.19628064
1560214908780,33.214,122.4,0.00422,0.38,0.19628064
1560214908842,33.276,122.4,0.00426,0.381,0.198662544
1560214908888,33.322,122.4,0.00426,0.381,0.198662544
1560214908934,33.368,122.4,0.00426,0.381,0.198662544
1560214908981,33.415,122.4,0.00426,0.381,0.198662544
1560214909042,33.476,122.4,0.00419,0.38,0.19488528
1560214909087,33.521,122.4,0.00419,0.38,0.19488528
1560214909134,33.568,122.4,0.00419,0.38,0.19488528
1560214909180,33.614,122.4,0.00419,0.38,0.19488528
1560214909242,33.676,122.4,0.00422,0.38,0.19628064
1560214909288,33.722,122.4,0.00422,0.38,0.19628064
1560214909335,33.769,122.4,0.00422,0.38,0.19628064
1560214909381,33.815,122.4,0.00422,0.38,0.19628064
1560214909442,33.876,122.4,0.0042,0.382,0.19637856
1560214909488,33.922,122.4,0.0042,0.382,0.19637856
1560214909534,33.968,122.4,0.0042,0.382,0.19637856
1560214909580,34.015,122.4,0.0042,0.382,0.19637856
1560214909642,34.076,122.4,0.00423,0.382,0.197781264
1560214909687,34.121,122.4,0.00423,0.382,0.197781264
1560214909734,34.168,122.4,0.00423,0.382,0.197781264
1560214909780,34.214,122.4,0.00423,0.382,0.197781264
1560214909842,34.276,122.4,0.00419,0.385,0.19744956
1560214909888,34.322,122.4,0.00419,0.385,0.19744956
1560214909934,34.368,122.4,0.00419,0.385,0.19744956
1560214909980,34.414,122.4,0.00419,0.385,0.19744956
1560214910041,34.476,122.4,0.00424,0.381,0.197729856
1560214910087,34.521,122.4,0.00424,0.381,0.197729856
1560214910134,34.568,122.4,0.00424,0.381,0.197729856
1560214910180,34.614,122.4,0.00424,0.381,0.197729856
1560214910242,34.676,122.4,0.00423,0.382,0.197781264
1560214910289,34.723,122.4,0.00423,0.382,0.197781264
1560214910335,34.769,122.4,0.00423,0.382,0.197781264
1560214910381,34.815,122.4,0.00423,0.382,0.197781264
1560214910442,34.876,122.4,0.00419,0.379,0.194372424
1560214910488,34.922,122.4,0.00419,0.379,0.194372424
1560214910535,34.969,122.4,0.00419,0.379,0.194372424
1560214910581,35.015,122.4,0.00419,0.379,0.194372424
1560214910642,35.076,122.4,0.00423,0.38,0.19674576
1560214910688,35.122,122.4,0.00423,0.38,0.19674576
1560214910735,35.169,122.4,0.00423,0.38,0.19674576
1560214910781,35.215,122.4,0.00423,0.38,0.19674576
1560214910842,35.276,122.4,0.00423,0.38,0.19674576
1560214910888,35.322,122.4,0.00423,0.38,0.19674576
1560214910934,35.368,122.4,0.00423,0.38,0.19674576
1560214910980,35.414,122.4,0.00423,0.38,0.19674576
1560214911042,35.476,122.4,0.0043,0.384,0.20210688
1560214911087,35.521,122.4,0.0043,0.384,0.20210688
1560214911134,35.568,122.4,0.0043,0.384,0.20210688
1560214911180,35.614,122.4,0.0043,0.384,0.20210688
1560214911242,35.676,122.4,0.00424,0.381,0.197729856
1560214911289,35.723,122.4,0.00424,0.381,0.197729856
1560214911335,35.769,122.4,0.00424,0.381,0.197729856
1560214911381,35.815,122.4,0.00424,0.381,0.197729856
1560214911442,35.876,122.4,0.00422,0.382,0.197313696
1560214911488,35.922,122.4,0.00422,0.382,0.197313696
1560214911534,35.968,122.4,0.00422,0.382,0.197313696
1560214911580,36.014,122.4,0.00422,0.382,0.197313696
1560214911641,36.075,122.4,0.0042,0.38,0.1953504
1560214911687,36.121,122.4,0.0042,0.38,0.1953504
1560214911732,36.166,122.4,0.0042,0.38,0.1953504
1560214911778,36.212,122.4,0.0042,0.38,0.1953504
1560214911842,36.276,122.4,0.00424,0.381,0.197729856
1560214911888,36.322,122.4,0.00424,0.381,0.197729856
1560214911934,36.368,122.4,0.00424,0.381,0.197729856
1560214911979,36.413,122.4,0.00424,0.381,0.197729856
1560214912042,36.476,122.4,0.00425,0.384,0.1997568
1560214912088,36.522,122.4,0.00425,0.384,0.1997568
1560214912134,36.568,122.4,0.00425,0.384,0.1997568
1560214912181,36.615,122.4,0.00425,0.384,0.1997568
1560214912242,36.676,122.5,0.00421,0.384,0.1980384
1560214912288,36.722,122.5,0.00421,0.384,0.1980384
1560214912334,36.768,122.5,0.00421,0.384,0.1980384
1560214912380,36.814,122.5,0.00421,0.384,0.1980384
1560214912441,36.875,122.5,0.00422,0.382,0.1974749
1560214912487,36.921,122.5,0.00422,0.382,0.1974749
1560214912533,36.967,122.5,0.00422,0.382,0.1974749
1560214912579,37.013,122.5,0.00422,0.382,0.1974749
1560214912641,37.075,122.5,0.00424,0.38,0.197372
1560214912688,37.122,122.5,0.00424,0.38,0.197372
1560214912734,37.168,122.5,0.00424,0.38,0.197372
1560214912780,37.214,122.5,0.00424,0.38,0.197372
1560214912841,37.275,122.4,0.00421,0.382,0.196846128
1560214912887,37.321,122.4,0.00421,0.382,0.196846128
1560214912933,37.367,122.4,0.00421,0.382,0.196846128
1560214912979,37.413,122.4,0.00421,0.382,0.196846128
1560214913041,37.476,122.5,0.00423,0.383,0.198461025
1560214913087,37.521,122.5,0.00423,0.383,0.198461025
1560214913134,37.568,122.5,0.00423,0.383,0.198461025
1560214913180,37.614,122.5,0.00423,0.383,0.198461025
1560214913242,37.676,122.5,0.00421,0.381,0.196491225
1560214913288,37.722,122.5,0.00421,0.381,0.196491225
1560214913334,37.768,122.5,0.00421,0.381,0.196491225
1560214913381,37.815,122.5,0.00421,0.381,0.196491225
1560214913441,37.876,122.5,0.00416,0.381,0.1941576
1560214913488,37.922,122.5,0.00416,0.381,0.1941576
1560214913534,37.968,122.5,0.00416,0.381,0.1941576
1560214913580,38.014,122.5,0.00416,0.381,0.1941576
1560214913641,38.075,122.4,0.00416,0.388,0.197563392
1560214913687,38.121,122.4,0.00416,0.388,0.197563392
1560214913733,38.167,122.4,0.00416,0.388,0.197563392
1560214913778,38.213,122.4,0.00416,0.388,0.197563392
1560214913842,38.276,122.4,0.0042,0.383,0.19689264
1560214913888,38.322,122.4,0.0042,0.383,0.19689264
1560214913934,38.368,122.4,0.0042,0.383,0.19689264
1560214913981,38.415,122.4,0.0042,0.383,0.19689264
1560214914042,38.476,122.4,0.00421,0.386,0.198907344
1560214914087,38.521,122.4,0.00421,0.386,0.198907344
1560214914134,38.568,122.4,0.00421,0.386,0.198907344
1560214914180,38.614,122.4,0.00421,0.386,0.198907344
1560214914241,38.675,122.5,0.0042,0.385,0.1980825
1560214914287,38.721,122.5,0.0042,0.385,0.1980825
1560214914333,38.767,122.5,0.0042,0.385,0.1980825
1560214914379,38.813,122.5,0.0042,0.385,0.1980825
1560214914442,38.876,122.5,0.00418,0.387,0.19816335
1560214914488,38.922,122.5,0.00418,0.387,0.19816335
1560214914534,38.968,122.5,0.00418,0.387,0.19816335
1560214914580,39.014,122.5,0.00418,0.387,0.19816335
1560214914641,39.075,122.4,0.00412,0.384,0.193646592
1560214914687,39.121,122.4,0.00412,0.384,0.193646592
1560214914733,39.167,122.4,0.00412,0.384,0.193646592
1560214914779,39.213,122.4,0.00412,0.384,0.193646592
1560214914842,39.276,122.4,0.00421,0.386,0.198907344
1560214914888,39.322,122.4,0.00421,0.386,0.198907344
1560214914934,39.368,122.4,0.00421,0.386,0.198907344
1560214914980,39.414,122.4,0.00421,0.386,0.198907344
1560214915041,39.475,122.4,0.00424,0.381,0.197729856
1560214915087,39.521,122.4,0.00424,0.381,0.197729856
1560214915133,39.567,122.4,0.00424,0.381,0.197729856
1560214915179,39.613,122.4,0.00424,0.381,0.197729856
1560214915242,39.677,122.4,0.0042,0.383,0.19689264
1560214915289,39.723,122.4,0.0042,0.383,0.19689264
1560214915335,39.769,122.4,0.0042,0.383,0.19689264
1560214915381,39.815,122.4,0.0042,0.383,0.19689264
1560214915441,39.875,122.4,0.00415,0.384,0.19505664
1560214915487,39.921,122.4,0.00415,0.384,0.19505664
1560214915533,39.967,122.4,0.00415,0.384,0.19505664
1560214915579,40.013,122.4,0.00415,0.384,0.19505664
1560214915641,40.075,122.4,0.00417,0.388,0.198038304
1560214915686,40.12,122.4,0.00417,0.388,0.198038304
1560214915732,40.166,122.4,0.00417,0.388,0.198038304
1560214915778,40.212,122.4,0.00417,0.388,0.198038304
1560214915842,40.276,122.4,0.0042,0.383,0.19689264
1560214915888,40.322,122.4,0.0042,0.383,0.19689264
