# Mon Jun 10 17:58:10 2019
abstime,time_stamp,volt,curr,pf,mul
1560214690718,0.079,122.3,0.00425,0.376,0.1954354
1560214690765,0.126,122.3,0.00425,0.376,0.1954354
1560214690811,0.172,122.3,0.00425,0.376,0.1954354
1560214690865,0.226,122.3,0.00428,0.376,0.196814944
1560214690910,0.271,122.3,0.00428,0.376,0.196814944
1560214690956,0.317,122.3,0.00428,0.376,0.196814944
1560214691001,0.362,122.3,0.00428,0.376,0.196814944
1560214691064,0.425,122.3,0.00426,0.379,0.197458242
1560214691110,0.471,122.3,0.00426,0.379,0.197458242
1560214691156,0.517,122.3,0.00426,0.379,0.197458242
1560214691202,0.563,122.3,0.00426,0.379,0.197458242
1560214691265,0.626,122.3,0.00422,0.38,0.19612028
1560214691311,0.672,122.3,0.00422,0.38,0.19612028
1560214691357,0.718,122.3,0.00422,0.38,0.19612028
1560214691403,0.764,122.3,0.00422,0.38,0.19612028
1560214691464,0.825,122.3,0.00423,0.38,0.19658502
1560214691510,0.871,122.3,0.00423,0.38,0.19658502
1560214691556,0.917,122.3,0.00423,0.38,0.19658502
1560214691602,0.964,122.3,0.00423,0.38,0.19658502
1560214691665,1.026,122.4,0.00426,0.379,0.197619696
1560214691711,1.072,122.4,0.00426,0.379,0.197619696
1560214691757,1.118,122.4,0.00426,0.379,0.197619696
1560214691803,1.164,122.4,0.00426,0.379,0.197619696
1560214691864,1.225,122.4,0.00423,0.381,0.197263512
1560214691910,1.271,122.4,0.00423,0.381,0.197263512
1560214691956,1.317,122.4,0.00423,0.381,0.197263512
1560214692002,1.363,122.4,0.00423,0.381,0.197263512
1560214692065,1.426,122.4,0.00426,0.38,0.19814112
1560214692111,1.472,122.4,0.00426,0.38,0.19814112
1560214692157,1.518,122.4,0.00426,0.38,0.19814112
1560214692204,1.565,122.4,0.00426,0.38,0.19814112
1560214692265,1.626,122.3,0.00424,0.375,0.194457
1560214692311,1.672,122.3,0.00424,0.375,0.194457
1560214692357,1.718,122.3,0.00424,0.375,0.194457
1560214692403,1.764,122.3,0.00424,0.375,0.194457
1560214692464,1.825,122.3,0.00426,0.381,0.198500238
1560214692510,1.871,122.3,0.00426,0.381,0.198500238
1560214692556,1.917,122.3,0.00426,0.381,0.198500238
1560214692602,1.963,122.3,0.00426,0.381,0.198500238
1560214692665,2.026,122.4,0.00426,0.378,0.197098272
1560214692711,2.072,122.4,0.00426,0.378,0.197098272
1560214692757,2.118,122.4,0.00426,0.378,0.197098272
1560214692803,2.164,122.4,0.00426,0.378,0.197098272
1560214692864,2.225,122.4,0.00423,0.378,0.195710256
1560214692910,2.271,122.4,0.00423,0.378,0.195710256
1560214692956,2.317,122.4,0.00423,0.378,0.195710256
1560214693002,2.363,122.4,0.00423,0.378,0.195710256
1560214693065,2.426,122.3,0.00424,0.38,0.19704976
1560214693111,2.472,122.3,0.00424,0.38,0.19704976
1560214693157,2.518,122.3,0.00424,0.38,0.19704976
1560214693203,2.564,122.3,0.00424,0.38,0.19704976
1560214693265,2.626,122.3,0.00422,0.38,0.19612028
1560214693311,2.672,122.3,0.00422,0.38,0.19612028
1560214693357,2.718,122.3,0.00422,0.38,0.19612028
1560214693403,2.764,122.3,0.00422,0.38,0.19612028
1560214693465,2.826,122.3,0.00423,0.384,0.198654336
1560214693511,2.872,122.3,0.00423,0.384,0.198654336
1560214693557,2.918,122.3,0.00423,0.384,0.198654336
1560214693603,2.964,122.3,0.00423,0.384,0.198654336
1560214693664,3.025,122.3,0.00424,0.379,0.196531208
1560214693710,3.071,122.3,0.00424,0.379,0.196531208
1560214693756,3.117,122.3,0.00424,0.379,0.196531208
1560214693802,3.163,122.3,0.00424,0.379,0.196531208
1560214693865,3.226,122.3,0.00425,0.38,0.1975145
1560214693911,3.272,122.3,0.00425,0.38,0.1975145
1560214693957,3.318,122.3,0.00425,0.38,0.1975145
1560214694003,3.364,122.3,0.00425,0.38,0.1975145
1560214694064,3.425,122.3,0.00428,0.376,0.196814944
1560214694110,3.471,122.3,0.00428,0.376,0.196814944
1560214694157,3.518,122.3,0.00428,0.376,0.196814944
1560214694203,3.564,122.3,0.00428,0.376,0.196814944
1560214694264,3.625,122.3,0.00429,0.375,0.196750125
1560214694310,3.671,122.3,0.00429,0.375,0.196750125
1560214694356,3.717,122.3,0.00429,0.375,0.196750125
1560214694402,3.763,122.3,0.00429,0.375,0.196750125
1560214694464,3.825,122.3,0.00431,0.374,0.197140262
1560214694511,3.872,122.3,0.00431,0.374,0.197140262
1560214694557,3.918,122.3,0.00431,0.374,0.197140262
1560214694603,3.964,122.3,0.00431,0.374,0.197140262
1560214694665,4.026,122.4,0.00429,0.377,0.197961192
1560214694711,4.072,122.4,0.00429,0.377,0.197961192
1560214694757,4.118,122.4,0.00429,0.377,0.197961192
1560214694803,4.164,122.4,0.00429,0.377,0.197961192
1560214694864,4.225,122.4,0.00427,0.376,0.196515648
1560214694909,4.27,122.4,0.00427,0.376,0.196515648
1560214694955,4.316,122.4,0.00427,0.376,0.196515648
1560214695002,4.364,122.4,0.00427,0.376,0.196515648
1560214695065,4.426,122.4,0.00425,0.376,0.1955952
1560214695111,4.472,122.4,0.00425,0.376,0.1955952
1560214695157,4.518,122.4,0.00425,0.376,0.1955952
1560214695203,4.564,122.4,0.00425,0.376,0.1955952
1560214695264,4.625,122.4,0.00429,0.374,0.196385904
1560214695310,4.671,122.4,0.00429,0.374,0.196385904
1560214695356,4.717,122.4,0.00429,0.374,0.196385904
1560214695402,4.763,122.4,0.00429,0.374,0.196385904
1560214695464,4.825,122.4,0.0043,0.379,0.19947528
1560214695511,4.872,122.4,0.0043,0.379,0.19947528
1560214695557,4.918,122.4,0.0043,0.379,0.19947528
1560214695603,4.964,122.4,0.0043,0.379,0.19947528
1560214695664,5.025,122.4,0.00426,0.377,0.196576848
1560214695710,5.071,122.4,0.00426,0.377,0.196576848
1560214695756,5.117,122.4,0.00426,0.377,0.196576848
1560214695802,5.163,122.4,0.00426,0.377,0.196576848
1560214695864,5.225,122.4,0.00426,0.38,0.19814112
1560214695910,5.271,122.4,0.00426,0.38,0.19814112
1560214695956,5.317,122.4,0.00426,0.38,0.19814112
1560214696002,5.363,122.4,0.00426,0.38,0.19814112
1560214696064,5.425,122.4,0.00426,0.378,0.197098272
1560214696110,5.471,122.4,0.00426,0.378,0.197098272
1560214696156,5.517,122.4,0.00426,0.378,0.197098272
1560214696202,5.563,122.4,0.00426,0.378,0.197098272
1560214696265,5.626,122.3,0.00424,0.378,0.196012656
1560214696311,5.672,122.3,0.00424,0.378,0.196012656
1560214696357,5.718,122.3,0.00424,0.378,0.196012656
1560214696403,5.764,122.3,0.00424,0.378,0.196012656
1560214696464,5.825,122.3,0.0043,0.375,0.19720875
1560214696510,5.871,122.3,0.0043,0.375,0.19720875
1560214696556,5.917,122.3,0.0043,0.375,0.19720875
1560214696602,5.963,122.3,0.0043,0.375,0.19720875
1560214696664,6.025,122.3,0.00427,0.375,0.195832875
1560214696710,6.071,122.3,0.00427,0.375,0.195832875
1560214696756,6.117,122.3,0.00427,0.375,0.195832875
1560214696802,6.163,122.3,0.00427,0.375,0.195832875
1560214696864,6.225,122.3,0.00426,0.378,0.196937244
1560214696911,6.272,122.3,0.00426,0.378,0.196937244
1560214696957,6.318,122.3,0.00426,0.378,0.196937244
1560214697003,6.364,122.3,0.00426,0.378,0.196937244
1560214697064,6.425,122.3,0.00421,0.379,0.195140657
1560214697110,6.471,122.3,0.00421,0.379,0.195140657
1560214697157,6.518,122.3,0.00421,0.379,0.195140657
1560214697203,6.564,122.3,0.00421,0.379,0.195140657
1560214697265,6.626,122.3,0.00427,0.379,0.197921759
1560214697311,6.672,122.3,0.00427,0.379,0.197921759
1560214697358,6.719,122.3,0.00427,0.379,0.197921759
1560214697404,6.765,122.3,0.00427,0.379,0.197921759
1560214697465,6.826,122.4,0.00424,0.378,0.196172928
1560214697511,6.872,122.4,0.00424,0.378,0.196172928
1560214697557,6.918,122.4,0.00424,0.378,0.196172928
1560214697603,6.964,122.4,0.00424,0.378,0.196172928
1560214697664,7.025,122.4,0.00422,0.381,0.196797168
1560214697710,7.071,122.4,0.00422,0.381,0.196797168
1560214697756,7.117,122.4,0.00422,0.381,0.196797168
1560214697802,7.163,122.4,0.00422,0.381,0.196797168
1560214697864,7.225,122.4,0.00428,0.379,0.198547488
1560214697911,7.272,122.4,0.00428,0.379,0.198547488
1560214697956,7.318,122.4,0.00428,0.379,0.198547488
1560214698003,7.364,122.4,0.00428,0.379,0.198547488
1560214698064,7.425,122.4,0.00423,0.379,0.196228008
1560214698110,7.471,122.4,0.00423,0.379,0.196228008
1560214698156,7.517,122.4,0.00423,0.379,0.196228008
1560214698203,7.564,122.4,0.00423,0.379,0.196228008
1560214698264,7.625,122.3,0.00427,0.376,0.196355096
1560214698309,7.671,122.3,0.00427,0.376,0.196355096
1560214698356,7.717,122.3,0.00427,0.376,0.196355096
1560214698402,7.763,122.3,0.00427,0.376,0.196355096
1560214698464,7.825,122.4,0.0043,0.374,0.19684368
1560214698510,7.871,122.4,0.0043,0.374,0.19684368
1560214698556,7.917,122.4,0.0043,0.374,0.19684368
1560214698602,7.964,122.4,0.0043,0.374,0.19684368
1560214698664,8.025,122.4,0.0043,0.381,0.20052792
1560214698710,8.071,122.4,0.0043,0.381,0.20052792
1560214698756,8.117,122.4,0.0043,0.381,0.20052792
1560214698802,8.163,122.4,0.0043,0.381,0.20052792
1560214698863,8.224,122.4,0.00424,0.376,0.195134976
1560214698909,8.27,122.4,0.00424,0.376,0.195134976
1560214698955,8.316,122.4,0.00424,0.376,0.195134976
1560214699001,8.363,122.4,0.00424,0.376,0.195134976
1560214699064,8.425,122.4,0.00424,0.379,0.196691904
1560214699110,8.471,122.4,0.00424,0.379,0.196691904
1560214699156,8.517,122.4,0.00424,0.379,0.196691904
1560214699203,8.564,122.4,0.00424,0.379,0.196691904
1560214699264,8.625,122.4,0.00421,0.38,0.19581552
1560214699310,8.671,122.4,0.00421,0.38,0.19581552
1560214699356,8.717,122.4,0.00421,0.38,0.19581552
1560214699402,8.763,122.4,0.00421,0.38,0.19581552
1560214699463,8.824,122.3,0.00425,0.377,0.195955175
1560214699509,8.87,122.3,0.00425,0.377,0.195955175
1560214699555,8.917,122.3,0.00425,0.377,0.195955175
1560214699602,8.963,122.3,0.00425,0.377,0.195955175
1560214699664,9.025,122.4,0.00427,0.379,0.198083592
1560214699710,9.071,122.4,0.00427,0.379,0.198083592
1560214699757,9.118,122.4,0.00427,0.379,0.198083592
1560214699803,9.164,122.4,0.00427,0.379,0.198083592
1560214699864,9.225,122.4,0.00424,0.379,0.196691904
1560214699910,9.271,122.4,0.00424,0.379,0.196691904
1560214699956,9.317,122.4,0.00424,0.379,0.196691904
1560214700002,9.363,122.4,0.00424,0.379,0.196691904
1560214700063,9.424,122.4,0.00424,0.377,0.195653952
1560214700109,9.47,122.4,0.00424,0.377,0.195653952
1560214700155,9.516,122.4,0.00424,0.377,0.195653952
1560214700201,9.562,122.4,0.00424,0.377,0.195653952
1560214700264,9.625,122.4,0.00427,0.375,0.195993
1560214700310,9.671,122.4,0.00427,0.375,0.195993
1560214700356,9.717,122.4,0.00427,0.375,0.195993
1560214700402,9.763,122.4,0.00427,0.375,0.195993
1560214700463,9.824,122.3,0.00429,0.377,0.197799459
1560214700510,9.871,122.3,0.00429,0.377,0.197799459
1560214700556,9.917,122.3,0.00429,0.377,0.197799459
1560214700602,9.963,122.3,0.00429,0.377,0.197799459
1560214700663,10.024,122.3,0.00427,0.377,0.196877317
1560214700709,10.07,122.3,0.00427,0.377,0.196877317
1560214700755,10.116,122.3,0.00427,0.377,0.196877317
1560214700801,10.162,122.3,0.00427,0.377,0.196877317
1560214700864,10.225,122.4,0.00426,0.38,0.19814112
1560214700910,10.271,122.4,0.00426,0.38,0.19814112
1560214700956,10.317,122.4,0.00426,0.38,0.19814112
1560214701002,10.363,122.4,0.00426,0.38,0.19814112
1560214701063,10.424,122.4,0.00425,0.376,0.1955952
1560214701109,10.47,122.4,0.00425,0.376,0.1955952
1560214701155,10.517,122.4,0.00425,0.376,0.1955952
1560214701201,10.563,122.4,0.00425,0.376,0.1955952
1560214701264,10.625,122.3,0.00426,0.378,0.196937244
1560214701310,10.671,122.3,0.00426,0.378,0.196937244
1560214701356,10.717,122.3,0.00426,0.378,0.196937244
1560214701402,10.763,122.3,0.00426,0.378,0.196937244
1560214701464,10.825,122.3,0.00432,0.373,0.197069328
1560214701510,10.871,122.3,0.00432,0.373,0.197069328
1560214701556,10.917,122.3,0.00432,0.373,0.197069328
1560214701602,10.963,122.3,0.00432,0.373,0.197069328
1560214701663,11.024,122.4,0.00429,0.376,0.197436096
1560214701709,11.07,122.4,0.00429,0.376,0.197436096
1560214701756,11.117,122.4,0.00429,0.376,0.197436096
1560214701801,11.162,122.4,0.00429,0.376,0.197436096
1560214701863,11.224,122.4,0.0043,0.374,0.19684368
1560214701910,11.271,122.4,0.0043,0.374,0.19684368
1560214701956,11.317,122.4,0.0043,0.374,0.19684368
1560214702002,11.363,122.4,0.0043,0.374,0.19684368
1560214702063,11.424,122.4,0.00429,0.374,0.196385904
1560214702109,11.47,122.4,0.00429,0.374,0.196385904
1560214702155,11.516,122.4,0.00429,0.374,0.196385904
1560214702201,11.562,122.4,0.00429,0.374,0.196385904
1560214702263,11.624,122.3,0.00429,0.375,0.196750125
1560214702309,11.67,122.3,0.00429,0.375,0.196750125
1560214702355,11.716,122.3,0.00429,0.375,0.196750125
1560214702401,11.763,122.3,0.00429,0.375,0.196750125
1560214702464,11.825,122.3,0.00431,0.378,0.199248714
1560214702510,11.871,122.3,0.00431,0.378,0.199248714
1560214702556,11.917,122.3,0.00431,0.378,0.199248714
1560214702602,11.963,122.3,0.00431,0.378,0.199248714
1560214702663,12.024,122.3,0.00427,0.377,0.196877317
1560214702709,12.07,122.3,0.00427,0.377,0.196877317
1560214702755,12.116,122.3,0.00427,0.377,0.196877317
1560214702801,12.162,122.3,0.00427,0.377,0.196877317
1560214702864,12.225,122.4,0.00424,0.381,0.197729856
1560214702909,12.27,122.4,0.00424,0.381,0.197729856
1560214702955,12.316,122.4,0.00424,0.381,0.197729856
1560214703000,12.361,122.4,0.00424,0.381,0.197729856
1560214703063,12.424,122.4,0.00423,0.377,0.195192504
1560214703109,12.47,122.4,0.00423,0.377,0.195192504
1560214703155,12.516,122.4,0.00423,0.377,0.195192504
1560214703200,12.561,122.4,0.00423,0.377,0.195192504
1560214703263,12.624,122.4,0.00423,0.38,0.19674576
1560214703309,12.67,122.4,0.00423,0.38,0.19674576
1560214703354,12.715,122.4,0.00423,0.38,0.19674576
1560214703400,12.761,122.4,0.00423,0.38,0.19674576
1560214703463,12.824,122.4,0.00425,0.378,0.1966356
1560214703509,12.87,122.4,0.00425,0.378,0.1966356
1560214703555,12.916,122.4,0.00425,0.378,0.1966356
1560214703601,12.962,122.4,0.00425,0.378,0.1966356
1560214703663,13.024,122.4,0.00425,0.379,0.1971558
1560214703710,13.071,122.4,0.00425,0.379,0.1971558
1560214703756,13.117,122.4,0.00425,0.379,0.1971558
1560214703802,13.163,122.4,0.00425,0.379,0.1971558
1560214703863,13.224,122.4,0.00425,0.378,0.1966356
1560214703909,13.27,122.4,0.00425,0.378,0.1966356
1560214703955,13.316,122.4,0.00425,0.378,0.1966356
1560214704001,13.362,122.4,0.00425,0.378,0.1966356
1560214704064,13.425,122.4,0.00423,0.377,0.195192504
1560214704110,13.471,122.4,0.00423,0.377,0.195192504
1560214704156,13.517,122.4,0.00423,0.377,0.195192504
1560214704202,13.563,122.4,0.00423,0.377,0.195192504
1560214704263,13.624,122.4,0.00426,0.378,0.197098272
1560214704309,13.67,122.4,0.00426,0.378,0.197098272
1560214704355,13.716,122.4,0.00426,0.378,0.197098272
1560214704401,13.762,122.4,0.00426,0.378,0.197098272
1560214704463,13.824,122.3,0.00424,0.378,0.196012656
1560214704509,13.87,122.3,0.00424,0.378,0.196012656
1560214704555,13.916,122.3,0.00424,0.378,0.196012656
1560214704601,13.962,122.3,0.00424,0.378,0.196012656
1560214704663,14.024,122.3,0.00426,0.375,0.19537425
1560214704710,14.071,122.3,0.00426,0.375,0.19537425
1560214704756,14.117,122.3,0.00426,0.375,0.19537425
1560214704802,14.163,122.3,0.00426,0.375,0.19537425
1560214704863,14.224,122.3,0.00426,0.379,0.197458242
1560214704909,14.27,122.3,0.00426,0.379,0.197458242
1560214704955,14.316,122.3,0.00426,0.379,0.197458242
1560214705001,14.362,122.3,0.00426,0.379,0.197458242
1560214705064,14.425,122.3,0.00422,0.381,0.196636386
1560214705110,14.471,122.3,0.00422,0.381,0.196636386
1560214705160,14.521,122.3,0.00422,0.381,0.196636386
1560214705206,14.567,122.3,0.00422,0.381,0.196636386
1560214705263,14.624,122.3,0.00426,0.378,0.196937244
1560214705309,14.67,122.3,0.00426,0.378,0.196937244
1560214705355,14.716,122.3,0.00426,0.378,0.196937244
1560214705401,14.762,122.3,0.00426,0.378,0.196937244
1560214705463,14.824,122.3,0.00426,0.374,0.194853252
1560214705509,14.87,122.3,0.00426,0.374,0.194853252
1560214705555,14.916,122.3,0.00426,0.374,0.194853252
1560214705601,14.962,122.3,0.00426,0.374,0.194853252
1560214705663,15.024,122.3,0.00427,0.377,0.196877317
1560214705709,15.07,122.3,0.00427,0.377,0.196877317
1560214705755,15.116,122.3,0.00427,0.377,0.196877317
1560214705801,15.162,122.3,0.00427,0.377,0.196877317
1560214705862,15.223,122.4,0.00429,0.378,0.198486288
1560214705909,15.27,122.4,0.00429,0.378,0.198486288
1560214705955,15.316,122.4,0.00429,0.378,0.198486288
1560214706001,15.362,122.4,0.00429,0.378,0.198486288
1560214706063,15.424,122.4,0.00426,0.379,0.197619696
1560214706109,15.47,122.4,0.00426,0.379,0.197619696
1560214706155,15.516,122.4,0.00426,0.379,0.197619696
1560214706201,15.562,122.4,0.00426,0.379,0.197619696
1560214706262,15.623,122.3,0.00423,0.375,0.193998375
1560214706308,15.669,122.3,0.00423,0.375,0.193998375
1560214706355,15.716,122.3,0.00423,0.375,0.193998375
1560214706401,15.762,122.3,0.00423,0.375,0.193998375
1560214706463,15.824,122.3,0.00424,0.376,0.194975552
1560214706510,15.871,122.3,0.00424,0.376,0.194975552
1560214706556,15.917,122.3,0.00424,0.376,0.194975552
1560214706601,15.962,122.3,0.00424,0.376,0.194975552
1560214706662,16.023,122.3,0.00427,0.378,0.197399538
1560214706708,16.069,122.3,0.00427,0.378,0.197399538
1560214706754,16.115,122.3,0.00427,0.378,0.197399538
1560214706801,16.162,122.3,0.00427,0.378,0.197399538
1560214706863,16.224,122.4,0.00426,0.379,0.197619696
1560214706909,16.27,122.4,0.00426,0.379,0.197619696
1560214706954,16.315,122.4,0.00426,0.379,0.197619696
1560214707000,16.361,122.4,0.00426,0.379,0.197619696
1560214707062,16.423,122.4,0.00427,0.377,0.197038296
1560214707108,16.469,122.4,0.00427,0.377,0.197038296
1560214707153,16.514,122.4,0.00427,0.377,0.197038296
1560214707199,16.56,122.4,0.00427,0.377,0.197038296
1560214707263,16.624,122.3,0.00427,0.377,0.196877317
1560214707309,16.67,122.3,0.00427,0.377,0.196877317
1560214707355,16.716,122.3,0.00427,0.377,0.196877317
1560214707401,16.762,122.3,0.00427,0.377,0.196877317
1560214707462,16.823,122.3,0.00426,0.377,0.196416246
1560214707509,16.87,122.3,0.00426,0.377,0.196416246
1560214707555,16.916,122.3,0.00426,0.377,0.196416246
1560214707601,16.962,122.3,0.00426,0.377,0.196416246
1560214707663,17.024,122.3,0.00428,0.375,0.1962915
1560214707709,17.07,122.3,0.00428,0.375,0.1962915
1560214707755,17.116,122.3,0.00428,0.375,0.1962915
1560214707801,17.162,122.3,0.00428,0.375,0.1962915
1560214707862,17.223,122.4,0.00431,0.378,0.199411632
1560214707909,17.27,122.4,0.00431,0.378,0.199411632
1560214707955,17.316,122.4,0.00431,0.378,0.199411632
1560214708000,17.361,122.4,0.00431,0.378,0.199411632
1560214708062,17.423,122.4,0.00429,0.377,0.197961192
1560214708108,17.469,122.4,0.00429,0.377,0.197961192
1560214708154,17.515,122.4,0.00429,0.377,0.197961192
1560214708200,17.561,122.4,0.00429,0.377,0.197961192
1560214708263,17.624,122.4,0.00424,0.376,0.195134976
1560214708309,17.67,122.4,0.00424,0.376,0.195134976
1560214708355,17.716,122.4,0.00424,0.376,0.195134976
1560214708401,17.762,122.4,0.00424,0.376,0.195134976
1560214708463,17.824,122.4,0.00423,0.38,0.19674576
1560214708509,17.87,122.4,0.00423,0.38,0.19674576
1560214708555,17.916,122.4,0.00423,0.38,0.19674576
1560214708601,17.962,122.4,0.00423,0.38,0.19674576
1560214708662,18.023,122.4,0.00426,0.378,0.197098272
1560214708708,18.069,122.4,0.00426,0.378,0.197098272
1560214708754,18.116,122.4,0.00426,0.378,0.197098272
1560214708801,18.162,122.4,0.00426,0.378,0.197098272
1560214708863,18.224,122.4,0.00424,0.377,0.195653952
1560214708909,18.27,122.4,0.00424,0.377,0.195653952
1560214708955,18.316,122.4,0.00424,0.377,0.195653952
1560214709001,18.362,122.4,0.00424,0.377,0.195653952
1560214709062,18.423,122.4,0.00422,0.38,0.19628064
1560214709108,18.469,122.4,0.00422,0.38,0.19628064
1560214709154,18.515,122.4,0.00422,0.38,0.19628064
1560214709200,18.561,122.4,0.00422,0.38,0.19628064
1560214709263,18.624,122.4,0.00423,0.38,0.19674576
1560214709309,18.67,122.4,0.00423,0.38,0.19674576
1560214709355,18.716,122.4,0.00423,0.38,0.19674576
1560214709401,18.762,122.4,0.00423,0.38,0.19674576
1560214709462,18.823,122.3,0.00422,0.381,0.196636386
1560214709508,18.869,122.3,0.00422,0.381,0.196636386
1560214709554,18.915,122.3,0.00422,0.381,0.196636386
1560214709600,18.961,122.3,0.00422,0.381,0.196636386
1560214709663,19.024,122.3,0.00424,0.379,0.196531208
1560214709709,19.07,122.3,0.00424,0.379,0.196531208
1560214709755,19.116,122.3,0.00424,0.379,0.196531208
1560214709801,19.162,122.3,0.00424,0.379,0.196531208
1560214709862,19.223,122.4,0.00427,0.377,0.197038296
1560214709908,19.269,122.4,0.00427,0.377,0.197038296
1560214709954,19.315,122.4,0.00427,0.377,0.197038296
1560214710000,19.361,122.4,0.00427,0.377,0.197038296
1560214710063,19.424,122.4,0.00426,0.378,0.197098272
1560214710109,19.47,122.4,0.00426,0.378,0.197098272
1560214710155,19.516,122.4,0.00426,0.378,0.197098272
1560214710201,19.562,122.4,0.00426,0.378,0.197098272
1560214710262,19.623,122.4,0.00423,0.379,0.196228008
1560214710309,19.67,122.4,0.00423,0.379,0.196228008
1560214710355,19.716,122.4,0.00423,0.379,0.196228008
1560214710401,19.762,122.4,0.00423,0.379,0.196228008
1560214710462,19.823,122.4,0.00426,0.377,0.196576848
1560214710508,19.869,122.4,0.00426,0.377,0.196576848
1560214710554,19.915,122.4,0.00426,0.377,0.196576848
1560214710600,19.961,122.4,0.00426,0.377,0.196576848
1560214710663,20.024,122.4,0.00424,0.379,0.196691904
1560214710709,20.07,122.4,0.00424,0.379,0.196691904
1560214710755,20.116,122.4,0.00424,0.379,0.196691904
1560214710801,20.162,122.4,0.00424,0.379,0.196691904
1560214710862,20.223,122.4,0.00428,0.378,0.198023616
1560214710908,20.269,122.4,0.00428,0.378,0.198023616
1560214710954,20.315,122.4,0.00428,0.378,0.198023616
1560214711001,20.362,122.4,0.00428,0.378,0.198023616
1560214711063,20.424,122.4,0.00424,0.378,0.196172928
1560214711109,20.471,122.4,0.00424,0.378,0.196172928
1560214711155,20.516,122.4,0.00424,0.378,0.196172928
1560214711201,20.562,122.4,0.00424,0.378,0.196172928
1560214711263,20.624,122.4,0.00425,0.378,0.1966356
1560214711309,20.67,122.4,0.00425,0.378,0.1966356
1560214711355,20.716,122.4,0.00425,0.378,0.1966356
1560214711401,20.762,122.4,0.00425,0.378,0.1966356
1560214711462,20.823,122.3,0.00426,0.375,0.19537425
1560214711508,20.869,122.3,0.00426,0.375,0.19537425
1560214711554,20.915,122.3,0.00426,0.375,0.19537425
1560214711600,20.961,122.3,0.00426,0.375,0.19537425
1560214711663,21.024,122.3,0.00433,0.373,0.197525507
1560214711709,21.07,122.3,0.00433,0.373,0.197525507
1560214711755,21.116,122.3,0.00433,0.373,0.197525507
1560214711801,21.162,122.3,0.00433,0.373,0.197525507
1560214711862,21.223,122.3,0.0043,0.377,0.19826053
1560214711908,21.269,122.3,0.0043,0.377,0.19826053
1560214711954,21.315,122.3,0.0043,0.377,0.19826053
1560214712000,21.361,122.3,0.0043,0.377,0.19826053
1560214712062,21.423,122.4,0.00426,0.377,0.196576848
1560214712108,21.469,122.4,0.00426,0.377,0.196576848
1560214712154,21.515,122.4,0.00426,0.377,0.196576848
1560214712200,21.561,122.4,0.00426,0.377,0.196576848
1560214712262,21.623,122.3,0.00424,0.377,0.195494104
1560214712309,21.67,122.3,0.00424,0.377,0.195494104
1560214712355,21.716,122.3,0.00424,0.377,0.195494104
1560214712401,21.762,122.3,0.00424,0.377,0.195494104
1560214712462,21.823,122.3,0.00426,0.373,0.194332254
1560214712508,21.869,122.3,0.00426,0.373,0.194332254
1560214712555,21.916,122.3,0.00426,0.373,0.194332254
1560214712601,21.962,122.3,0.00426,0.373,0.194332254
1560214712662,22.023,122.3,0.00429,0.372,0.195176124
1560214712708,22.069,122.3,0.00429,0.372,0.195176124
1560214712754,22.115,122.3,0.00429,0.372,0.195176124
1560214712800,22.161,122.3,0.00429,0.372,0.195176124
1560214712862,22.223,122.3,0.00425,0.38,0.1975145
1560214712909,22.27,122.3,0.00425,0.38,0.1975145
1560214712955,22.316,122.3,0.00425,0.38,0.1975145
1560214713001,22.362,122.3,0.00425,0.38,0.1975145
1560214713062,22.423,122.4,0.00426,0.379,0.197619696
1560214713108,22.469,122.4,0.00426,0.379,0.197619696
1560214713154,22.515,122.4,0.00426,0.379,0.197619696
1560214713200,22.561,122.4,0.00426,0.379,0.197619696
1560214713262,22.623,122.4,0.00422,0.38,0.19628064
1560214713309,22.67,122.4,0.00422,0.38,0.19628064
1560214713355,22.716,122.4,0.00422,0.38,0.19628064
1560214713401,22.762,122.4,0.00422,0.38,0.19628064
1560214713462,22.823,122.3,0.00426,0.379,0.197458242
1560214713508,22.869,122.3,0.00426,0.379,0.197458242
1560214713554,22.915,122.3,0.00426,0.379,0.197458242
1560214713600,22.961,122.3,0.00426,0.379,0.197458242
1560214713663,23.024,122.3,0.00429,0.377,0.197799459
1560214713709,23.07,122.3,0.00429,0.377,0.197799459
1560214713755,23.116,122.3,0.00429,0.377,0.197799459
1560214713801,23.162,122.3,0.00429,0.377,0.197799459
1560214713862,23.223,122.3,0.00428,0.378,0.197861832
1560214713908,23.269,122.3,0.00428,0.378,0.197861832
1560214713955,23.316,122.3,0.00428,0.378,0.197861832
1560214714001,23.362,122.3,0.00428,0.378,0.197861832
1560214714062,23.423,122.4,0.00425,0.378,0.1966356
1560214714108,23.469,122.4,0.00425,0.378,0.1966356
1560214714154,23.515,122.4,0.00425,0.378,0.1966356
1560214714200,23.561,122.4,0.00425,0.378,0.1966356
1560214714262,23.623,122.3,0.00422,0.38,0.19612028
1560214714308,23.669,122.3,0.00422,0.38,0.19612028
1560214714355,23.716,122.3,0.00422,0.38,0.19612028
1560214714400,23.761,122.3,0.00422,0.38,0.19612028
1560214714463,23.824,122.3,0.00425,0.379,0.196994725
1560214714510,23.871,122.3,0.00425,0.379,0.196994725
1560214714556,23.917,122.3,0.00425,0.379,0.196994725
1560214714602,23.963,122.3,0.00425,0.379,0.196994725
1560214714662,24.023,122.3,0.0043,0.375,0.19720875
1560214714708,24.069,122.3,0.0043,0.375,0.19720875
1560214714754,24.115,122.3,0.0043,0.375,0.19720875
1560214714800,24.161,122.3,0.0043,0.375,0.19720875
1560214714862,24.223,122.4,0.00425,0.381,0.1981962
1560214714908,24.269,122.4,0.00425,0.381,0.1981962
1560214714954,24.315,122.4,0.00425,0.381,0.1981962
1560214715000,24.361,122.4,0.00425,0.381,0.1981962
1560214715063,24.424,122.4,0.00424,0.383,0.198767808
1560214715110,24.471,122.4,0.00424,0.383,0.198767808
1560214715156,24.517,122.4,0.00424,0.383,0.198767808
1560214715203,24.564,122.4,0.00424,0.383,0.198767808
1560214715263,24.624,122.4,0.0042,0.382,0.19637856
1560214715309,24.67,122.4,0.0042,0.382,0.19637856
1560214715355,24.716,122.4,0.0042,0.382,0.19637856
1560214715402,24.763,122.4,0.0042,0.382,0.19637856
1560214715463,24.824,122.4,0.00424,0.381,0.197729856
1560214715509,24.87,122.4,0.00424,0.381,0.197729856
1560214715555,24.916,122.4,0.00424,0.381,0.197729856
1560214715601,24.962,122.4,0.00424,0.381,0.197729856
1560214715662,25.023,122.3,0.00425,0.378,0.19647495
1560214715708,25.069,122.3,0.00425,0.378,0.19647495
1560214715754,25.115,122.3,0.00425,0.378,0.19647495
1560214715800,25.161,122.3,0.00425,0.378,0.19647495
1560214715862,25.223,122.4,0.00424,0.378,0.196172928
1560214715908,25.269,122.4,0.00424,0.378,0.196172928
1560214715954,25.315,122.4,0.00424,0.378,0.196172928
1560214716000,25.361,122.4,0.00424,0.378,0.196172928
1560214716062,25.423,122.4,0.0042,0.379,0.19483632
1560214716107,25.468,122.4,0.0042,0.379,0.19483632
1560214716153,25.514,122.4,0.0042,0.379,0.19483632
1560214716199,25.56,122.4,0.0042,0.379,0.19483632
1560214716262,25.623,122.3,0.00423,0.378,0.195550362
1560214716308,25.669,122.3,0.00423,0.378,0.195550362
1560214716354,25.715,122.3,0.00423,0.378,0.195550362
1560214716400,25.761,122.3,0.00423,0.378,0.195550362
1560214716462,25.823,122.3,0.00422,0.376,0.194055856
1560214716508,25.869,122.3,0.00422,0.376,0.194055856
1560214716554,25.915,122.3,0.00422,0.376,0.194055856
1560214716600,25.961,122.3,0.00422,0.376,0.194055856
1560214716662,26.023,122.3,0.00428,0.376,0.196814944
1560214716707,26.068,122.3,0.00428,0.376,0.196814944
1560214716753,26.114,122.3,0.00428,0.376,0.196814944
1560214716800,26.161,122.3,0.00428,0.376,0.196814944
1560214716862,26.223,122.3,0.00424,0.378,0.196012656
1560214716908,26.269,122.3,0.00424,0.378,0.196012656
1560214716954,26.315,122.3,0.00424,0.378,0.196012656
1560214717001,26.362,122.3,0.00424,0.378,0.196012656
1560214717062,26.423,122.3,0.00428,0.378,0.197861832
1560214717108,26.469,122.3,0.00428,0.378,0.197861832
1560214717154,26.515,122.3,0.00428,0.378,0.197861832
1560214717200,26.561,122.3,0.00428,0.378,0.197861832
1560214717262,26.623,122.3,0.00426,0.377,0.196416246
1560214717308,26.669,122.3,0.00426,0.377,0.196416246
1560214717354,26.715,122.3,0.00426,0.377,0.196416246
1560214717400,26.761,122.3,0.00426,0.377,0.196416246
1560214717462,26.823,122.3,0.00426,0.375,0.19537425
1560214717508,26.869,122.3,0.00426,0.375,0.19537425
1560214717554,26.915,122.3,0.00426,0.375,0.19537425
1560214717600,26.961,122.3,0.00426,0.375,0.19537425
1560214717661,27.022,122.3,0.00427,0.376,0.196355096
1560214717707,27.068,122.3,0.00427,0.376,0.196355096
1560214717753,27.114,122.3,0.00427,0.376,0.196355096
1560214717800,27.161,122.3,0.00427,0.376,0.196355096
1560214717862,27.223,122.3,0.00428,0.378,0.197861832
1560214717908,27.269,122.3,0.00428,0.378,0.197861832
1560214717954,27.316,122.3,0.00428,0.378,0.197861832
1560214718001,27.362,122.3,0.00428,0.378,0.197861832
1560214718062,27.423,122.4,0.00429,0.379,0.199011384
1560214718108,27.469,122.4,0.00429,0.379,0.199011384
1560214718154,27.515,122.4,0.00429,0.379,0.199011384
1560214718200,27.561,122.4,0.00429,0.379,0.199011384
1560214718263,27.624,122.4,0.00423,0.378,0.195710256
1560214718308,27.669,122.4,0.00423,0.378,0.195710256
1560214718354,27.715,122.4,0.00423,0.378,0.195710256
1560214718399,27.76,122.4,0.00423,0.378,0.195710256
1560214718462,27.823,122.3,0.00426,0.375,0.19537425
1560214718508,27.869,122.3,0.00426,0.375,0.19537425
1560214718554,27.915,122.3,0.00426,0.375,0.19537425
1560214718600,27.961,122.3,0.00426,0.375,0.19537425
1560214718661,28.022,122.3,0.00426,0.375,0.19537425
1560214718707,28.068,122.3,0.00426,0.375,0.19537425
1560214718753,28.114,122.3,0.00426,0.375,0.19537425
1560214718800,28.161,122.3,0.00426,0.375,0.19537425
1560214718862,28.223,122.3,0.0043,0.376,0.19773464
1560214718908,28.269,122.3,0.0043,0.376,0.19773464
1560214718954,28.315,122.3,0.0043,0.376,0.19773464
1560214719000,28.361,122.3,0.0043,0.376,0.19773464
1560214719061,28.422,122.4,0.00427,0.377,0.197038296
1560214719107,28.468,122.4,0.00427,0.377,0.197038296
1560214719154,28.515,122.4,0.00427,0.377,0.197038296
1560214719200,28.561,122.4,0.00427,0.377,0.197038296
1560214719262,28.623,122.4,0.00427,0.375,0.195993
1560214719308,28.669,122.4,0.00427,0.375,0.195993
1560214719354,28.715,122.4,0.00427,0.375,0.195993
1560214719400,28.761,122.4,0.00427,0.375,0.195993
1560214719461,28.822,122.3,0.0043,0.373,0.19615697
1560214719507,28.868,122.3,0.0043,0.373,0.19615697
1560214719553,28.914,122.3,0.0043,0.373,0.19615697
1560214719600,28.961,122.3,0.0043,0.373,0.19615697
1560214719662,29.023,122.3,0.00431,0.372,0.196086036
1560214719708,29.069,122.3,0.00431,0.372,0.196086036
1560214719754,29.115,122.3,0.00431,0.372,0.196086036
1560214719801,29.162,122.3,0.00431,0.372,0.196086036
1560214719862,29.223,122.3,0.00429,0.377,0.197799459
1560214719908,29.269,122.3,0.00429,0.377,0.197799459
1560214719954,29.315,122.3,0.00429,0.377,0.197799459
1560214720000,29.361,122.3,0.00429,0.377,0.197799459
1560214720061,29.422,122.4,0.00425,0.377,0.1961154
1560214720107,29.468,122.4,0.00425,0.377,0.1961154
1560214720154,29.515,122.4,0.00425,0.377,0.1961154
1560214720200,29.561,122.4,0.00425,0.377,0.1961154
1560214720261,29.622,122.4,0.00421,0.379,0.195300216
1560214720307,29.668,122.4,0.00421,0.379,0.195300216
1560214720353,29.714,122.4,0.00421,0.379,0.195300216
1560214720399,29.76,122.4,0.00421,0.379,0.195300216
1560214720462,29.823,122.3,0.00423,0.379,0.196067691
1560214720508,29.869,122.3,0.00423,0.379,0.196067691
1560214720554,29.915,122.3,0.00423,0.379,0.196067691
1560214720600,29.961,122.3,0.00423,0.379,0.196067691
1560214720661,30.022,122.3,0.00426,0.38,0.19797924
1560214720707,30.068,122.3,0.00426,0.38,0.19797924
1560214720753,30.114,122.3,0.00426,0.38,0.19797924
1560214720799,30.16,122.3,0.00426,0.38,0.19797924
1560214720862,30.223,122.3,0.00427,0.379,0.197921759
1560214720908,30.269,122.3,0.00427,0.379,0.197921759
1560214720954,30.315,122.3,0.00427,0.379,0.197921759
1560214721000,30.361,122.3,0.00427,0.379,0.197921759
1560214721061,30.422,122.4,0.00427,0.38,0.19860624
1560214721107,30.468,122.4,0.00427,0.38,0.19860624
1560214721153,30.514,122.4,0.00427,0.38,0.19860624
1560214721199,30.56,122.4,0.00427,0.38,0.19860624
1560214721262,30.623,122.4,0.00423,0.38,0.19674576
1560214721308,30.669,122.4,0.00423,0.38,0.19674576
1560214721354,30.715,122.4,0.00423,0.38,0.19674576
1560214721400,30.761,122.4,0.00423,0.38,0.19674576
1560214721461,30.822,122.4,0.00421,0.381,0.196330824
1560214721508,30.869,122.4,0.00421,0.381,0.196330824
1560214721554,30.915,122.4,0.00421,0.381,0.196330824
1560214721600,30.961,122.4,0.00421,0.381,0.196330824
1560214721661,31.022,122.4,0.00423,0.379,0.196228008
1560214721707,31.068,122.4,0.00423,0.379,0.196228008
1560214721753,31.114,122.4,0.00423,0.379,0.196228008
1560214721800,31.161,122.4,0.00423,0.379,0.196228008
1560214721862,31.223,122.4,0.00428,0.379,0.198547488
1560214721908,31.269,122.4,0.00428,0.379,0.198547488
1560214721954,31.315,122.4,0.00428,0.379,0.198547488
1560214722000,31.361,122.4,0.00428,0.379,0.198547488
1560214722062,31.423,122.4,0.00423,0.38,0.19674576
1560214722108,31.469,122.4,0.00423,0.38,0.19674576
1560214722154,31.515,122.4,0.00423,0.38,0.19674576
1560214722200,31.561,122.4,0.00423,0.38,0.19674576
1560214722261,31.622,122.4,0.00423,0.377,0.195192504
1560214722307,31.668,122.4,0.00423,0.377,0.195192504
1560214722353,31.714,122.4,0.00423,0.377,0.195192504
1560214722399,31.76,122.4,0.00423,0.377,0.195192504
1560214722461,31.823,122.4,0.00422,0.38,0.19628064
1560214722507,31.869,122.4,0.00422,0.38,0.19628064
1560214722553,31.915,122.4,0.00422,0.38,0.19628064
1560214722599,31.961,122.4,0.00422,0.38,0.19628064
1560214722662,32.023,122.3,0.00426,0.377,0.196416246
1560214722708,32.069,122.3,0.00426,0.377,0.196416246
1560214722754,32.115,122.3,0.00426,0.377,0.196416246
1560214722801,32.162,122.3,0.00426,0.377,0.196416246
1560214722861,32.222,122.3,0.00432,0.374,0.197597664
1560214722907,32.268,122.3,0.00432,0.374,0.197597664
1560214722953,32.314,122.3,0.00432,0.374,0.197597664
1560214723000,32.361,122.3,0.00432,0.374,0.197597664
1560214723062,32.423,122.3,0.00424,0.379,0.196531208
1560214723108,32.469,122.3,0.00424,0.379,0.196531208
1560214723154,32.515,122.3,0.00424,0.379,0.196531208
1560214723200,32.561,122.3,0.00424,0.379,0.196531208
1560214723261,32.623,122.3,0.00425,0.379,0.196994725
1560214723307,32.668,122.3,0.00425,0.379,0.196994725
1560214723354,32.715,122.3,0.00425,0.379,0.196994725
1560214723400,32.761,122.3,0.00425,0.379,0.196994725
1560214723462,32.823,122.3,0.00422,0.38,0.19612028
1560214723508,32.869,122.3,0.00422,0.38,0.19612028
1560214723554,32.915,122.3,0.00422,0.38,0.19612028
1560214723600,32.961,122.3,0.00422,0.38,0.19612028
1560214723661,33.022,122.3,0.00423,0.376,0.194515704
1560214723707,33.068,122.3,0.00423,0.376,0.194515704
1560214723753,33.114,122.3,0.00423,0.376,0.194515704
1560214723799,33.16,122.3,0.00423,0.376,0.194515704
1560214723861,33.222,122.3,0.00429,0.381,0.199898127
1560214723908,33.269,122.3,0.00429,0.381,0.199898127
1560214723954,33.315,122.3,0.00429,0.381,0.199898127
1560214724000,33.361,122.3,0.00429,0.381,0.199898127
1560214724061,33.422,122.3,0.00424,0.379,0.196531208
1560214724107,33.468,122.3,0.00424,0.379,0.196531208
1560214724153,33.515,122.3,0.00424,0.379,0.196531208
1560214724200,33.561,122.3,0.00424,0.379,0.196531208
1560214724261,33.622,122.4,0.00424,0.379,0.196691904
1560214724307,33.668,122.4,0.00424,0.379,0.196691904
