15.73,187
15.76,305
15.79,423
15.82,539
15.84,656
15.83,773
15.82,890
15.85,1006
15.89,1122
15.87,1239
15.85,1355
15.91,1470
15.88,1587
15.94,1703
15.91,1818
15.92,1935
15.93,2052
15.95,2168
15.93,2284
15.94,2400
15.92,2516
15.93,2632
15.91,2749
15.93,2865
15.91,2982
15.93,3097
15.91,3213
15.93,3330
15.96,3447
15.93,3562
15.92,3679
15.92,3796
15.94,3911
15.93,4028
15.93,4144
15.93,4260
15.94,4376
15.93,4494
15.95,4610
15.95,4727
15.92,4842
15.94,4958
15.94,5075
15.96,5191
15.94,5308
15.96,5425
15.94,5543
15.97,5659
15.96,5779
15.96,5896
15.95,6012
15.96,6128
15.95,6245
15.97,6361
15.95,6479
15.97,6595
15.98,6713
15.97,6830
15.97,6947
15.97,7064
15.96,7182
15.98,7302
15.97,7418
15.97,7536
15.96,7654
15.98,7770
15.96,7890
15.99,8006
15.98,8127
15.97,8243
15.98,8360
15.98,8477
15.99,8594
15.99,8711
15.97,8829
15.97,8948
15.98,9064
15.99,9185
15.98,9300
15.97,9418
15.98,9534
15.99,9651
15.98,9770
15.98,9890
15.99,10006
15.99,10123
15.99,10240
15.99,10359
16.01,10479
15.98,10596
15.98,10717
15.99,10833
15.99,10954
15.99,11071
15.99,11187
15.99,11303
15.98,11426
15.99,11542
15.99,11658
16.00,11774
15.99,11896
15.99,12013
15.99,12129
15.99,12250
16.00,12378
15.99,12494
15.99,12610
16.00,12727
15.99,12843
15.99,12959
15.99,13078
15.99,13195
16.00,13312
16.00,13435
16.00,13554
15.98,13670
16.00,13786
16.01,13901
16.00,14017
16.00,14140
16.00,14256
16.00,14373
16.00,14495
16.00,14618
15.99,14740
16.00,14867
15.99,14985
16.00,15102
16.00,15225
16.01,15340
16.00,15460
16.00,15576
16.00,15692
16.00,15807
16.00,15932
16.00,16050
16.00,16174
16.00,16299
16.00,16417
16.01,16534
15.99,16651
15.99,16776
16.01,16891
15.99,17006
16.01,17122
16.00,17240
16.00,17356
16.00,17474
16.00,17592
16.00,17707
16.01,17829
16.00,17944
16.01,18060
16.01,18178
16.00,18295
16.01,18411
16.01,18527
16.01,18650
16.00,18770
16.02,18886
16.01,19004
16.02,19120
16.01,19236
16.00,19351
16.01,19467
16.02,19584
16.01,19702
16.02,19818
16.01,19934
16.02,20052
16.01,20170
16.01,20285
16.01,20401
16.01,20518
16.02,20635
16.01,20753
16.03,20870
16.02,20987
16.02,21102
16.00,21221
16.03,21339
16.03,21456
16.02,21572
16.02,21691
16.01,21808
16.01,21928
16.02,22047
16.02,22162
16.02,22279
16.02,22397
16.02,22512
16.01,22630
16.02,22749
16.02,22868
16.02,22991
16.02,23107
16.01,23225
16.03,23343
16.00,23460
16.02,23577
16.02,23693
16.01,23810
16.02,23928
16.02,24044
16.01,24161
16.01,24280
16.02,24395
16.02,24511
16.05,24628
16.01,24744
16.02,24860
16.01,24977
16.01,25093
16.04,25211
16.02,25328
16.03,25444
16.02,25560
16.02,25677
16.03,25792
16.03,25909
16.02,26025
16.00,26141
16.04,26258
16.03,26374
16.03,26492
16.03,26608
16.02,26725
16.02,26841
16.02,26957
16.03,27073
16.02,27190
16.03,27307
16.02,27424
16.03,27541
16.02,27658
16.04,27781
16.02,27898
16.03,28015
16.05,28132
16.04,28249
16.05,28368
16.03,28484
16.03,28600
16.04,28718
16.05,28835
16.03,28952
16.06,29069
16.03,29186
16.04,29303
16.05,29421
16.04,29539
16.06,29657
16.04,29774
16.05,29890
16.04,30008
16.05,30127
16.05,30244
16.05,30359
16.06,30476
16.05,30593
16.06,30709
16.07,30824
16.06,30942
16.05,31059
16.06,31174
16.06,31291
16.06,31409
16.07,31525
16.06,31641
16.05,31758
16.06,31875
16.04,31992
16.05,32108
16.07,32225
16.06,32343
16.09,32459
16.07,32574
16.06,32691
16.05,32808
16.07,32923
16.07,33040
16.06,33156
16.09,33272
16.08,33388
16.06,33505
16.10,33622
16.06,33739
16.07,33854
16.08,33971
16.08,34088
16.11,34204
16.07,34321
16.07,34439
16.08,34557
16.08,34672
16.09,34789
16.10,34906
16.08,35023
16.08,35140
16.05,35257
16.07,35373
16.08,35490
16.07,35607
16.09,35724
16.07,35841
16.07,35958
16.10,36074
16.06,36191
16.10,36308
16.08,36427
16.09,36544
16.09,36661
16.08,36777
16.08,36895
16.08,37011
16.09,37128
16.07,37245
16.08,37361
16.06,37478
16.09,37595
16.09,37712
16.08,37827
16.10,37945
16.11,38062
16.09,38178
16.07,38293
16.09,38410
16.11,38526
16.12,38641
16.11,38757
16.09,38873
16.09,38989
16.10,39105
16.15,39222
16.10,39338
16.09,39456
16.08,39572
16.13,39688
16.11,39805
16.11,39920
16.08,40036
16.11,40153
16.11,40270
16.12,40385
16.11,40502
16.10,40619
16.10,40735
16.12,40851
16.10,40968
16.09,41084
16.10,41200
16.12,41317
16.12,41433
16.12,41550
16.09,41665
16.09,41782
16.11,41899
16.13,42016
16.11,42131
16.13,42248
16.11,42365
16.10,42480
16.11,42597
16.12,42713
16.12,42829
16.13,42945
16.10,43062
16.10,43178
16.08,43296
16.13,43412
16.09,43528
16.10,43645
16.09,43761
16.08,43877
16.11,43994
16.10,44110
16.13,44225
16.13,44342
16.14,44459
16.13,44575
16.13,44691
16.13,44808
16.10,44924
16.11,45040
16.12,45156
16.12,45274
16.14,45391
16.10,45507
16.10,45623
16.15,45739
16.14,45856
16.14,45971
16.15,46087
16.13,46204
16.12,46319
16.14,46435
16.15,46551
16.12,46667
16.16,46782
16.12,46899
16.12,47015
16.15,47130
16.13,47247
16.13,47363
16.18,47479
16.13,47595
16.13,47712
16.18,47828
16.14,47944
16.15,48060
16.12,48176
16.17,48293
16.21,48408
16.17,48524
16.13,48641
16.17,48758
16.18,48873
16.13,48990
16.15,49106
16.13,49221
16.18,49338
16.18,49454
16.11,49570
16.14,49686
16.13,49803
16.14,49919
16.15,50036
16.19,50151
16.13,50267
16.15,50384
16.17,50499
16.12,50615
16.15,50732
16.16,50848
16.12,50963
16.14,51080
16.13,51196
16.13,51311
16.17,51428
16.14,51544
16.12,51660
16.14,51776
16.15,51892
16.14,52008
16.17,52124
16.18,52241
16.20,52357
16.18,52474
16.22,52589
16.16,52706
16.17,52823
16.16,52940
16.15,53055
16.17,53171
16.21,53287
16.17,53402
16.16,53518
16.18,53635
16.18,53751
16.16,53866
16.19,53983
16.19,54099
16.22,54214
16.19,54331
16.17,54447
16.19,54563
16.17,54679
16.17,54795
16.22,54911
16.20,55028
16.19,55144
16.20,55260
16.20,55377
16.17,55493
16.22,55610
16.18,55727
16.20,55843
16.18,55958
16.19,56075
16.18,56191
16.18,56306
16.19,56423
16.22,56539
16.18,56655
16.22,56771
16.19,56888
16.22,57004
16.20,57121
16.19,57236
16.19,57353
16.23,57470
16.21,57585
16.22,57701
16.22,57818
16.21,57935
