15.24,187
15.33,304
15.40,422
15.35,539
15.39,657
15.40,774
15.41,892
15.42,1009
15.45,1126
15.49,1244
15.49,1362
15.43,1478
15.48,1596
15.59,1714
15.54,1831
15.58,1948
15.58,2066
15.60,2183
15.56,2301
15.62,2418
15.56,2535
15.61,2653
15.61,2771
15.67,2887
15.62,3005
15.61,3123
15.66,3240
15.65,3357
15.64,3475
15.66,3592
15.65,3710
15.69,3828
15.74,3944
15.68,4062
15.71,4180
15.64,4296
15.71,4414
15.69,4532
15.71,4649
15.68,4767
15.68,4884
15.73,5001
15.77,5119
15.71,5236
15.78,5352
15.75,5469
15.74,5586
15.71,5702
15.77,5820
15.73,5937
15.78,6054
15.77,6170
15.73,6287
15.71,6404
15.77,6522
15.76,6638
15.74,6755
15.76,6873
15.79,6990
15.78,7106
15.79,7223
15.79,7340
15.82,7457
15.77,7573
15.84,7690
15.86,7807
15.84,7924
15.82,8040
15.84,8157
15.84,8274
15.82,8390
15.80,8507
15.83,8623
15.85,8740
15.86,8856
15.81,8972
15.85,9089
15.88,9206
15.86,9321
15.85,9438
15.83,9554
15.85,9669
15.82,9786
15.84,9903
15.89,10020
15.84,10136
15.89,10253
15.84,10369
15.87,10486
15.87,10603
15.90,10719
15.91,10835
15.86,10950
15.88,11066
15.90,11183
15.88,11299
15.92,11414
15.90,11531
15.88,11647
15.90,11762
15.86,11879
15.89,11996
15.90,12112
15.90,12228
15.91,12344
15.91,12460
15.91,12577
15.88,12692
15.91,12808
15.91,12925
15.92,13040
15.89,13156
15.91,13273
15.90,13389
15.92,13504
15.90,13621
15.90,13737
15.90,13852
15.93,13969
15.92,14085
15.91,14201
15.86,14317
15.91,14434
15.93,14550
15.89,14667
15.90,14783
15.91,14900
15.93,15017
15.91,15132
15.91,15248
15.92,15365
15.92,15481
15.93,15597
15.93,15713
15.92,15829
15.94,15946
15.93,16061
15.95,16178
15.93,16294
15.94,16409
15.93,16525
15.91,16641
15.90,16757
15.91,16873
15.92,16989
15.94,17105
15.93,17220
15.93,17336
15.96,17452
15.96,17570
15.92,17686
15.95,17802
15.96,17919
15.95,18036
15.94,18154
15.92,18271
15.92,18387
15.94,18502
15.95,18619
15.95,18736
15.95,18852
15.95,18968
15.94,19086
15.94,19202
15.95,19319
15.95,19436
15.95,19553
15.95,19672
15.96,19788
15.95,19904
15.94,20021
15.95,20138
15.94,20253
15.98,20370
15.95,20487
15.95,20604
15.97,20720
15.96,20837
15.95,20954
15.95,21071
15.96,21186
15.94,21304
15.96,21421
15.97,21538
15.95,21654
15.97,21771
15.96,21888
15.96,22004
15.97,22121
15.97,22239
15.99,22356
15.95,22474
15.97,22590
15.97,22706
15.97,22825
15.97,22941
15.96,23057
15.96,23174
15.97,23290
15.95,23405
15.97,23521
15.97,23638
15.97,23754
15.97,23869
15.98,23987
15.97,24105
15.97,24221
15.97,24337
15.97,24455
15.98,24571
15.96,24687
15.97,24804
15.98,24920
15.97,25039
15.99,25156
15.97,25274
15.97,25391
15.98,25507
15.99,25625
15.98,25741
15.97,25862
15.99,25980
15.98,26096
15.97,26213
15.98,26330
15.98,26447
15.97,26562
15.98,26680
15.98,26797
15.99,26913
15.98,27029
15.99,27145
15.99,27261
15.98,27378
15.98,27496
15.98,27612
15.97,27727
15.98,27844
15.98,27961
15.98,28079
15.98,28196
15.99,28312
15.99,28433
15.98,28551
15.99,28669
15.98,28785
15.99,28903
15.98,29022
15.98,29140
15.99,29256
15.98,29374
15.97,29491
15.99,29608
15.98,29725
15.99,29843
15.98,29962
15.98,30080
15.99,30197
15.99,30314
15.99,30430
15.99,30549
16.00,30667
15.98,30784
15.99,30901
16.00,31017
15.98,31135
15.98,31254
15.99,31370
15.98,31491
15.99,31608
15.99,31725
15.99,31842
15.99,31961
15.99,32078
16.00,32194
15.98,32313
15.99,32432
15.99,32555
15.99,32674
15.99,32790
15.99,32911
15.99,33027
15.99,33144
15.99,33262
15.99,33383
16.00,33501
15.98,33618
15.98,33735
16.00,33853
15.99,33976
15.99,34094
15.99,34210
15.99,34327
15.99,34444
15.99,34569
15.98,34695
15.99,34812
15.99,34927
15.97,35046
15.99,35163
15.99,35280
15.99,35399
15.99,35515
15.99,35632
16.00,35750
16.00,35865
15.99,35990
15.99,36107
15.99,36226
15.99,36346
15.99,36463
16.00,36579
15.99,36709
15.99,36829
16.00,36946
15.98,37063
16.00,37181
16.00,37297
15.99,37422
15.98,37542
16.00,37658
16.00,37773
15.99,37891
15.99,38010
16.00,38135
15.99,38254
16.00,38372
16.00,38495
16.00,38610
15.99,38730
16.00,38845
16.00,38960
15.99,39077
16.00,39196
16.00,39314
16.00,39432
15.99,39548
15.99,39663
15.99,39781
16.00,39900
16.00,40018
15.99,40133
16.00,40258
16.00,40377
16.00,40499
15.99,40615
15.99,40731
16.01,40849
15.99,40969
15.99,41085
15.99,41204
16.00,41319
16.00,41439
16.00,41569
15.99,41686
16.00,41813
15.99,41933
15.99,42055
15.99,42171
16.00,42293
16.01,42415
16.00,42530
16.00,42648
15.99,42767
16.00,42887
15.99,43012
15.99,43128
16.00,43243
16.00,43372
16.00,43489
15.99,43601
16.00,43719
16.01,43838
16.00,43954
15.99,44071
15.99,44187
16.00,44303
16.00,44424
16.00,44542
16.01,44661
15.99,44778
15.99,44896
16.00,45018
16.01,45147
16.00,45264
16.00,45379
16.01,45501
16.01,45618
16.00,45735
16.00,45848
16.00,45968
16.01,46084
16.01,46200
16.00,46318
16.01,46435
16.00,46551
16.01,46666
16.02,46781
16.01,46898
16.01,47015
16.00,47144
16.00,47256
16.00,47372
16.00,47488
16.00,47606
16.02,47722
16.01,47841
16.00,47958
16.01,48080
16.01,48195
16.01,48311
16.02,48426
16.00,48541
16.01,48665
16.02,48782
16.01,48901
16.02,49018
16.00,49135
16.01,49252
16.00,49366
16.02,49482
16.02,49599
16.00,49717
16.01,49834
16.01,49951
16.00,50067
16.02,50182
16.02,50298
16.01,50415
16.01,50532
16.02,50651
16.03,50768
16.02,50885
16.02,51002
16.01,51118
16.00,51235
16.01,51352
16.00,51470
16.01,51591
16.03,51707
16.01,51822
16.03,51945
16.02,52063
16.03,52179
16.01,52295
16.02,52411
16.01,52527
16.01,52645
16.02,52763
16.03,52880
16.01,52998
16.02,53114
16.03,53229
16.02,53345
16.02,53465
16.02,53582
16.03,53697
16.02,53814
16.01,53934
16.03,54050
16.02,54166
16.01,54282
16.01,54402
16.01,54520
16.02,54636
16.01,54752
16.01,54869
16.01,54987
16.01,55105
16.03,55226
16.03,55344
16.01,55461
16.01,55579
16.01,55701
16.01,55823
16.01,55942
16.02,56064
16.02,56180
16.03,56296
16.02,56413
16.02,56530
16.03,56646
16.02,56764
16.01,56881
16.01,56998
16.04,57115
16.02,57231
16.02,57349
16.02,57467
16.03,57582
16.02,57699
16.02,57817
16.03,57936
16.03,58052
16.02,58168
16.01,58284
16.02,58401
16.02,58519
16.01,58636
16.03,58754
16.03,58872
16.02,58987
16.01,59106
16.03,59223
16.02,59339
16.01,59455
16.02,59572
16.03,59689
16.04,59805
16.03,59922
16.01,60039
16.02,60157
16.03,60273
16.04,60389
16.04,60507
16.03,60625
16.04,60740
16.04,60856
16.05,60973
16.03,61089
16.07,61206
16.05,61324
16.03,61441
16.04,61557
16.02,61673
16.03,61792
16.05,61909
16.03,62026
16.04,62142
16.05,62258
16.04,62376
16.04,62492
16.04,62608
16.04,62725
16.04,62842
16.05,62958
16.04,63075
16.07,63192
16.03,63310
16.04,63427
16.05,63545
16.03,63661
16.03,63778
16.04,63893
16.04,64009
16.04,64126
16.07,64241
16.05,64358
16.04,64477
16.06,64594
16.06,64710
16.06,64827
16.05,64943
16.05,65059
16.05,65175
16.05,65291
16.07,65407
16.05,65524
16.06,65641
16.04,65758
16.05,65875
16.04,65991
16.06,66108
16.06,66225
16.05,66343
16.03,66458
16.02,66575
16.03,66692
16.03,66808
16.05,66926
16.06,67043
16.05,67160
16.06,67278
16.04,67394
16.03,67510
16.05,67627
16.06,67748
16.04,67863
16.05,67981
16.06,68098
16.06,68215
16.05,68330
16.05,68447
16.06,68564
16.07,68679
16.06,68796
16.06,68913
16.06,69029
16.07,69145
16.06,69262
16.06,69378
16.08,69496
16.05,69612
16.06,69728
16.06,69845
16.07,69962
16.04,70077
16.07,70196
16.07,70313
16.07,70429
16.07,70546
16.08,70662
16.08,70779
16.05,70895
16.08,71011
16.05,71129
16.05,71246
16.05,71361
16.05,71477
16.05,71594
16.06,71711
16.06,71826
16.05,71944
16.04,72061
16.07,72178
16.08,72296
16.08,72413
16.06,72530
16.08,72647
16.06,72764
16.08,72880
16.08,72997
16.06,73113
16.05,73230
16.06,73347
16.05,73464
16.07,73579
16.05,73696
16.05,73813
16.06,73930
16.07,74046
16.09,74163
16.05,74279
16.06,74395
16.09,74512
16.07,74628
16.07,74745
16.09,74861
16.07,74977
16.10,75094
16.08,75211
16.05,75327
16.10,75444
16.06,75561
16.07,75676
16.05,75792
16.09,75909
16.09,76025
16.07,76140
16.08,76257
16.07,76374
16.06,76491
16.06,76608
16.12,76725
16.07,76841
16.09,76957
16.08,77074
16.08,77190
16.07,77307
16.07,77423
16.08,77539
16.09,77656
16.08,77772
16.09,77887
16.10,78004
16.09,78120
16.07,78235
16.10,78352
16.11,78469
16.07,78585
16.10,78701
16.06,78818
16.11,78934
16.07,79051
16.07,79167
16.10,79283
16.08,79401
16.09,79517
16.09,79633
16.08,79750
16.09,79867
16.11,79983
16.10,80100
16.11,80219
16.13,80335
16.13,80452
16.12,80568
16.12,80684
16.09,80801
16.10,80917
16.10,81033
16.12,81150
16.12,81265
16.11,81382
16.13,81499
16.12,81616
16.12,81731
16.13,81848
16.11,81964
16.13,82080
16.15,82196
16.10,82312
16.11,82428
16.16,82544
16.13,82661
16.12,82777
16.12,82894
16.12,83009
16.15,83125
16.14,83241
16.11,83357
16.14,83474
16.13,83590
16.14,83707
16.12,83822
16.13,83938
16.12,84054
16.09,84171
16.12,84286
16.11,84403
16.11,84520
16.14,84635
16.09,84752
16.13,84869
16.14,84985
16.11,85101
16.12,85218
16.13,85334
16.10,85450
16.14,85566
16.13,85682
16.10,85799
16.10,85914
16.13,86030
16.12,86147
16.12,86264
16.15,86379
16.13,86496
16.13,86612
16.16,86727
16.12,86844
16.18,86960
16.17,87076
16.15,87192
16.16,87308
16.13,87424
16.18,87541
16.15,87656
16.14,87772
16.13,87889
16.15,88005
16.12,88122
16.11,88239
16.15,88355
16.14,88470
16.13,88587
16.13,88704
16.14,88820
16.11,88936
16.15,89053
16.10,89169
16.13,89285
16.12,89401
16.10,89517
16.13,89634
16.11,89749
16.12,89865
16.13,89982
16.15,90097
16.15,90213
16.12,90330
16.12,90446
16.21,90562
16.19,90678
16.21,90795
16.19,90911
16.16,91026
16.18,91143
16.16,91259
16.14,91374
16.17,91491
16.17,91607
16.15,91723
16.17,91838
16.17,91954
16.15,92070
16.10,92186
