15.02,187
15.01,306
15.01,425
15.02,540
15.03,656
15.06,773
15.03,891
15.08,1007
15.07,1123
15.08,1240
15.05,1356
15.10,1471
15.15,1588
15.08,1704
15.12,1819
15.09,1936
15.10,2053
15.09,2169
15.14,2285
15.14,2402
15.17,2518
15.17,2635
15.15,2751
15.14,2867
15.13,2984
15.19,3100
15.19,3217
15.16,3334
15.20,3451
15.20,3566
15.21,3683
15.21,3800
15.15,3917
15.21,4033
15.22,4150
15.20,4267
15.22,4384
15.24,4500
15.23,4617
15.27,4735
15.27,4852
15.26,4968
15.35,5086
15.31,5204
15.28,5322
15.30,5439
15.30,5557
15.26,5674
15.27,5792
15.34,5909
15.34,6027
15.38,6145
15.31,6263
15.37,6380
15.36,6498
15.34,6616
15.32,6734
15.36,6851
15.31,6969
15.40,7086
15.41,7204
15.38,7321
15.35,7439
15.38,7557
15.43,7675
15.41,7792
15.40,7910
15.42,8028
15.40,8146
15.46,8262
15.46,8380
15.46,8498
15.48,8615
15.46,8732
15.44,8850
15.44,8967
15.44,9085
15.48,9202
15.47,9319
15.45,9437
15.50,9555
15.47,9671
15.46,9789
15.56,9907
15.52,10024
15.49,10141
15.53,10259
15.50,10376
15.55,10494
15.53,10612
15.49,10728
15.51,10846
15.48,10964
15.54,11080
15.48,11198
15.53,11316
15.57,11433
15.56,11551
15.52,11668
15.57,11785
15.52,11903
15.55,12021
15.61,12137
15.61,12255
15.57,12373
15.58,12490
15.58,12607
15.56,12725
15.53,12842
15.53,12960
15.55,13077
15.63,13194
15.61,13312
15.65,13430
15.65,13546
15.63,13664
15.59,13782
15.61,13899
15.62,14016
15.63,14134
15.64,14251
15.72,14369
15.65,14486
15.68,14604
15.65,14722
15.67,14840
15.68,14956
15.65,15074
15.65,15192
15.62,15309
15.58,15426
15.62,15544
15.68,15662
15.69,15779
15.71,15896
15.68,16013
15.67,16130
15.65,16248
15.69,16364
15.67,16481
15.67,16599
15.68,16716
15.66,16832
15.68,16949
15.68,17066
15.72,17183
15.66,17299
15.69,17417
15.71,17534
15.69,17652
15.69,17768
15.69,17885
15.71,18003
15.71,18120
15.70,18237
15.71,18355
15.75,18473
15.75,18589
15.74,18706
15.76,18823
15.73,18940
15.72,19057
15.74,19174
15.72,19291
15.73,19409
15.73,19525
15.72,19642
15.71,19760
15.77,19878
15.77,19993
15.79,20111
15.75,20228
15.77,20345
15.78,20462
15.72,20579
15.76,20696
15.79,20814
15.80,20930
15.78,21047
15.79,21164
15.76,21281
15.74,21397
15.78,21515
15.81,21632
15.79,21749
15.76,21865
15.84,21983
15.81,22100
15.82,22216
15.81,22333
15.84,22450
15.81,22567
15.83,22683
15.80,22800
15.80,22917
15.75,23034
15.81,23150
15.82,23266
15.85,23383
15.82,23500
15.84,23615
15.83,23732
15.80,23849
15.81,23964
15.85,24081
15.83,24198
15.82,24314
15.83,24430
15.84,24547
15.85,24663
15.84,24780
15.80,24896
15.82,25012
15.86,25129
15.85,25245
15.84,25362
15.85,25479
15.85,25596
15.82,25712
15.85,25829
15.88,25946
15.87,26063
15.86,26179
15.84,26296
15.87,26412
15.85,26529
15.89,26644
15.89,26760
15.86,26877
15.84,26993
15.84,27109
15.89,27226
15.85,27343
15.86,27458
15.88,27575
15.91,27692
15.89,27808
15.91,27924
15.88,28041
15.88,28157
15.87,28273
15.87,28390
15.91,28506
15.88,28623
15.90,28739
15.89,28855
15.93,28972
15.88,29088
15.86,29203
15.89,29320
15.89,29437
15.86,29552
15.90,29669
15.89,29786
15.86,29902
15.90,30018
15.89,30134
15.92,30250
15.86,30367
15.88,30483
15.89,30599
15.92,30715
15.90,30831
15.90,30947
15.93,31063
15.90,31179
15.92,31294
15.90,31410
15.91,31527
15.91,31642
15.92,31758
15.88,31874
15.90,31990
15.90,32105
15.90,32222
15.89,32339
15.90,32454
15.93,32571
15.91,32687
15.93,32803
15.91,32919
15.90,33035
15.91,33151
15.92,33266
15.93,33382
15.93,33498
15.92,33615
15.92,33730
15.95,33846
15.92,33962
15.92,34077
15.93,34193
15.91,34309
15.94,34425
15.93,34540
15.94,34657
15.94,34773
15.93,34888
15.97,35005
15.93,35122
15.95,35238
15.92,35354
15.92,35470
15.93,35586
15.95,35703
15.96,35819
15.93,35935
15.94,36052
15.94,36167
15.96,36283
15.95,36401
15.93,36517
15.96,36632
15.96,36750
15.95,36869
15.96,36985
15.95,37101
15.95,37219
15.96,37335
15.95,37452
15.97,37568
15.96,37685
15.98,37803
15.96,37921
15.94,38036
15.96,38152
15.96,38269
15.96,38384
15.96,38502
15.97,38619
15.95,38736
15.97,38852
15.98,38969
15.97,39088
15.95,39205
15.97,39321
15.96,39439
15.95,39555
15.96,39673
15.98,39789
15.98,39905
15.94,40022
15.97,40138
15.99,40253
15.96,40370
15.97,40487
15.97,40603
15.97,40720
15.98,40836
15.96,40955
15.95,41070
15.97,41188
15.97,41305
15.97,41422
15.96,41539
15.97,41657
15.96,41775
15.98,41891
15.97,42007
15.97,42125
15.97,42242
15.98,42358
15.97,42476
15.97,42595
15.98,42711
15.97,42828
15.97,42944
15.97,43060
15.98,43177
15.97,43297
15.99,43412
15.98,43529
15.98,43648
15.97,43766
15.98,43883
15.99,44001
15.97,44120
15.98,44239
15.98,44354
15.98,44470
15.98,44588
15.97,44704
15.98,44820
15.98,44937
15.99,45054
15.99,45170
15.98,45291
15.97,45409
15.99,45527
15.99,45643
15.98,45762
15.99,45878
15.98,45995
15.99,46113
15.99,46228
15.98,46345
15.98,46463
15.99,46578
15.98,46694
15.99,46810
15.98,46926
15.99,47040
15.99,47157
15.99,47275
15.99,47392
16.00,47509
15.98,47624
16.00,47740
16.00,47858
16.00,47975
15.99,48094
15.98,48212
16.00,48331
15.99,48449
15.98,48566
15.99,48683
15.99,48799
15.98,48914
16.00,49033
15.99,49152
15.99,49269
15.99,49385
15.98,49503
15.98,49620
16.00,49738
15.99,49853
15.99,49971
15.98,50087
15.99,50204
15.99,50321
15.98,50438
15.99,50555
15.99,50673
15.99,50790
15.99,50905
15.99,51022
16.00,51138
15.99,51259
15.99,51378
16.00,51496
16.00,51612
15.99,51732
15.99,51849
16.00,51966
15.99,52080
16.00,52201
15.99,52318
16.00,52438
16.00,52552
15.99,52675
15.99,52795
15.99,52914
16.00,53029
15.99,53144
15.98,53261
16.00,53380
15.99,53496
15.99,53613
16.00,53736
16.00,53854
15.99,53970
15.99,54085
15.99,54202
16.00,54318
15.99,54435
16.00,54552
16.00,54668
16.00,54783
16.00,54897
15.99,55014
16.00,55130
15.99,55248
16.00,55365
15.99,55480
16.00,55597
15.99,55724
16.00,55843
16.00,55959
16.00,56086
16.00,56201
16.00,56318
15.99,56440
16.00,56557
16.01,56674
15.99,56794
16.00,56911
16.00,57026
16.01,57152
16.00,57269
16.00,57385
16.00,57512
16.00,57634
16.00,57751
16.00,57868
16.00,57986
15.99,58103
15.99,58219
15.99,58346
16.00,58469
15.98,58588
16.00,58706
16.01,58821
16.02,58937
16.00,59053
16.00,59170
15.99,59287
16.00,59403
16.00,59519
16.00,59638
16.01,59756
16.00,59876
16.00,60001
16.01,60117
15.99,60232
16.01,60350
16.00,60467
16.00,60582
16.00,60703
16.01,60819
16.00,60936
16.00,61051
16.02,61169
16.01,61286
16.00,61405
16.00,61523
16.00,61639
16.01,61757
16.00,61875
16.01,61993
16.00,62109
16.01,62227
16.00,62345
16.00,62459
16.01,62578
16.00,62696
16.00,62813
15.99,62930
16.00,63046
16.01,63162
16.00,63279
16.00,63402
16.00,63516
16.01,63636
16.01,63753
16.02,63869
16.02,63985
16.00,64104
16.02,64224
16.01,64345
16.00,64464
16.00,64579
16.01,64697
16.01,64814
16.01,64932
16.00,65048
16.01,65164
16.01,65285
16.01,65411
16.00,65529
16.03,65652
16.02,65768
16.01,65885
16.00,66010
16.01,66129
16.01,66253
16.01,66376
16.02,66496
16.01,66612
16.00,66731
16.00,66848
16.02,66964
16.01,67085
16.01,67211
16.00,67328
16.01,67441
16.00,67558
16.01,67672
16.01,67788
16.00,67905
16.00,68026
16.01,68148
16.02,68271
16.00,68388
16.00,68503
16.02,68618
16.01,68736
16.01,68859
16.01,68974
16.02,69091
16.00,69207
16.00,69320
16.00,69435
16.03,69550
16.01,69666
16.00,69783
16.00,69900
16.02,70015
16.02,70132
16.02,70251
16.01,70372
16.01,70489
16.01,70604
16.03,70722
16.01,70839
16.01,70955
16.03,71073
16.02,71189
16.03,71305
16.02,71421
16.02,71536
16.02,71653
16.02,71771
16.02,71888
16.02,72003
16.02,72123
16.03,72239
16.02,72356
16.03,72472
16.01,72589
16.01,72706
16.03,72824
16.01,72941
16.03,73057
16.03,73173
16.01,73291
16.04,73409
16.02,73526
16.03,73642
16.03,73759
16.02,73875
16.02,73992
16.02,74109
16.02,74224
16.02,74342
16.03,74459

