# Mon Jun 03 14:25:08 2019
abstime,time_stamp,volt,curr,pf,mul
1559597108420,0.08,121.5,0.05248,0.526,3.35394432
1559597108467,0.127,121.5,0.05248,0.526,3.35394432
1559597108513,0.173,121.5,0.05248,0.526,3.35394432
1559597108577,0.237,121.5,0.054,0.533,3.497013
1559597108623,0.283,121.5,0.054,0.533,3.497013
1559597108668,0.328,121.5,0.054,0.533,3.497013
1559597108714,0.374,121.5,0.054,0.533,3.497013
1559597108776,0.436,121.5,0.05435,0.533,3.519678825
1559597108822,0.482,121.5,0.05435,0.533,3.519678825
1559597108867,0.527,121.5,0.05435,0.533,3.519678825
1559597108913,0.573,121.5,0.05435,0.533,3.519678825
1559597108977,0.637,121.5,0.05436,0.533,3.52032642
1559597109022,0.682,121.5,0.05436,0.533,3.52032642
1559597109068,0.728,121.5,0.05436,0.533,3.52032642
1559597109114,0.774,121.5,0.05436,0.533,3.52032642
1559597109176,0.836,121.5,0.05453,0.531,3.518084745
1559597109223,0.883,121.5,0.05453,0.531,3.518084745
1559597109269,0.929,121.5,0.05453,0.531,3.518084745
1559597109315,0.975,121.5,0.05453,0.531,3.518084745
1559597109377,1.037,121.5,0.05496,0.527,3.51911628
1559597109423,1.083,121.5,0.05496,0.527,3.51911628
1559597109469,1.129,121.5,0.05496,0.527,3.51911628
1559597109515,1.175,121.5,0.05496,0.527,3.51911628
1559597109576,1.236,121.6,0.05471,0.53,3.52595008
1559597109622,1.282,121.6,0.05471,0.53,3.52595008
1559597109668,1.329,121.6,0.05471,0.53,3.52595008
1559597109715,1.375,121.6,0.05471,0.53,3.52595008
1559597109777,1.437,121.6,0.05458,0.531,3.524208768
1559597109823,1.483,121.6,0.05458,0.531,3.524208768
1559597109869,1.529,121.6,0.05458,0.531,3.524208768
1559597109915,1.575,121.6,0.05458,0.531,3.524208768
1559597109976,1.636,121.6,0.05462,0.532,3.533433344
1559597110022,1.682,121.6,0.05462,0.532,3.533433344
1559597110069,1.729,121.6,0.05462,0.532,3.533433344
1559597110115,1.775,121.6,0.05462,0.532,3.533433344
1559597110177,1.837,121.6,0.05449,0.531,3.518397504
1559597110223,1.883,121.6,0.05449,0.531,3.518397504
1559597110269,1.929,121.6,0.05449,0.531,3.518397504
1559597110316,1.976,121.6,0.05449,0.531,3.518397504
1559597110377,2.037,121.6,0.05486,0.528,3.522275328
1559597110423,2.083,121.6,0.05486,0.528,3.522275328
1559597110469,2.129,121.6,0.05486,0.528,3.522275328
1559597110515,2.175,121.6,0.05486,0.528,3.522275328
1559597110577,2.237,121.6,0.05461,0.53,3.51950528
1559597110623,2.283,121.6,0.05461,0.53,3.51950528
1559597110669,2.329,121.6,0.05461,0.53,3.51950528
1559597110715,2.375,121.6,0.05461,0.53,3.51950528
1559597110776,2.436,121.6,0.05449,0.531,3.518397504
1559597110823,2.483,121.6,0.05449,0.531,3.518397504
1559597110869,2.529,121.6,0.05449,0.531,3.518397504
1559597110915,2.575,121.6,0.05449,0.531,3.518397504
1559597110976,2.636,121.6,0.05465,0.53,3.5220832
1559597111022,2.682,121.6,0.05465,0.53,3.5220832
1559597111068,2.728,121.6,0.05465,0.53,3.5220832
1559597111114,2.774,121.6,0.05465,0.53,3.5220832
1559597111177,2.837,121.6,0.05467,0.529,3.516724288
1559597111223,2.883,121.6,0.05467,0.529,3.516724288
1559597111269,2.929,121.6,0.05467,0.529,3.516724288
1559597111315,2.975,121.6,0.05467,0.529,3.516724288
1559597111376,3.036,121.6,0.05473,0.531,3.533894208
1559597111422,3.082,121.6,0.05473,0.531,3.533894208
1559597111469,3.129,121.6,0.05473,0.531,3.533894208
1559597111515,3.175,121.6,0.05473,0.531,3.533894208
1559597111577,3.237,121.5,0.05482,0.529,3.52347327
1559597111623,3.283,121.5,0.05482,0.529,3.52347327
1559597111669,3.329,121.5,0.05482,0.529,3.52347327
1559597111715,3.375,121.5,0.05482,0.529,3.52347327
1559597111776,3.436,121.5,0.05467,0.531,3.527117055
1559597111822,3.482,121.5,0.05467,0.531,3.527117055
1559597111869,3.529,121.5,0.05467,0.531,3.527117055
1559597111914,3.574,121.5,0.05467,0.531,3.527117055
1559597111977,3.637,121.5,0.05464,0.531,3.52518156
1559597112023,3.683,121.5,0.05464,0.531,3.52518156
1559597112069,3.729,121.5,0.05464,0.531,3.52518156
1559597112115,3.775,121.5,0.05464,0.531,3.52518156
1559597112176,3.836,121.5,0.05467,0.531,3.527117055
1559597112222,3.882,121.5,0.05467,0.531,3.527117055
1559597112269,3.929,121.5,0.05467,0.531,3.527117055
1559597112315,3.975,121.5,0.05467,0.531,3.527117055
1559597112376,4.036,121.5,0.05459,0.53,3.51532305
1559597112422,4.082,121.5,0.05459,0.53,3.51532305
1559597112468,4.128,121.5,0.05459,0.53,3.51532305
1559597112514,4.174,121.5,0.05459,0.53,3.51532305
1559597112576,4.236,121.5,0.05945,0.541,3.907737675
1559597112623,4.283,121.5,0.05945,0.541,3.907737675
1559597112669,4.329,121.5,0.05945,0.541,3.907737675
1559597112715,4.375,121.5,0.05945,0.541,3.907737675
1559597112776,4.436,121.5,0.0588,0.541,3.8650122
1559597112822,4.482,121.5,0.0588,0.541,3.8650122
1559597112869,4.529,121.5,0.0588,0.541,3.8650122
1559597112914,4.574,121.5,0.0588,0.541,3.8650122
1559597112977,4.637,121.5,0.05794,0.536,3.77328456
1559597113023,4.683,121.5,0.05794,0.536,3.77328456
1559597113069,4.729,121.5,0.05794,0.536,3.77328456
1559597113115,4.775,121.5,0.05794,0.536,3.77328456
1559597113176,4.836,121.5,0.0589,0.541,3.87158535
1559597113222,4.882,121.5,0.0589,0.541,3.87158535
1559597113269,4.929,121.5,0.0589,0.541,3.87158535
1559597113315,4.975,121.5,0.0589,0.541,3.87158535
1559597113376,5.036,121.5,0.05844,0.538,3.82004748
1559597113422,5.082,121.5,0.05844,0.538,3.82004748
1559597113468,5.128,121.5,0.05844,0.538,3.82004748
1559597113514,5.174,121.5,0.05844,0.538,3.82004748
1559597113577,5.237,121.5,0.05778,0.535,3.75584445
1559597113623,5.283,121.5,0.05778,0.535,3.75584445
1559597113669,5.329,121.5,0.05778,0.535,3.75584445
1559597113715,5.375,121.5,0.05778,0.535,3.75584445
1559597113776,5.436,121.6,0.05826,0.538,3.811415808
1559597113823,5.483,121.6,0.05826,0.538,3.811415808
1559597113869,5.529,121.6,0.05826,0.538,3.811415808
1559597113915,5.575,121.6,0.05826,0.538,3.811415808
1559597113976,5.636,121.6,0.05924,0.54,3.88993536
1559597114023,5.683,121.6,0.05924,0.54,3.88993536
1559597114069,5.729,121.6,0.05924,0.54,3.88993536
1559597114115,5.775,121.6,0.05924,0.54,3.88993536
1559597114176,5.836,121.6,0.05668,0.535,3.68737408
1559597114222,5.882,121.6,0.05668,0.535,3.68737408
1559597114268,5.928,121.6,0.05668,0.535,3.68737408
1559597114314,5.974,121.6,0.05668,0.535,3.68737408
1559597114376,6.036,121.6,0.05667,0.536,3.693614592
1559597114422,6.082,121.6,0.05667,0.536,3.693614592
1559597114468,6.128,121.6,0.05667,0.536,3.693614592
1559597114514,6.174,121.6,0.05667,0.536,3.693614592
1559597114577,6.237,121.6,0.05661,0.536,3.689703936
1559597114623,6.283,121.6,0.05661,0.536,3.689703936
1559597114669,6.329,121.6,0.05661,0.536,3.689703936
1559597114715,6.375,121.6,0.05661,0.536,3.689703936
1559597114776,6.436,121.6,0.05699,0.533,3.693681472
1559597114822,6.482,121.6,0.05699,0.533,3.693681472
1559597114869,6.529,121.6,0.05699,0.533,3.693681472
1559597114914,6.574,121.6,0.05699,0.533,3.693681472
1559597114976,6.636,121.6,0.05684,0.533,3.683959552
1559597115022,6.682,121.6,0.05684,0.533,3.683959552
1559597115069,6.729,121.6,0.05684,0.533,3.683959552
1559597115115,6.775,121.6,0.05684,0.533,3.683959552
1559597115176,6.836,121.6,0.05676,0.534,3.685676544
1559597115222,6.882,121.6,0.05676,0.534,3.685676544
1559597115268,6.928,121.6,0.05676,0.534,3.685676544
1559597115314,6.974,121.6,0.05676,0.534,3.685676544
1559597115375,7.035,121.6,0.05665,0.537,3.69919968
1559597115421,7.081,121.6,0.05665,0.537,3.69919968
1559597115467,7.127,121.6,0.05665,0.537,3.69919968
1559597115514,7.174,121.6,0.05665,0.537,3.69919968
1559597115576,7.236,121.6,0.05629,0.538,3.682536832
1559597115622,7.282,121.6,0.05629,0.538,3.682536832
1559597115668,7.328,121.6,0.05629,0.538,3.682536832
1559597115714,7.374,121.6,0.05629,0.538,3.682536832
1559597115776,7.436,121.6,0.05685,0.536,3.70534656
1559597115823,7.483,121.6,0.05685,0.536,3.70534656
1559597115869,7.529,121.6,0.05685,0.536,3.70534656
1559597115915,7.575,121.6,0.05685,0.536,3.70534656
1559597115976,7.636,121.6,0.05707,0.532,3.691926784
1559597116022,7.682,121.6,0.05707,0.532,3.691926784
1559597116068,7.728,121.6,0.05707,0.532,3.691926784
1559597116114,7.774,121.6,0.05707,0.532,3.691926784
1559597116176,7.836,121.6,0.05685,0.531,3.67078176
1559597116221,7.881,121.6,0.05685,0.531,3.67078176
1559597116267,7.927,121.6,0.05685,0.531,3.67078176
1559597116314,7.974,121.6,0.05685,0.531,3.67078176
1559597116376,8.036,121.6,0.05689,0.533,3.687200192
1559597116422,8.082,121.6,0.05689,0.533,3.687200192
1559597116468,8.128,121.6,0.05689,0.533,3.687200192
1559597116514,8.174,121.6,0.05689,0.533,3.687200192
1559597116576,8.236,121.6,0.05757,0.537,3.759274944
1559597116623,8.283,121.6,0.05757,0.537,3.759274944
1559597116669,8.329,121.6,0.05757,0.537,3.759274944
1559597116715,8.375,121.6,0.05757,0.537,3.759274944
1559597116776,8.436,121.6,0.05779,0.534,3.752558976
1559597116822,8.482,121.6,0.05779,0.534,3.752558976
1559597116869,8.529,121.6,0.05779,0.534,3.752558976
1559597116915,8.575,121.6,0.05779,0.534,3.752558976
1559597116976,8.636,121.6,0.05806,0.531,3.748910976
1559597117022,8.682,121.6,0.05806,0.531,3.748910976
1559597117068,8.728,121.6,0.05806,0.531,3.748910976
1559597117114,8.774,121.6,0.05806,0.531,3.748910976
1559597117176,8.836,121.6,0.05802,0.534,3.767493888
1559597117222,8.882,121.6,0.05802,0.534,3.767493888
1559597117269,8.929,121.6,0.05802,0.534,3.767493888
1559597117315,8.975,121.6,0.05802,0.534,3.767493888
1559597117376,9.036,121.5,0.05791,0.537,3.778366905
1559597117422,9.082,121.5,0.05791,0.537,3.778366905
1559597117468,9.128,121.5,0.05791,0.537,3.778366905
1559597117515,9.175,121.5,0.05791,0.537,3.778366905
1559597117576,9.236,121.5,0.05686,0.533,3.68222517
1559597117622,9.282,121.5,0.05686,0.533,3.68222517
1559597117668,9.328,121.5,0.05686,0.533,3.68222517
1559597117714,9.374,121.5,0.05686,0.533,3.68222517
1559597117775,9.436,121.6,0.0575,0.533,3.726736
1559597117821,9.481,121.6,0.0575,0.533,3.726736
1559597117868,9.528,121.6,0.0575,0.533,3.726736
1559597117914,9.574,121.6,0.0575,0.533,3.726736
1559597117976,9.636,121.6,0.05692,0.532,3.682223104
1559597118022,9.682,121.6,0.05692,0.532,3.682223104
1559597118068,9.728,121.6,0.05692,0.532,3.682223104
1559597118114,9.774,121.6,0.05692,0.532,3.682223104
1559597118176,9.836,121.6,0.05678,0.532,3.673166336
1559597118222,9.882,121.6,0.05678,0.532,3.673166336
1559597118269,9.929,121.6,0.05678,0.532,3.673166336
1559597118315,9.975,121.6,0.05678,0.532,3.673166336
1559597118376,10.036,121.6,0.05692,0.537,3.716830464
1559597118422,10.082,121.6,0.05692,0.537,3.716830464
1559597118468,10.129,121.6,0.05692,0.537,3.716830464
1559597118515,10.175,121.6,0.05692,0.537,3.716830464
1559597118576,10.236,121.6,0.0568,0.536,3.70208768
1559597118622,10.282,121.6,0.0568,0.536,3.70208768
1559597118668,10.328,121.6,0.0568,0.536,3.70208768
1559597118714,10.374,121.6,0.0568,0.536,3.70208768
1559597118775,10.435,121.7,0.05698,0.532,3.689135912
1559597118821,10.481,121.7,0.05698,0.532,3.689135912
1559597118868,10.528,121.7,0.05698,0.532,3.689135912
1559597118914,10.574,121.7,0.05698,0.532,3.689135912
1559597118975,10.635,121.7,0.06016,0.537,3.931630464
1559597119021,10.681,121.7,0.06016,0.537,3.931630464
1559597119067,10.727,121.7,0.06016,0.537,3.931630464
1559597119113,10.773,121.7,0.06016,0.537,3.931630464
1559597119175,10.835,121.7,0.0593,0.536,3.86821016
1559597119222,10.882,121.7,0.0593,0.536,3.86821016
1559597119268,10.928,121.7,0.0593,0.536,3.86821016
1559597119314,10.974,121.7,0.0593,0.536,3.86821016
1559597119376,11.036,121.7,0.05688,0.533,3.689583768
1559597119422,11.082,121.7,0.05688,0.533,3.689583768
1559597119468,11.128,121.7,0.05688,0.533,3.689583768
1559597119514,11.174,121.7,0.05688,0.533,3.689583768
1559597119575,11.235,121.6,0.05719,0.532,3.699689728
1559597119621,11.281,121.6,0.05719,0.532,3.699689728
1559597119668,11.328,121.6,0.05719,0.532,3.699689728
1559597119714,11.374,121.6,0.05719,0.532,3.699689728
1559597119776,11.436,121.6,0.05713,0.532,3.695808256
1559597119822,11.482,121.6,0.05713,0.532,3.695808256
1559597119868,11.528,121.6,0.05713,0.532,3.695808256
1559597119914,11.574,121.6,0.05713,0.532,3.695808256
1559597119975,11.635,121.6,0.05692,0.532,3.682223104
1559597120021,11.681,121.6,0.05692,0.532,3.682223104
1559597120068,11.728,121.6,0.05692,0.532,3.682223104
1559597120114,11.774,121.6,0.05692,0.532,3.682223104
1559597120175,11.835,121.6,0.05727,0.53,3.69093696
1559597120221,11.881,121.6,0.05727,0.53,3.69093696
1559597120267,11.927,121.6,0.05727,0.53,3.69093696
1559597120313,11.973,121.6,0.05727,0.53,3.69093696
1559597120376,12.036,121.6,0.05664,0.534,3.677884416
1559597120422,12.082,121.6,0.05664,0.534,3.677884416
1559597120468,12.128,121.6,0.05664,0.534,3.677884416
1559597120514,12.174,121.6,0.05664,0.534,3.677884416
1559597120576,12.236,121.6,0.05679,0.534,3.687624576
1559597120622,12.282,121.6,0.05679,0.534,3.687624576
1559597120668,12.328,121.6,0.05679,0.534,3.687624576
1559597120714,12.374,121.6,0.05679,0.534,3.687624576
1559597120775,12.435,121.6,0.05705,0.532,3.69063296
1559597120821,12.481,121.6,0.05705,0.532,3.69063296
1559597120868,12.528,121.6,0.05705,0.532,3.69063296
1559597120914,12.574,121.6,0.05705,0.532,3.69063296
1559597120976,12.636,121.6,0.05695,0.533,3.69108896
1559597121022,12.682,121.6,0.05695,0.533,3.69108896
1559597121068,12.728,121.6,0.05695,0.533,3.69108896
1559597121114,12.774,121.6,0.05695,0.533,3.69108896
1559597121175,12.835,121.6,0.05708,0.53,3.67869184
1559597121221,12.881,121.6,0.05708,0.53,3.67869184
1559597121267,12.927,121.6,0.05708,0.53,3.67869184
1559597121313,12.973,121.6,0.05708,0.53,3.67869184
1559597121376,13.036,121.6,0.05711,0.532,3.694514432
1559597121422,13.082,121.6,0.05711,0.532,3.694514432
1559597121468,13.128,121.6,0.05711,0.532,3.694514432
1559597121514,13.174,121.6,0.05711,0.532,3.694514432
1559597121576,13.236,121.5,0.05689,0.532,3.67725582
1559597121621,13.281,121.5,0.05689,0.532,3.67725582
1559597121668,13.328,121.5,0.05689,0.532,3.67725582
1559597121714,13.374,121.5,0.05689,0.532,3.67725582
1559597121775,13.435,121.6,0.05705,0.531,3.68369568
1559597121821,13.481,121.6,0.05705,0.531,3.68369568
1559597121867,13.527,121.6,0.05705,0.531,3.68369568
1559597121913,13.573,121.6,0.05705,0.531,3.68369568
1559597121975,13.635,121.6,0.0569,0.533,3.68784832
1559597122022,13.682,121.6,0.0569,0.533,3.68784832
1559597122068,13.728,121.6,0.0569,0.533,3.68784832
1559597122114,13.774,121.6,0.0569,0.533,3.68784832
1559597122175,13.835,121.6,0.05687,0.532,3.678988544
1559597122221,13.881,121.6,0.05687,0.532,3.678988544
1559597122267,13.927,121.6,0.05687,0.532,3.678988544
1559597122314,13.974,121.6,0.05687,0.532,3.678988544
1559597122375,14.035,121.6,0.05691,0.532,3.681576192
1559597122421,14.081,121.6,0.05691,0.532,3.681576192
1559597122467,14.127,121.6,0.05691,0.532,3.681576192
1559597122513,14.173,121.6,0.05691,0.532,3.681576192
1559597122575,14.235,121.6,0.05709,0.531,3.686278464
1559597122621,14.281,121.6,0.05709,0.531,3.686278464
1559597122667,14.327,121.6,0.05709,0.531,3.686278464
1559597122713,14.373,121.6,0.05709,0.531,3.686278464
1559597122775,14.435,121.6,0.05725,0.532,3.7035712
1559597122821,14.481,121.6,0.05725,0.532,3.7035712
1559597122868,14.528,121.6,0.05725,0.532,3.7035712
1559597122914,14.574,121.6,0.05725,0.532,3.7035712
1559597122975,14.635,121.7,0.05711,0.531,3.690602397
1559597123021,14.681,121.7,0.05711,0.531,3.690602397
1559597123067,14.727,121.7,0.05711,0.531,3.690602397
1559597123113,14.773,121.7,0.05711,0.531,3.690602397
1559597123176,14.836,121.7,0.05687,0.532,3.682014028
1559597123222,14.882,121.7,0.05687,0.532,3.682014028
1559597123268,14.928,121.7,0.05687,0.532,3.682014028
1559597123314,14.974,121.7,0.05687,0.532,3.682014028
1559597123375,15.035,121.7,0.05713,0.533,3.705800293
1559597123421,15.081,121.7,0.05713,0.533,3.705800293
1559597123467,15.127,121.7,0.05713,0.533,3.705800293
1559597123513,15.173,121.7,0.05713,0.533,3.705800293
1559597123576,15.236,121.7,0.05708,0.533,3.702556988
1559597123622,15.282,121.7,0.05708,0.533,3.702556988
1559597123668,15.328,121.7,0.05708,0.533,3.702556988
1559597123714,15.374,121.7,0.05708,0.533,3.702556988
1559597123775,15.435,121.7,0.05671,0.533,3.678556531
1559597123821,15.481,121.7,0.05671,0.533,3.678556531
1559597123867,15.527,121.7,0.05671,0.533,3.678556531
1559597123913,15.573,121.7,0.05671,0.533,3.678556531
1559597123975,15.635,121.7,0.05668,0.533,3.676610548
1559597124021,15.681,121.7,0.05668,0.533,3.676610548
1559597124067,15.727,121.7,0.05668,0.533,3.676610548
1559597124113,15.773,121.7,0.05668,0.533,3.676610548
1559597124175,15.835,121.7,0.05653,0.536,3.687519736
1559597124221,15.881,121.7,0.05653,0.536,3.687519736
1559597124267,15.927,121.7,0.05653,0.536,3.687519736
1559597124313,15.973,121.7,0.05653,0.536,3.687519736
1559597124375,16.035,121.7,0.05707,0.53,3.68107207
1559597124421,16.081,121.7,0.05707,0.53,3.68107207
1559597124467,16.127,121.7,0.05707,0.53,3.68107207
1559597124513,16.173,121.7,0.05707,0.53,3.68107207
1559597124575,16.235,121.6,0.05676,0.533,3.678774528
1559597124621,16.281,121.6,0.05676,0.533,3.678774528
1559597124667,16.327,121.6,0.05676,0.533,3.678774528
1559597124714,16.374,121.6,0.05676,0.533,3.678774528
1559597124775,16.435,121.6,0.05669,0.535,3.68802464
1559597124821,16.481,121.6,0.05669,0.535,3.68802464
1559597124867,16.527,121.6,0.05669,0.535,3.68802464
1559597124913,16.573,121.6,0.05669,0.535,3.68802464
1559597124975,16.635,121.6,0.05668,0.535,3.68737408
1559597125021,16.681,121.6,0.05668,0.535,3.68737408
1559597125067,16.727,121.6,0.05668,0.535,3.68737408
1559597125113,16.774,121.6,0.05668,0.535,3.68737408
1559597125175,16.835,121.6,0.05673,0.534,3.683728512
1559597125221,16.881,121.6,0.05673,0.534,3.683728512
1559597125267,16.927,121.6,0.05673,0.534,3.683728512
1559597125313,16.973,121.6,0.05673,0.534,3.683728512
1559597125375,17.035,121.6,0.0569,0.533,3.68784832
1559597125421,17.081,121.6,0.0569,0.533,3.68784832
1559597125467,17.127,121.6,0.0569,0.533,3.68784832
1559597125513,17.173,121.6,0.0569,0.533,3.68784832
1559597125575,17.236,121.5,0.05672,0.533,3.67315884
1559597125622,17.282,121.5,0.05672,0.533,3.67315884
1559597125668,17.328,121.5,0.05672,0.533,3.67315884
1559597125714,17.374,121.5,0.05672,0.533,3.67315884
1559597125775,17.435,121.6,0.05669,0.535,3.68802464
1559597125821,17.481,121.6,0.05669,0.535,3.68802464
1559597125867,17.528,121.6,0.05669,0.535,3.68802464
1559597125914,17.574,121.6,0.05669,0.535,3.68802464
1559597125975,17.635,121.6,0.05645,0.536,3.67927552
1559597126021,17.681,121.6,0.05645,0.536,3.67927552
1559597126067,17.727,121.6,0.05645,0.536,3.67927552
1559597126113,17.774,121.6,0.05645,0.536,3.67927552
1559597126174,17.835,121.6,0.05658,0.535,3.68086848
1559597126220,17.88,121.6,0.05658,0.535,3.68086848
1559597126267,17.927,121.6,0.05658,0.535,3.68086848
1559597126313,17.973,121.6,0.05658,0.535,3.68086848
1559597126375,18.035,121.6,0.05668,0.534,3.680481792
1559597126421,18.081,121.6,0.05668,0.534,3.680481792
1559597126467,18.127,121.6,0.05668,0.534,3.680481792
1559597126513,18.173,121.6,0.05668,0.534,3.680481792
1559597126575,18.235,121.6,0.05689,0.533,3.687200192
1559597126620,18.281,121.6,0.05689,0.533,3.687200192
1559597126666,18.326,121.6,0.05689,0.533,3.687200192
1559597126713,18.373,121.6,0.05689,0.533,3.687200192
1559597126775,18.435,121.6,0.05694,0.532,3.683516928
1559597126821,18.481,121.6,0.05694,0.532,3.683516928
1559597126867,18.527,121.6,0.05694,0.532,3.683516928
1559597126913,18.573,121.6,0.05694,0.532,3.683516928
1559597126975,18.635,121.7,0.05698,0.532,3.689135912
1559597127021,18.681,121.7,0.05698,0.532,3.689135912
1559597127067,18.727,121.7,0.05698,0.532,3.689135912
1559597127114,18.774,121.7,0.05698,0.532,3.689135912
1559597127175,18.835,121.7,0.05684,0.533,3.686989124
1559597127221,18.881,121.7,0.05684,0.533,3.686989124
1559597127267,18.927,121.7,0.05684,0.533,3.686989124
1559597127313,18.973,121.7,0.05684,0.533,3.686989124
1559597127375,19.035,121.7,0.05675,0.533,3.681151175
1559597127421,19.081,121.7,0.05675,0.533,3.681151175
1559597127467,19.127,121.7,0.05675,0.533,3.681151175
1559597127513,19.173,121.7,0.05675,0.533,3.681151175
1559597127575,19.235,121.7,0.05685,0.534,3.69455643
1559597127621,19.281,121.7,0.05685,0.534,3.69455643
1559597127668,19.328,121.7,0.05685,0.534,3.69455643
1559597127714,19.374,121.7,0.05685,0.534,3.69455643
1559597127775,19.435,121.7,0.05666,0.535,3.68910427
1559597127821,19.481,121.7,0.05666,0.535,3.68910427
1559597127867,19.527,121.7,0.05666,0.535,3.68910427
1559597127913,19.573,121.7,0.05666,0.535,3.68910427
1559597127974,19.634,121.7,0.05634,0.538,3.688838964
1559597128020,19.68,121.7,0.05634,0.538,3.688838964
1559597128066,19.726,121.7,0.05634,0.538,3.688838964
1559597128114,19.774,121.7,0.05634,0.538,3.688838964
1559597128174,19.835,121.7,0.05649,0.535,3.678035655
1559597128220,19.88,121.7,0.05649,0.535,3.678035655
1559597128267,19.927,121.7,0.05649,0.535,3.678035655
1559597128313,19.973,121.7,0.05649,0.535,3.678035655
1559597128375,20.035,121.6,0.05643,0.536,3.677971968
1559597128421,20.081,121.6,0.05643,0.536,3.677971968
1559597128467,20.127,121.6,0.05643,0.536,3.677971968
1559597128513,20.173,121.6,0.05643,0.536,3.677971968
1559597128574,20.234,121.6,0.05702,0.536,3.716426752
1559597128620,20.28,121.6,0.05702,0.536,3.716426752
1559597128666,20.326,121.6,0.05702,0.536,3.716426752
1559597128712,20.372,121.6,0.05702,0.536,3.716426752
1559597128774,20.435,121.6,0.05687,0.533,3.685903936
1559597128821,20.481,121.6,0.05687,0.533,3.685903936
1559597128867,20.527,121.6,0.05687,0.533,3.685903936
1559597128913,20.573,121.6,0.05687,0.533,3.685903936
1559597128975,20.635,121.6,0.05681,0.534,3.688923264
1559597129021,20.681,121.6,0.05681,0.534,3.688923264
1559597129067,20.727,121.6,0.05681,0.534,3.688923264
1559597129114,20.774,121.6,0.05681,0.534,3.688923264
1559597129175,20.835,121.6,0.05659,0.535,3.68151904
1559597129221,20.881,121.6,0.05659,0.535,3.68151904
1559597129267,20.927,121.6,0.05659,0.535,3.68151904
1559597129313,20.973,121.6,0.05659,0.535,3.68151904
1559597129374,21.034,121.6,0.05656,0.537,3.693322752
1559597129420,21.08,121.6,0.05656,0.537,3.693322752
1559597129466,21.126,121.6,0.05656,0.537,3.693322752
1559597129513,21.173,121.6,0.05656,0.537,3.693322752
1559597129575,21.235,121.5,0.05633,0.538,3.68212311
1559597129621,21.281,121.5,0.05633,0.538,3.68212311
1559597129667,21.327,121.5,0.05633,0.538,3.68212311
1559597129713,21.373,121.5,0.05633,0.538,3.68212311
1559597129775,21.435,121.5,0.05655,0.536,3.6827622
1559597129821,21.481,121.5,0.05655,0.536,3.6827622
1559597129867,21.528,121.5,0.05655,0.536,3.6827622
1559597129914,21.574,121.5,0.05655,0.536,3.6827622
1559597129975,21.635,121.6,0.05654,0.535,3.67826624
1559597130021,21.681,121.6,0.05654,0.535,3.67826624
1559597130067,21.727,121.6,0.05654,0.535,3.67826624
1559597130113,21.773,121.6,0.05654,0.535,3.67826624
1559597130175,21.835,121.6,0.05662,0.535,3.68347072
1559597130221,21.881,121.6,0.05662,0.535,3.68347072
1559597130267,21.927,121.6,0.05662,0.535,3.68347072
1559597130313,21.973,121.6,0.05662,0.535,3.68347072
1559597130375,22.035,121.6,0.0567,0.533,3.67488576
1559597130421,22.081,121.6,0.0567,0.533,3.67488576
1559597130467,22.127,121.6,0.0567,0.533,3.67488576
1559597130513,22.173,121.6,0.0567,0.533,3.67488576
1559597130574,22.234,121.6,0.05648,0.535,3.67436288
1559597130620,22.28,121.6,0.05648,0.535,3.67436288
1559597130666,22.326,121.6,0.05648,0.535,3.67436288
1559597130712,22.372,121.6,0.05648,0.535,3.67436288
1559597130775,22.435,121.6,0.05693,0.533,3.689792704
1559597130821,22.481,121.6,0.05693,0.533,3.689792704
1559597130867,22.527,121.6,0.05693,0.533,3.689792704
1559597130913,22.573,121.6,0.05693,0.533,3.689792704
1559597130974,22.634,121.6,0.05741,0.532,3.713921792
1559597131020,22.68,121.6,0.05741,0.532,3.713921792
1559597131067,22.727,121.6,0.05741,0.532,3.713921792
1559597131113,22.773,121.6,0.05741,0.532,3.713921792
1559597131174,22.834,121.7,0.05684,0.532,3.680071696
1559597131220,22.88,121.7,0.05684,0.532,3.680071696
1559597131266,22.926,121.7,0.05684,0.532,3.680071696
1559597131312,22.972,121.7,0.05684,0.532,3.680071696
1559597131374,23.034,121.7,0.05674,0.534,3.687407772
1559597131421,23.081,121.7,0.05674,0.534,3.687407772
1559597131467,23.127,121.7,0.05674,0.534,3.687407772
1559597131513,23.173,121.7,0.05674,0.534,3.687407772
1559597131574,23.234,121.7,0.0566,0.535,3.6851977
1559597131620,23.28,121.7,0.0566,0.535,3.6851977
1559597131666,23.326,121.7,0.0566,0.535,3.6851977
1559597131713,23.373,121.7,0.0566,0.535,3.6851977
1559597131774,23.434,121.7,0.0567,0.534,3.68480826
1559597131820,23.48,121.7,0.0567,0.534,3.68480826
1559597131866,23.526,121.7,0.0567,0.534,3.68480826
1559597131912,23.572,121.7,0.0567,0.534,3.68480826
1559597131974,23.634,121.7,0.05697,0.532,3.688488468
1559597132020,23.68,121.7,0.05697,0.532,3.688488468
1559597132066,23.726,121.7,0.05697,0.532,3.688488468
1559597132112,23.772,121.7,0.05697,0.532,3.688488468
1559597132174,23.834,121.7,0.05684,0.532,3.680071696
1559597132220,23.88,121.7,0.05684,0.532,3.680071696
1559597132266,23.926,121.7,0.05684,0.532,3.680071696
1559597132312,23.972,121.7,0.05684,0.532,3.680071696
1559597132375,24.035,121.6,0.05672,0.534,3.683079168
1559597132421,24.081,121.6,0.05672,0.534,3.683079168
1559597132467,24.127,121.6,0.05672,0.534,3.683079168
1559597132513,24.173,121.6,0.05672,0.534,3.683079168
1559597132574,24.234,121.6,0.05669,0.534,3.681131136
1559597132620,24.28,121.6,0.05669,0.534,3.681131136
1559597132666,24.326,121.6,0.05669,0.534,3.681131136
1559597132712,24.372,121.6,0.05669,0.534,3.681131136
1559597132775,24.435,121.6,0.05691,0.531,3.674655936
1559597132821,24.481,121.6,0.05691,0.531,3.674655936
1559597132867,24.527,121.6,0.05691,0.531,3.674655936
1559597132913,24.573,121.6,0.05691,0.531,3.674655936
1559597132974,24.634,121.6,0.05681,0.534,3.688923264
1559597133020,24.68,121.6,0.05681,0.534,3.688923264
1559597133066,24.726,121.6,0.05681,0.534,3.688923264
1559597133113,24.773,121.6,0.05681,0.534,3.688923264
1559597133174,24.834,121.6,0.05679,0.534,3.687624576
1559597133220,24.88,121.6,0.05679,0.534,3.687624576
1559597133266,24.926,121.6,0.05679,0.534,3.687624576
1559597133312,24.972,121.6,0.05679,0.534,3.687624576
1559597133374,25.034,121.6,0.05639,0.537,3.682221888
1559597133420,25.08,121.6,0.05639,0.537,3.682221888
1559597133467,25.127,121.6,0.05639,0.537,3.682221888
1559597133512,25.172,121.6,0.05639,0.537,3.682221888
1559597133574,25.234,121.5,0.05666,0.537,3.69681003
1559597133620,25.28,121.5,0.05666,0.537,3.69681003
1559597133666,25.326,121.5,0.05666,0.537,3.69681003
1559597133712,25.372,121.5,0.05666,0.537,3.69681003
1559597133774,25.434,121.5,0.05659,0.535,3.678491475
1559597133820,25.48,121.5,0.05659,0.535,3.678491475
1559597133866,25.526,121.5,0.05659,0.535,3.678491475
1559597133912,25.572,121.5,0.05659,0.535,3.678491475
1559597133974,25.634,121.5,0.05693,0.533,3.686758335
1559597134019,25.679,121.5,0.05693,0.533,3.686758335
1559597134066,25.726,121.5,0.05693,0.533,3.686758335
1559597134113,25.773,121.5,0.05693,0.533,3.686758335
1559597134174,25.834,121.6,0.05659,0.535,3.68151904
1559597134220,25.88,121.6,0.05659,0.535,3.68151904
1559597134266,25.926,121.6,0.05659,0.535,3.68151904
1559597134312,25.972,121.6,0.05659,0.535,3.68151904
1559597134373,26.034,121.6,0.0566,0.536,3.68905216
1559597134420,26.08,121.6,0.0566,0.536,3.68905216
1559597134466,26.126,121.6,0.0566,0.536,3.68905216
1559597134512,26.172,121.6,0.0566,0.536,3.68905216
1559597134574,26.234,121.6,0.05654,0.536,3.685141504
1559597134620,26.28,121.6,0.05654,0.536,3.685141504
1559597134666,26.326,121.6,0.05654,0.536,3.685141504
1559597134712,26.372,121.6,0.05654,0.536,3.685141504
1559597134774,26.434,121.6,0.05667,0.535,3.68672352
1559597134819,26.479,121.6,0.05667,0.535,3.68672352
1559597134866,26.526,121.6,0.05667,0.535,3.68672352
1559597134912,26.572,121.6,0.05667,0.535,3.68672352
1559597134974,26.634,121.6,0.05762,0.534,3.741520128
1559597135020,26.68,121.6,0.05762,0.534,3.741520128
1559597135066,26.726,121.6,0.05762,0.534,3.741520128
1559597135112,26.772,121.6,0.05762,0.534,3.741520128
1559597135174,26.834,121.6,0.05771,0.534,3.747364224
1559597135219,26.879,121.6,0.05771,0.534,3.747364224
1559597135265,26.925,121.6,0.05771,0.534,3.747364224
1559597135313,26.973,121.6,0.05771,0.534,3.747364224
1559597135374,27.034,121.6,0.05743,0.537,3.750133056
1559597135420,27.08,121.6,0.05743,0.537,3.750133056
1559597135466,27.126,121.6,0.05743,0.537,3.750133056
1559597135512,27.172,121.6,0.05743,0.537,3.750133056
1559597135573,27.233,121.6,0.05758,0.54,3.78093312
1559597135619,27.279,121.6,0.05758,0.54,3.78093312
1559597135665,27.325,121.6,0.05758,0.54,3.78093312
1559597135712,27.372,121.6,0.05758,0.54,3.78093312
1559597135774,27.434,121.6,0.0569,0.537,3.71552448
1559597135820,27.48,121.6,0.0569,0.537,3.71552448
1559597135866,27.526,121.6,0.0569,0.537,3.71552448
1559597135912,27.572,121.6,0.0569,0.537,3.71552448
1559597135973,27.634,121.7,0.05658,0.536,3.690781296
1559597136019,27.679,121.7,0.05658,0.536,3.690781296
1559597136065,27.725,121.7,0.05658,0.536,3.690781296
1559597136112,27.772,121.7,0.05658,0.536,3.690781296
1559597136174,27.834,121.7,0.05661,0.535,3.685848795
1559597136220,27.88,121.7,0.05661,0.535,3.685848795
1559597136266,27.926,121.7,0.05661,0.535,3.685848795
1559597136312,27.972,121.7,0.05661,0.535,3.685848795
1559597136373,28.033,121.7,0.05658,0.535,3.68389551
1559597136419,28.079,121.7,0.05658,0.535,3.68389551
1559597136465,28.125,121.7,0.05658,0.535,3.68389551
1559597136512,28.172,121.7,0.05658,0.535,3.68389551
1559597136574,28.234,121.7,0.05662,0.535,3.68649989
1559597136620,28.28,121.7,0.05662,0.535,3.68649989
1559597136666,28.326,121.7,0.05662,0.535,3.68649989
1559597136712,28.372,121.7,0.05662,0.535,3.68649989
1559597136773,28.433,121.6,0.05675,0.534,3.6850272
1559597136819,28.479,121.6,0.05675,0.534,3.6850272
1559597136865,28.525,121.6,0.05675,0.534,3.6850272
1559597136911,28.572,121.6,0.05675,0.534,3.6850272
1559597136974,28.634,121.7,0.05715,0.531,3.693187305
1559597137020,28.68,121.7,0.05715,0.531,3.693187305
1559597137066,28.726,121.7,0.05715,0.531,3.693187305
1559597137112,28.772,121.7,0.05715,0.531,3.693187305
1559597137173,28.833,121.7,0.05687,0.532,3.682014028
1559597137219,28.879,121.7,0.05687,0.532,3.682014028
1559597137265,28.925,121.7,0.05687,0.532,3.682014028
1559597137311,28.971,121.7,0.05687,0.532,3.682014028
1559597137374,29.034,121.6,0.05677,0.534,3.686325888
1559597137420,29.08,121.6,0.05677,0.534,3.686325888
1559597137466,29.126,121.6,0.05677,0.534,3.686325888
1559597137512,29.172,121.6,0.05677,0.534,3.686325888
1559597137574,29.234,121.6,0.05674,0.533,3.677478272
1559597137620,29.28,121.6,0.05674,0.533,3.677478272
1559597137666,29.326,121.6,0.05674,0.533,3.677478272
1559597137712,29.372,121.6,0.05674,0.533,3.677478272
1559597137773,29.433,121.6,0.0569,0.533,3.68784832
1559597137819,29.479,121.6,0.0569,0.533,3.68784832
1559597137865,29.525,121.6,0.0569,0.533,3.68784832
1559597137911,29.571,121.6,0.0569,0.533,3.68784832
1559597137974,29.634,121.5,0.05661,0.536,3.68666964
1559597138019,29.68,121.5,0.05661,0.536,3.68666964
1559597138066,29.726,121.5,0.05661,0.536,3.68666964
1559597138112,29.772,121.5,0.05661,0.536,3.68666964
1559597138174,29.834,121.6,0.05678,0.534,3.686975232
1559597138220,29.88,121.6,0.05678,0.534,3.686975232
1559597138266,29.926,121.6,0.05678,0.534,3.686975232
1559597138312,29.973,121.6,0.05678,0.534,3.686975232
1559597138373,30.034,121.5,0.05706,0.533,3.69517707
1559597138419,30.079,121.5,0.05706,0.533,3.69517707
1559597138466,30.126,121.5,0.05706,0.533,3.69517707
1559597138512,30.172,121.5,0.05706,0.533,3.69517707
1559597138574,30.234,121.5,0.05707,0.533,3.695824665
1559597138620,30.28,121.5,0.05707,0.533,3.695824665
1559597138666,30.326,121.5,0.05707,0.533,3.695824665
1559597138712,30.372,121.5,0.05707,0.533,3.695824665
1559597138773,30.433,121.5,0.05679,0.534,3.68459199
1559597138820,30.48,121.5,0.05679,0.534,3.68459199
1559597138866,30.526,121.5,0.05679,0.534,3.68459199
1559597138912,30.572,121.5,0.05679,0.534,3.68459199
1559597138974,30.634,121.5,0.05703,0.538,3.72788001
1559597139020,30.68,121.5,0.05703,0.538,3.72788001
1559597139066,30.726,121.5,0.05703,0.538,3.72788001
1559597139112,30.772,121.5,0.05703,0.538,3.72788001
1559597139173,30.833,121.6,0.05743,0.537,3.750133056
1559597139219,30.879,121.6,0.05743,0.537,3.750133056
1559597139265,30.925,121.6,0.05743,0.537,3.750133056
1559597139311,30.971,121.6,0.05743,0.537,3.750133056
1559597139374,31.034,121.6,0.05747,0.538,3.759733376
1559597139420,31.08,121.6,0.05747,0.538,3.759733376
1559597139466,31.126,121.6,0.05747,0.538,3.759733376
1559597139512,31.172,121.6,0.05747,0.538,3.759733376
1559597139573,31.233,121.6,0.05754,0.538,3.764312832
1559597139619,31.279,121.6,0.05754,0.538,3.764312832
1559597139665,31.325,121.6,0.05754,0.538,3.764312832
1559597139711,31.371,121.6,0.05754,0.538,3.764312832
1559597139773,31.433,121.6,0.05766,0.535,3.75112896
1559597139819,31.479,121.6,0.05766,0.535,3.75112896
1559597139865,31.525,121.6,0.05766,0.535,3.75112896
1559597139911,31.572,121.6,0.05766,0.535,3.75112896
1559597139974,31.634,121.6,0.05745,0.538,3.75842496
1559597140020,31.68,121.6,0.05745,0.538,3.75842496
1559597140066,31.726,121.6,0.05745,0.538,3.75842496
1559597140112,31.772,121.6,0.05745,0.538,3.75842496
1559597140173,31.834,121.6,0.05746,0.538,3.759079168
1559597140220,31.88,121.6,0.05746,0.538,3.759079168
1559597140266,31.926,121.6,0.05746,0.538,3.759079168
1559597140312,31.972,121.6,0.05746,0.538,3.759079168
1559597140373,32.033,121.7,0.05756,0.537,3.761712924
1559597140419,32.079,121.7,0.05756,0.537,3.761712924
1559597140465,32.125,121.7,0.05756,0.537,3.761712924
1559597140511,32.171,121.7,0.05756,0.537,3.761712924
1559597140573,32.233,121.7,0.05797,0.536,3.781452664
1559597140620,32.28,121.7,0.05797,0.536,3.781452664
1559597140666,32.326,121.7,0.05797,0.536,3.781452664
1559597140712,32.372,121.7,0.05797,0.536,3.781452664
1559597140773,32.433,121.7,0.05774,0.537,3.773476446
1559597140819,32.479,121.7,0.05774,0.537,3.773476446
1559597140865,32.525,121.7,0.05774,0.537,3.773476446
1559597140911,32.571,121.7,0.05774,0.537,3.773476446
1559597140973,32.633,121.7,0.05751,0.536,3.751446312
1559597141019,32.679,121.7,0.05751,0.536,3.751446312
1559597141065,32.725,121.7,0.05751,0.536,3.751446312
1559597141112,32.772,121.7,0.05751,0.536,3.751446312
1559597141173,32.833,121.7,0.05756,0.538,3.768717976
1559597141219,32.879,121.7,0.05756,0.538,3.768717976
1559597141265,32.925,121.7,0.05756,0.538,3.768717976
1559597141311,32.971,121.7,0.05756,0.538,3.768717976
1559597141373,33.033,121.7,0.05767,0.537,3.768901743
1559597141419,33.079,121.7,0.05767,0.537,3.768901743
1559597141465,33.125,121.7,0.05767,0.537,3.768901743
1559597141511,33.171,121.7,0.05767,0.537,3.768901743
1559597141574,33.234,121.7,0.05753,0.535,3.745749535
1559597141620,33.28,121.7,0.05753,0.535,3.745749535
1559597141666,33.326,121.7,0.05753,0.535,3.745749535
1559597141712,33.372,121.7,0.05753,0.535,3.745749535
1559597141773,33.433,121.6,0.05764,0.534,3.742818816
1559597141819,33.479,121.6,0.05764,0.534,3.742818816
1559597141866,33.526,121.6,0.05764,0.534,3.742818816
1559597141911,33.572,121.6,0.05764,0.534,3.742818816
1559597141973,33.633,121.6,0.05782,0.534,3.754507008
1559597142019,33.679,121.6,0.05782,0.534,3.754507008
1559597142065,33.725,121.6,0.05782,0.534,3.754507008
1559597142111,33.771,121.6,0.05782,0.534,3.754507008
1559597142173,33.833,121.6,0.05784,0.536,3.769872384
1559597142219,33.879,121.6,0.05784,0.536,3.769872384
1559597142265,33.925,121.6,0.05784,0.536,3.769872384
1559597142311,33.971,121.6,0.05784,0.536,3.769872384
1559597142374,34.034,121.6,0.05772,0.535,3.75503232
1559597142420,34.08,121.6,0.05772,0.535,3.75503232
1559597142466,34.126,121.6,0.05772,0.535,3.75503232
1559597142512,34.172,121.6,0.05772,0.535,3.75503232
1559597142573,34.233,121.5,0.05804,0.538,3.79390068
1559597142620,34.28,121.5,0.05804,0.538,3.79390068
1559597142666,34.326,121.5,0.05804,0.538,3.79390068
1559597142712,34.372,121.5,0.05804,0.538,3.79390068
1559597142773,34.433,121.5,0.05787,0.536,3.76872588
1559597142819,34.479,121.5,0.05787,0.536,3.76872588
1559597142865,34.525,121.5,0.05787,0.536,3.76872588
1559597142911,34.571,121.5,0.05787,0.536,3.76872588
1559597142973,34.633,121.5,0.05805,0.539,3.801607425
1559597143020,34.68,121.5,0.05805,0.539,3.801607425
1559597143066,34.726,121.5,0.05805,0.539,3.801607425
1559597143112,34.772,121.5,0.05805,0.539,3.801607425
1559597143173,34.833,121.5,0.05796,0.54,3.8027556
1559597143219,34.879,121.5,0.05796,0.54,3.8027556
1559597143265,34.925,121.5,0.05796,0.54,3.8027556
1559597143311,34.971,121.5,0.05796,0.54,3.8027556
1559597143374,35.034,121.5,0.05787,0.54,3.7968507
1559597143420,35.08,121.5,0.05787,0.54,3.7968507
1559597143466,35.126,121.5,0.05787,0.54,3.7968507
1559597143512,35.172,121.5,0.05787,0.54,3.7968507
1559597143573,35.233,121.5,0.05739,0.542,3.77930367
1559597143619,35.279,121.5,0.05739,0.542,3.77930367
1559597143665,35.325,121.5,0.05739,0.542,3.77930367
1559597143711,35.371,121.5,0.05739,0.542,3.77930367
1559597143774,35.434,121.5,0.0576,0.541,3.7861344
1559597143820,35.48,121.5,0.0576,0.541,3.7861344
1559597143866,35.526,121.5,0.0576,0.541,3.7861344
1559597143912,35.572,121.5,0.0576,0.541,3.7861344
1559597143973,35.633,121.6,0.05753,0.538,3.763658624
1559597144019,35.679,121.6,0.05753,0.538,3.763658624
1559597144065,35.725,121.6,0.05753,0.538,3.763658624
1559597144111,35.771,121.6,0.05753,0.538,3.763658624
1559597144173,35.833,121.6,0.05744,0.536,3.743801344
1559597144220,35.88,121.6,0.05744,0.536,3.743801344
1559597144266,35.926,121.6,0.05744,0.536,3.743801344
1559597144312,35.972,121.6,0.05744,0.536,3.743801344
1559597144373,36.033,121.6,0.05733,0.538,3.750574464
1559597144419,36.079,121.6,0.05733,0.538,3.750574464
1559597144465,36.125,121.6,0.05733,0.538,3.750574464
1559597144511,36.171,121.6,0.05733,0.538,3.750574464
1559597144573,36.233,121.6,0.05724,0.539,3.751646976
1559597144618,36.278,121.6,0.05724,0.539,3.751646976
1559597144665,36.325,121.6,0.05724,0.539,3.751646976
1559597144711,36.371,121.6,0.05724,0.539,3.751646976
1559597144773,36.433,121.6,0.05707,0.54,3.74744448
1559597144819,36.48,121.6,0.05707,0.54,3.74744448
1559597144866,36.526,121.6,0.05707,0.54,3.74744448
1559597144912,36.572,121.6,0.05707,0.54,3.74744448
1559597144973,36.633,121.6,0.0571,0.54,3.7494144
1559597145019,36.679,121.6,0.0571,0.54,3.7494144
1559597145065,36.725,121.6,0.0571,0.54,3.7494144
1559597145111,36.771,121.6,0.0571,0.54,3.7494144
1559597145172,36.832,121.7,0.05709,0.54,3.75184062
1559597145218,36.878,121.7,0.05709,0.54,3.75184062
1559597145264,36.925,121.7,0.05709,0.54,3.75184062
1559597145310,36.971,121.7,0.05709,0.54,3.75184062
1559597145373,37.033,121.7,0.05701,0.539,3.739645063
1559597145419,37.079,121.7,0.05701,0.539,3.739645063
1559597145465,37.125,121.7,0.05701,0.539,3.739645063
1559597145511,37.171,121.7,0.05701,0.539,3.739645063
1559597145573,37.233,121.7,0.05721,0.536,3.731876952
1559597145618,37.279,121.7,0.05721,0.536,3.731876952
1559597145665,37.325,121.7,0.05721,0.536,3.731876952
1559597145711,37.371,121.7,0.05721,0.536,3.731876952
1559597145773,37.433,121.7,0.05724,0.538,3.747766104
1559597145819,37.479,121.7,0.05724,0.538,3.747766104
1559597145865,37.526,121.7,0.05724,0.538,3.747766104
1559597145912,37.572,121.7,0.05724,0.538,3.747766104
1559597145973,37.633,121.7,0.05737,0.537,3.749295873
1559597146019,37.679,121.7,0.05737,0.537,3.749295873
1559597146065,37.725,121.7,0.05737,0.537,3.749295873
1559597146111,37.771,121.7,0.05737,0.537,3.749295873
1559597146173,37.833,121.7,0.05748,0.535,3.74249406
1559597146219,37.879,121.7,0.05748,0.535,3.74249406
1559597146265,37.925,121.7,0.05748,0.535,3.74249406
1559597146311,37.971,121.7,0.05748,0.535,3.74249406
1559597146372,38.032,121.6,0.05713,0.538,3.737490304
1559597146419,38.079,121.6,0.05713,0.538,3.737490304
1559597146464,38.125,121.6,0.05713,0.538,3.737490304
1559597146511,38.171,121.6,0.05713,0.538,3.737490304
1559597146573,38.233,121.6,0.0572,0.539,3.74902528
1559597146619,38.279,121.6,0.0572,0.539,3.74902528
1559597146665,38.325,121.6,0.0572,0.539,3.74902528
1559597146711,38.371,121.6,0.0572,0.539,3.74902528
1559597146772,38.432,121.6,0.05707,0.54,3.74744448
1559597146818,38.478,121.6,0.05707,0.54,3.74744448
1559597146864,38.524,121.6,0.05707,0.54,3.74744448
1559597146910,38.57,121.6,0.05707,0.54,3.74744448
1559597146972,38.633,121.6,0.05739,0.539,3.761478336
1559597147019,38.679,121.6,0.05739,0.539,3.761478336
1559597147065,38.725,121.6,0.05739,0.539,3.761478336
1559597147111,38.771,121.6,0.05739,0.539,3.761478336
1559597147173,38.833,121.5,0.05773,0.535,3.752594325
1559597147220,38.88,121.5,0.05773,0.535,3.752594325
1559597147266,38.926,121.5,0.05773,0.535,3.752594325
1559597147312,38.972,121.5,0.05773,0.535,3.752594325
1559597147373,39.033,121.5,0.05783,0.536,3.76612092
1559597147419,39.079,121.5,0.05783,0.536,3.76612092
1559597147465,39.125,121.5,0.05783,0.536,3.76612092
1559597147511,39.171,121.5,0.05783,0.536,3.76612092
1559597147572,39.232,121.5,0.05778,0.537,3.76988499
1559597147618,39.278,121.5,0.05778,0.537,3.76988499
1559597147664,39.324,121.5,0.05778,0.537,3.76988499
1559597147710,39.37,121.5,0.05778,0.537,3.76988499
1559597147772,39.432,121.5,0.05743,0.538,3.75402681
1559597147819,39.479,121.5,0.05743,0.538,3.75402681
1559597147865,39.525,121.5,0.05743,0.538,3.75402681
1559597147911,39.571,121.5,0.05743,0.538,3.75402681
1559597147973,39.633,121.5,0.05665,0.536,3.6892746
1559597148019,39.679,121.5,0.05665,0.536,3.6892746
1559597148065,39.725,121.5,0.05665,0.536,3.6892746
1559597148111,39.771,121.5,0.05665,0.536,3.6892746
1559597148172,39.832,121.6,0.05687,0.534,3.692819328
1559597148218,39.878,121.6,0.05687,0.534,3.692819328
1559597148264,39.924,121.6,0.05687,0.534,3.692819328
1559597148311,39.971,121.6,0.05687,0.534,3.692819328
1559597148373,40.033,121.6,0.05656,0.536,3.686445056
1559597148419,40.079,121.6,0.05656,0.536,3.686445056
1559597148465,40.125,121.6,0.05656,0.536,3.686445056
1559597148511,40.171,121.6,0.05656,0.536,3.686445056
1559597148572,40.232,121.6,0.05651,0.537,3.690057792
1559597148618,40.278,121.6,0.05651,0.537,3.690057792
1559597148664,40.324,121.6,0.05651,0.537,3.690057792
1559597148710,40.37,121.6,0.05651,0.537,3.690057792
1559597148773,40.433,121.6,0.05649,0.537,3.688751808
1559597148819,40.479,121.6,0.05649,0.537,3.688751808
1559597148865,40.525,121.6,0.05649,0.537,3.688751808
1559597148911,40.571,121.6,0.05649,0.537,3.688751808
1559597148972,40.632,121.6,0.05759,0.538,3.767583872
1559597149018,40.679,121.6,0.05759,0.538,3.767583872
1559597149065,40.725,121.6,0.05759,0.538,3.767583872
1559597149111,40.771,121.6,0.05759,0.538,3.767583872
1559597149173,40.833,121.6,0.05819,0.535,3.78560864
1559597149219,40.879,121.6,0.05819,0.535,3.78560864
1559597149265,40.925,121.6,0.05819,0.535,3.78560864
1559597149311,40.971,121.6,0.05819,0.535,3.78560864
1559597149373,41.033,121.7,0.05737,0.534,3.728350086
1559597149419,41.079,121.7,0.05737,0.534,3.728350086
1559597149465,41.125,121.7,0.05737,0.534,3.728350086
1559597149511,41.171,121.7,0.05737,0.534,3.728350086
1559597149572,41.232,121.7,0.05697,0.531,3.681555219
1559597149618,41.278,121.7,0.05697,0.531,3.681555219
1559597149664,41.324,121.7,0.05697,0.531,3.681555219
1559597149710,41.37,121.7,0.05697,0.531,3.681555219
1559597149773,41.433,121.6,0.05677,0.534,3.686325888
1559597149819,41.479,121.6,0.05677,0.534,3.686325888
1559597149865,41.525,121.6,0.05677,0.534,3.686325888
1559597149911,41.571,121.6,0.05677,0.534,3.686325888
1559597149972,41.632,121.6,0.05671,0.534,3.682429824
1559597150018,41.678,121.6,0.05671,0.534,3.682429824
1559597150064,41.724,121.6,0.05671,0.534,3.682429824
1559597150110,41.77,121.6,0.05671,0.534,3.682429824
1559597150172,41.832,121.6,0.05693,0.533,3.689792704
1559597150218,41.878,121.6,0.05693,0.533,3.689792704
1559597150264,41.924,121.6,0.05693,0.533,3.689792704
1559597150311,41.971,121.6,0.05693,0.533,3.689792704
1559597150372,42.032,121.6,0.0568,0.533,3.68136704
1559597150418,42.078,121.6,0.0568,0.533,3.68136704
1559597150464,42.124,121.6,0.0568,0.533,3.68136704
1559597150510,42.17,121.6,0.0568,0.533,3.68136704
1559597150572,42.232,121.6,0.05671,0.534,3.682429824
1559597150618,42.278,121.6,0.05671,0.534,3.682429824
1559597150665,42.325,121.6,0.05671,0.534,3.682429824
1559597150711,42.371,121.6,0.05671,0.534,3.682429824
1559597150772,42.432,121.6,0.0565,0.537,3.6894048
1559597150818,42.478,121.6,0.0565,0.537,3.6894048
1559597150864,42.524,121.6,0.0565,0.537,3.6894048
1559597150910,42.57,121.6,0.0565,0.537,3.6894048
1559597150972,42.632,121.6,0.05661,0.536,3.689703936
1559597151018,42.678,121.6,0.05661,0.536,3.689703936
1559597151064,42.724,121.6,0.05661,0.536,3.689703936
1559597151110,42.77,121.6,0.05661,0.536,3.689703936
1559597151172,42.832,121.6,0.05973,0.543,3.943900224
1559597151219,42.879,121.6,0.05973,0.543,3.943900224
1559597151265,42.925,121.6,0.05973,0.543,3.943900224
1559597151311,42.971,121.6,0.05973,0.543,3.943900224
1559597151372,43.032,121.6,0.0582,0.538,3.80749056
1559597151418,43.078,121.6,0.0582,0.538,3.80749056
