# Sun Jun 02 22:26:16 2019
abstime,time_stamp,volt,curr,pf,mul
1559539576594,0.082,122.3,0.05962,0.54,3.93742404
1559539576642,0.13,122.3,0.05962,0.54,3.93742404
1559539576688,0.176,122.3,0.05962,0.54,3.93742404
1559539576733,0.221,122.3,0.05962,0.54,3.93742404
1559539576787,0.275,122.3,0.05743,0.533,3.743626237
1559539576832,0.32,122.3,0.05743,0.533,3.743626237
1559539576877,0.365,122.3,0.05743,0.533,3.743626237
1559539576923,0.411,122.3,0.05743,0.533,3.743626237
1559539576988,0.476,122.3,0.05988,0.538,3.939948312
1559539577034,0.522,122.3,0.05988,0.538,3.939948312
1559539577079,0.567,122.3,0.05988,0.538,3.939948312
1559539577125,0.613,122.3,0.05988,0.538,3.939948312
1559539577187,0.675,122.3,0.05987,0.538,3.939290338
1559539577233,0.721,122.3,0.05987,0.538,3.939290338
1559539577279,0.767,122.3,0.05987,0.538,3.939290338
1559539577325,0.813,122.3,0.05987,0.538,3.939290338
1559539577388,0.876,122.3,0.05733,0.533,3.737107647
1559539577434,0.922,122.3,0.05733,0.533,3.737107647
1559539577480,0.968,122.3,0.05733,0.533,3.737107647
1559539577526,1.014,122.3,0.05733,0.533,3.737107647
1559539577587,1.075,122.3,0.05986,0.539,3.945953242
1559539577633,1.121,122.3,0.05986,0.539,3.945953242
1559539577680,1.168,122.3,0.05986,0.539,3.945953242
1559539577726,1.214,122.3,0.05986,0.539,3.945953242
1559539577788,1.276,122.3,0.05995,0.538,3.94455413
1559539577834,1.322,122.3,0.05995,0.538,3.94455413
1559539577880,1.368,122.3,0.05995,0.538,3.94455413
1559539577926,1.414,122.3,0.05995,0.538,3.94455413
1559539577987,1.475,122.3,0.05771,0.533,3.761878289
1559539578033,1.521,122.3,0.05771,0.533,3.761878289
1559539578079,1.567,122.3,0.05771,0.533,3.761878289
1559539578126,1.614,122.3,0.05771,0.533,3.761878289
1559539578188,1.676,122.3,0.0595,0.539,3.92222215
1559539578234,1.722,122.3,0.0595,0.539,3.92222215
1559539578280,1.768,122.3,0.0595,0.539,3.92222215
1559539578326,1.814,122.3,0.0595,0.539,3.92222215
1559539578387,1.875,122.3,0.05972,0.54,3.94402824
1559539578433,1.921,122.3,0.05972,0.54,3.94402824
1559539578479,1.967,122.3,0.05972,0.54,3.94402824
1559539578525,2.013,122.3,0.05972,0.54,3.94402824
1559539578588,2.076,122.3,0.05747,0.537,3.774347997
1559539578634,2.122,122.3,0.05747,0.537,3.774347997
1559539578680,2.168,122.3,0.05747,0.537,3.774347997
1559539578726,2.214,122.3,0.05747,0.537,3.774347997
1559539578788,2.276,122.3,0.05919,0.54,3.90902598
1559539578834,2.322,122.3,0.05919,0.54,3.90902598
1559539578880,2.368,122.3,0.05919,0.54,3.90902598
1559539578926,2.414,122.3,0.05919,0.54,3.90902598
1559539578987,2.475,122.3,0.05992,0.54,3.95723664
1559539579033,2.521,122.3,0.05992,0.54,3.95723664
1559539579079,2.567,122.3,0.05992,0.54,3.95723664
1559539579125,2.613,122.3,0.05992,0.54,3.95723664
1559539579187,2.675,122.3,0.058,0.534,3.7878756
1559539579234,2.722,122.3,0.058,0.534,3.7878756
1559539579280,2.768,122.3,0.058,0.534,3.7878756
1559539579325,2.813,122.3,0.058,0.534,3.7878756
1559539579388,2.876,122.4,0.05934,0.538,3.907610208
1559539579434,2.922,122.4,0.05934,0.538,3.907610208
1559539579480,2.968,122.4,0.05934,0.538,3.907610208
1559539579526,3.014,122.4,0.05934,0.538,3.907610208
1559539579587,3.075,122.4,0.05982,0.54,3.95386272
1559539579633,3.121,122.4,0.05982,0.54,3.95386272
1559539579680,3.168,122.4,0.05982,0.54,3.95386272
1559539579726,3.214,122.4,0.05982,0.54,3.95386272
1559539579787,3.275,122.3,0.05831,0.533,3.800989829
1559539579833,3.321,122.3,0.05831,0.533,3.800989829
1559539579880,3.368,122.3,0.05831,0.533,3.800989829
1559539579926,3.414,122.3,0.05831,0.533,3.800989829
1559539579988,3.476,122.3,0.05893,0.538,3.877440782
1559539580034,3.522,122.3,0.05893,0.538,3.877440782
1559539580080,3.568,122.3,0.05893,0.538,3.877440782
1559539580126,3.614,122.3,0.05893,0.538,3.877440782
1559539580187,3.675,122.3,0.05996,0.54,3.95987832
1559539580233,3.721,122.3,0.05996,0.54,3.95987832
1559539580279,3.767,122.3,0.05996,0.54,3.95987832
1559539580326,3.814,122.3,0.05996,0.54,3.95987832
1559539580388,3.876,122.3,0.0585,0.535,3.82768425
1559539580434,3.922,122.3,0.0585,0.535,3.82768425
1559539580480,3.968,122.3,0.0585,0.535,3.82768425
1559539580527,4.015,122.3,0.0585,0.535,3.82768425
1559539580588,4.076,122.3,0.06252,0.545,4.16717682
1559539580634,4.122,122.3,0.06252,0.545,4.16717682
1559539580680,4.168,122.3,0.06252,0.545,4.16717682
1559539580726,4.214,122.3,0.06252,0.545,4.16717682
1559539580787,4.275,122.3,0.06653,0.544,4.426320736
1559539580833,4.321,122.3,0.06653,0.544,4.426320736
1559539580880,4.368,122.3,0.06653,0.544,4.426320736
1559539580926,4.414,122.3,0.06653,0.544,4.426320736
1559539580987,4.475,122.3,0.06347,0.544,4.222735264
1559539581033,4.521,122.3,0.06347,0.544,4.222735264
1559539581079,4.567,122.3,0.06347,0.544,4.222735264
1559539581126,4.614,122.3,0.06347,0.544,4.222735264
1559539581188,4.676,122.3,0.06286,0.545,4.18983901
1559539581234,4.722,122.3,0.06286,0.545,4.18983901
1559539581280,4.768,122.3,0.06286,0.545,4.18983901
1559539581326,4.814,122.3,0.06286,0.545,4.18983901
1559539581387,4.875,122.3,0.06237,0.542,4.134295242
1559539581433,4.921,122.3,0.06237,0.542,4.134295242
1559539581479,4.967,122.3,0.06237,0.542,4.134295242
1559539581525,5.013,122.3,0.06237,0.542,4.134295242
1559539581587,5.075,122.3,0.06364,0.543,4.226262396
1559539581633,5.121,122.3,0.06364,0.543,4.226262396
1559539581679,5.167,122.3,0.06364,0.543,4.226262396
1559539581725,5.213,122.3,0.06364,0.543,4.226262396
1559539581787,5.275,122.3,0.06243,0.543,4.145907627
1559539581834,5.322,122.3,0.06243,0.543,4.145907627
1559539581880,5.368,122.3,0.06243,0.543,4.145907627
1559539581926,5.414,122.3,0.06243,0.543,4.145907627
1559539581987,5.475,122.3,0.06333,0.545,4.221166155
1559539582033,5.521,122.3,0.06333,0.545,4.221166155
1559539582079,5.567,122.3,0.06333,0.545,4.221166155
1559539582125,5.613,122.3,0.06333,0.545,4.221166155
1559539582187,5.675,122.3,0.06215,0.546,4.15011597
1559539582234,5.722,122.3,0.06215,0.546,4.15011597
1559539582280,5.768,122.3,0.06215,0.546,4.15011597
1559539582326,5.814,122.3,0.06215,0.546,4.15011597
1559539582387,5.875,122.3,0.06128,0.544,4.077031936
1559539582433,5.921,122.3,0.06128,0.544,4.077031936
1559539582479,5.967,122.3,0.06128,0.544,4.077031936
1559539582525,6.013,122.3,0.06128,0.544,4.077031936
1559539582587,6.075,122.3,0.05966,0.538,3.925472884
1559539582633,6.121,122.3,0.05966,0.538,3.925472884
1559539582679,6.167,122.3,0.05966,0.538,3.925472884
1559539582725,6.213,122.3,0.05966,0.538,3.925472884
1559539582788,6.276,122.3,0.06206,0.544,4.128926272
1559539582834,6.322,122.3,0.06206,0.544,4.128926272
1559539582880,6.368,122.3,0.06206,0.544,4.128926272
1559539582926,6.414,122.3,0.06206,0.544,4.128926272
1559539582987,6.475,122.3,0.06162,0.543,4.092116418
1559539583033,6.522,122.3,0.06162,0.543,4.092116418
1559539583080,6.568,122.3,0.06162,0.543,4.092116418
1559539583126,6.614,122.3,0.06162,0.543,4.092116418
1559539583187,6.675,122.3,0.05964,0.538,3.924156936
1559539583233,6.721,122.3,0.05964,0.538,3.924156936
1559539583279,6.767,122.3,0.05964,0.538,3.924156936
1559539583325,6.813,122.3,0.05964,0.538,3.924156936
1559539583386,6.874,122.3,0.06179,0.544,4.110962848
1559539583432,6.92,122.3,0.06179,0.544,4.110962848
1559539583478,6.967,122.3,0.06179,0.544,4.110962848
1559539583524,7.013,122.3,0.06179,0.544,4.110962848
1559539583587,7.075,122.3,0.06189,0.543,4.110046821
1559539583633,7.121,122.3,0.06189,0.543,4.110046821
1559539583679,7.167,122.3,0.06189,0.543,4.110046821
1559539583725,7.213,122.3,0.06189,0.543,4.110046821
1559539583787,7.275,122.3,0.05957,0.539,3.926836529
1559539583833,7.321,122.3,0.05957,0.539,3.926836529
1559539583879,7.368,122.3,0.05957,0.539,3.926836529
1559539583925,7.414,122.3,0.05957,0.539,3.926836529
1559539583987,7.475,122.3,0.06152,0.545,4.10052332
1559539584033,7.521,122.3,0.06152,0.545,4.10052332
1559539584079,7.567,122.3,0.06152,0.545,4.10052332
1559539584125,7.613,122.3,0.06152,0.545,4.10052332
1559539584187,7.675,122.3,0.0619,0.545,4.12585165
1559539584233,7.721,122.3,0.0619,0.545,4.12585165
1559539584279,7.767,122.3,0.0619,0.545,4.12585165
1559539584325,7.814,122.3,0.0619,0.545,4.12585165
1559539584387,7.875,122.3,0.05972,0.539,3.936724484
1559539584432,7.921,122.3,0.05972,0.539,3.936724484
1559539584479,7.967,122.3,0.05972,0.539,3.936724484
1559539584525,8.013,122.3,0.05972,0.539,3.936724484
1559539584587,8.075,122.3,0.06137,0.542,4.068008642
1559539584633,8.121,122.3,0.06137,0.542,4.068008642
1559539584679,8.167,122.3,0.06137,0.542,4.068008642
1559539584725,8.213,122.3,0.06137,0.542,4.068008642
1559539584787,8.275,122.3,0.06205,0.543,4.120672245
1559539584832,8.32,122.3,0.06205,0.543,4.120672245
1559539584879,8.367,122.3,0.06205,0.543,4.120672245
1559539584925,8.413,122.3,0.06205,0.543,4.120672245
1559539584987,8.475,122.3,0.05997,0.539,3.953204409
1559539585033,8.521,122.3,0.05997,0.539,3.953204409
1559539585079,8.567,122.3,0.05997,0.539,3.953204409
1559539585125,8.613,122.3,0.05997,0.539,3.953204409
1559539585187,8.675,122.3,0.06111,0.543,4.058247879
1559539585232,8.72,122.3,0.06111,0.543,4.058247879
1559539585279,8.767,122.3,0.06111,0.543,4.058247879
1559539585325,8.813,122.3,0.06111,0.543,4.058247879
1559539585387,8.875,122.3,0.06203,0.543,4.119344067
1559539585433,8.921,122.3,0.06203,0.543,4.119344067
1559539585479,8.967,122.3,0.06203,0.543,4.119344067
1559539585525,9.013,122.3,0.06203,0.543,4.119344067
1559539585587,9.075,122.3,0.05979,0.538,3.934026546
1559539585633,9.121,122.3,0.05979,0.538,3.934026546
1559539585680,9.168,122.3,0.05979,0.538,3.934026546
1559539585726,9.214,122.3,0.05979,0.538,3.934026546
1559539585788,9.276,122.3,0.0618,0.545,4.1191863
1559539585834,9.322,122.3,0.0618,0.545,4.1191863
1559539585880,9.368,122.3,0.0618,0.545,4.1191863
1559539585926,9.415,122.3,0.0618,0.545,4.1191863
1559539585987,9.476,122.3,0.0617,0.545,4.11252095
1559539586034,9.522,122.3,0.0617,0.545,4.11252095
1559539586080,9.568,122.3,0.0617,0.545,4.11252095
1559539586126,9.614,122.3,0.0617,0.545,4.11252095
1559539586187,9.675,122.3,0.05955,0.541,3.940084065
1559539586233,9.721,122.3,0.05955,0.541,3.940084065
1559539586279,9.767,122.3,0.05955,0.541,3.940084065
1559539586325,9.813,122.3,0.05955,0.541,3.940084065
1559539586388,9.876,122.3,0.06131,0.544,4.079027872
1559539586434,9.922,122.3,0.06131,0.544,4.079027872
1559539586480,9.968,122.3,0.06131,0.544,4.079027872
1559539586526,10.014,122.3,0.06131,0.544,4.079027872
1559539586587,10.075,122.3,0.06182,0.544,4.112958784
1559539586633,10.121,122.3,0.06182,0.544,4.112958784
1559539586680,10.168,122.3,0.06182,0.544,4.112958784
1559539586726,10.214,122.3,0.06182,0.544,4.112958784
1559539586787,10.275,122.3,0.06035,0.54,3.9856347
1559539586833,10.321,122.3,0.06035,0.54,3.9856347
1559539586879,10.367,122.3,0.06035,0.54,3.9856347
1559539586925,10.413,122.3,0.06035,0.54,3.9856347
1559539586987,10.475,122.3,0.06067,0.541,4.014188081
1559539587033,10.522,122.3,0.06067,0.541,4.014188081
1559539587080,10.568,122.3,0.06067,0.541,4.014188081
1559539587126,10.614,122.3,0.06067,0.541,4.014188081
1559539587187,10.675,122.3,0.06191,0.545,4.126518185
1559539587233,10.721,122.3,0.06191,0.545,4.126518185
1559539587279,10.767,122.3,0.06191,0.545,4.126518185
1559539587325,10.813,122.3,0.06191,0.545,4.126518185
1559539587386,10.874,122.3,0.06788,0.553,4.590853372
1559539587432,10.92,122.3,0.06788,0.553,4.590853372
1559539587478,10.966,122.3,0.06788,0.553,4.590853372
1559539587525,11.013,122.3,0.06788,0.553,4.590853372
1559539587587,11.075,122.3,0.05948,0.539,3.920903756
1559539587633,11.121,122.3,0.05948,0.539,3.920903756
1559539587680,11.168,122.3,0.05948,0.539,3.920903756
1559539587726,11.214,122.3,0.05948,0.539,3.920903756
1559539587787,11.275,122.3,0.06172,0.546,4.121402376
1559539587833,11.321,122.3,0.06172,0.546,4.121402376
1559539587879,11.367,122.3,0.06172,0.546,4.121402376
1559539587925,11.413,122.3,0.06172,0.546,4.121402376
1559539587986,11.474,122.3,0.0621,0.544,4.13158752
1559539588032,11.521,122.3,0.0621,0.544,4.13158752
1559539588079,11.567,122.3,0.0621,0.544,4.13158752
1559539588125,11.613,122.3,0.0621,0.544,4.13158752
1559539588186,11.674,122.3,0.05952,0.541,3.938099136
1559539588232,11.72,122.3,0.05952,0.541,3.938099136
1559539588279,11.767,122.3,0.05952,0.541,3.938099136
1559539588325,11.813,122.3,0.05952,0.541,3.938099136
1559539588387,11.875,122.3,0.06167,0.544,4.102979104
1559539588433,11.921,122.3,0.06167,0.544,4.102979104
1559539588479,11.967,122.3,0.06167,0.544,4.102979104
1559539588525,12.013,122.3,0.06167,0.544,4.102979104
1559539588586,12.074,122.3,0.06213,0.543,4.125984957
1559539588632,12.12,122.3,0.06213,0.543,4.125984957
1559539588678,12.166,122.3,0.06213,0.543,4.125984957
1559539588724,12.212,122.3,0.06213,0.543,4.125984957
1559539588787,12.275,122.3,0.06006,0.538,3.951791844
1559539588833,12.321,122.3,0.06006,0.538,3.951791844
1559539588879,12.367,122.3,0.06006,0.538,3.951791844
1559539588925,12.413,122.3,0.06006,0.538,3.951791844
1559539588986,12.474,122.3,0.06134,0.541,4.058518162
1559539589032,12.52,122.3,0.06134,0.541,4.058518162
1559539589078,12.566,122.3,0.06134,0.541,4.058518162
1559539589124,12.612,122.3,0.06134,0.541,4.058518162
1559539589187,12.675,122.3,0.06195,0.544,4.12160784
1559539589233,12.721,122.3,0.06195,0.544,4.12160784
1559539589279,12.767,122.3,0.06195,0.544,4.12160784
1559539589325,12.813,122.3,0.06195,0.544,4.12160784
1559539589386,12.874,122.3,0.06044,0.54,3.99157848
1559539589432,12.92,122.3,0.06044,0.54,3.99157848
1559539589479,12.967,122.3,0.06044,0.54,3.99157848
1559539589525,13.013,122.3,0.06044,0.54,3.99157848
1559539589587,13.075,122.3,0.06116,0.541,4.046608588
1559539589633,13.121,122.3,0.06116,0.541,4.046608588
1559539589679,13.167,122.3,0.06116,0.541,4.046608588
1559539589725,13.214,122.3,0.06116,0.541,4.046608588
1559539589787,13.275,122.3,0.06218,0.545,4.14451463
1559539589832,13.32,122.3,0.06218,0.545,4.14451463
1559539589879,13.367,122.3,0.06218,0.545,4.14451463
1559539589925,13.413,122.3,0.06218,0.545,4.14451463
1559539589987,13.475,122.3,0.06042,0.542,4.005036372
1559539590033,13.521,122.3,0.06042,0.542,4.005036372
1559539590079,13.567,122.3,0.06042,0.542,4.005036372
1559539590125,13.613,122.3,0.06042,0.542,4.005036372
1559539590186,13.674,122.3,0.06079,0.541,4.022127797
1559539590232,13.72,122.3,0.06079,0.541,4.022127797
1559539590278,13.766,122.3,0.06079,0.541,4.022127797
1559539590325,13.813,122.3,0.06079,0.541,4.022127797
1559539590386,13.874,122.3,0.06233,0.541,4.124020819
1559539590432,13.92,122.3,0.06233,0.541,4.124020819
1559539590478,13.966,122.3,0.06233,0.541,4.124020819
1559539590524,14.012,122.3,0.06233,0.541,4.124020819
1559539590586,14.074,122.3,0.06083,0.538,4.002455842
1559539590633,14.121,122.3,0.06083,0.538,4.002455842
1559539590679,14.167,122.3,0.06083,0.538,4.002455842
1559539590725,14.213,122.3,0.06083,0.538,4.002455842
1559539590786,14.274,122.3,0.06099,0.539,4.020442503
1559539590832,14.32,122.3,0.06099,0.539,4.020442503
1559539590878,14.366,122.3,0.06099,0.539,4.020442503
1559539590924,14.412,122.3,0.06099,0.539,4.020442503
1559539590987,14.475,122.3,0.06222,0.542,4.124352252
1559539591033,14.521,122.3,0.06222,0.542,4.124352252
1559539591079,14.567,122.3,0.06222,0.542,4.124352252
1559539591125,14.613,122.3,0.06222,0.542,4.124352252
1559539591186,14.674,122.3,0.0611,0.54,4.0351662
1559539591232,14.72,122.3,0.0611,0.54,4.0351662
1559539591279,14.767,122.3,0.0611,0.54,4.0351662
1559539591325,14.813,122.3,0.0611,0.54,4.0351662
1559539591386,14.874,122.3,0.06057,0.538,3.985348518
1559539591432,14.92,122.3,0.06057,0.538,3.985348518
1559539591478,14.966,122.3,0.06057,0.538,3.985348518
1559539591524,15.012,122.3,0.06057,0.538,3.985348518
1559539591586,15.074,122.3,0.06206,0.544,4.128926272
1559539591632,15.12,122.3,0.06206,0.544,4.128926272
1559539591679,15.167,122.3,0.06206,0.544,4.128926272
1559539591724,15.212,122.3,0.06206,0.544,4.128926272
1559539591787,15.275,122.3,0.06135,0.544,4.08168912
1559539591833,15.321,122.3,0.06135,0.544,4.08168912
1559539591879,15.367,122.3,0.06135,0.544,4.08168912
1559539591925,15.413,122.3,0.06135,0.544,4.08168912
1559539591986,15.474,122.3,0.05993,0.541,3.965226499
1559539592032,15.52,122.3,0.05993,0.541,3.965226499
1559539592078,15.566,122.3,0.05993,0.541,3.965226499
1559539592124,15.612,122.3,0.05993,0.541,3.965226499
1559539592187,15.675,122.3,0.06189,0.545,4.125185115
1559539592233,15.721,122.3,0.06189,0.545,4.125185115
1559539592279,15.767,122.3,0.06189,0.545,4.125185115
1559539592325,15.813,122.3,0.06189,0.545,4.125185115
1559539592386,15.874,122.3,0.061,0.544,4.0584032
1559539592432,15.92,122.3,0.061,0.544,4.0584032
1559539592478,15.966,122.3,0.061,0.544,4.0584032
1559539592524,16.012,122.3,0.061,0.544,4.0584032
1559539592586,16.074,122.3,0.05981,0.539,3.942657257
1559539592631,16.119,122.3,0.05981,0.539,3.942657257
1559539592678,16.166,122.3,0.05981,0.539,3.942657257
1559539592724,16.212,122.3,0.05981,0.539,3.942657257
1559539592786,16.274,122.3,0.06198,0.543,4.116023622
1559539592832,16.32,122.3,0.06198,0.543,4.116023622
1559539592879,16.367,122.3,0.06198,0.543,4.116023622
1559539592926,16.414,122.3,0.06198,0.543,4.116023622
1559539592986,16.474,122.3,0.06161,0.542,4.083917426
1559539593032,16.52,122.3,0.06161,0.542,4.083917426
1559539593078,16.566,122.3,0.06161,0.542,4.083917426
1559539593124,16.612,122.3,0.06161,0.542,4.083917426
1559539593186,16.674,122.3,0.05963,0.539,3.930791711
1559539593232,16.72,122.3,0.05963,0.539,3.930791711
1559539593278,16.766,122.3,0.05963,0.539,3.930791711
1559539593324,16.812,122.3,0.05963,0.539,3.930791711
1559539593387,16.875,122.3,0.06184,0.546,4.129415472
1559539593433,16.921,122.3,0.06184,0.546,4.129415472
1559539593479,16.967,122.3,0.06184,0.546,4.129415472
1559539593525,17.013,122.3,0.06184,0.546,4.129415472
1559539593586,17.074,122.3,0.06151,0.545,4.099856785
1559539593632,17.12,122.3,0.06151,0.545,4.099856785
1559539593678,17.167,122.3,0.06151,0.545,4.099856785
1559539593724,17.212,122.3,0.06151,0.545,4.099856785
1559539593786,17.274,122.3,0.05929,0.54,3.91563018
1559539593831,17.319,122.3,0.05929,0.54,3.91563018
1559539593879,17.367,122.3,0.05929,0.54,3.91563018
1559539593925,17.413,122.3,0.05929,0.54,3.91563018
1559539593986,17.474,122.3,0.06188,0.544,4.116950656
1559539594032,17.52,122.3,0.06188,0.544,4.116950656
1559539594079,17.567,122.3,0.06188,0.544,4.116950656
1559539594125,17.613,122.3,0.06188,0.544,4.116950656
1559539594186,17.674,122.3,0.06196,0.543,4.114695444
1559539594232,17.72,122.3,0.06196,0.543,4.114695444
1559539594278,17.766,122.3,0.06196,0.543,4.114695444
1559539594324,17.812,122.3,0.06196,0.543,4.114695444
1559539594386,17.874,122.3,0.05956,0.538,3.918893144
1559539594433,17.921,122.3,0.05956,0.538,3.918893144
1559539594479,17.967,122.3,0.05956,0.538,3.918893144
1559539594525,18.013,122.3,0.05956,0.538,3.918893144
1559539594586,18.074,122.3,0.06187,0.543,4.108718643
1559539594632,18.12,122.3,0.06187,0.543,4.108718643
1559539594678,18.166,122.3,0.06187,0.543,4.108718643
1559539594724,18.212,122.3,0.06187,0.543,4.108718643
1559539594786,18.274,122.3,0.06194,0.544,4.120942528
1559539594832,18.32,122.3,0.06194,0.544,4.120942528
1559539594879,18.367,122.3,0.06194,0.544,4.120942528
1559539594925,18.413,122.3,0.06194,0.544,4.120942528
1559539594986,18.474,122.3,0.0595,0.539,3.92222215
1559539595032,18.52,122.3,0.0595,0.539,3.92222215
1559539595078,18.566,122.3,0.0595,0.539,3.92222215
1559539595124,18.612,122.3,0.0595,0.539,3.92222215
1559539595186,18.674,122.3,0.06195,0.543,4.114031355
1559539595232,18.72,122.3,0.06195,0.543,4.114031355
1559539595279,18.767,122.3,0.06195,0.543,4.114031355
1559539595325,18.813,122.3,0.06195,0.543,4.114031355
1559539595386,18.874,122.3,0.06197,0.544,4.122938464
1559539595432,18.92,122.3,0.06197,0.544,4.122938464
1559539595478,18.966,122.3,0.06197,0.544,4.122938464
1559539595524,19.012,122.3,0.06197,0.544,4.122938464
1559539595586,19.074,122.3,0.05987,0.538,3.939290338
1559539595632,19.12,122.3,0.05987,0.538,3.939290338
1559539595677,19.165,122.3,0.05987,0.538,3.939290338
1559539595724,19.212,122.3,0.05987,0.538,3.939290338
1559539595786,19.274,122.3,0.06138,0.542,4.068671508
1559539595832,19.32,122.3,0.06138,0.542,4.068671508
1559539595879,19.367,122.3,0.06138,0.542,4.068671508
1559539595925,19.413,122.3,0.06138,0.542,4.068671508
1559539595986,19.474,122.3,0.06213,0.543,4.125984957
1559539596032,19.52,122.3,0.06213,0.543,4.125984957
1559539596078,19.566,122.3,0.06213,0.543,4.125984957
1559539596124,19.612,122.3,0.06213,0.543,4.125984957
1559539596185,19.673,122.3,0.06034,0.537,3.962835534
1559539596231,19.719,122.3,0.06034,0.537,3.962835534
1559539596277,19.765,122.3,0.06034,0.537,3.962835534
1559539596323,19.811,122.3,0.06034,0.537,3.962835534
1559539596385,19.874,122.3,0.06126,0.541,4.053225018
1559539596431,19.919,122.3,0.06126,0.541,4.053225018
1559539596478,19.966,122.3,0.06126,0.541,4.053225018
1559539596524,20.012,122.3,0.06126,0.541,4.053225018
1559539596586,20.074,122.3,0.06225,0.541,4.118727675
1559539596632,20.12,122.3,0.06225,0.541,4.118727675
1559539596679,20.167,122.3,0.06225,0.541,4.118727675
1559539596725,20.213,122.3,0.06225,0.541,4.118727675
1559539596786,20.274,122.3,0.06046,0.538,3.978110804
1559539596832,20.32,122.3,0.06046,0.538,3.978110804
1559539596878,20.366,122.3,0.06046,0.538,3.978110804
1559539596924,20.412,122.3,0.06046,0.538,3.978110804
1559539596986,20.474,122.3,0.06137,0.54,4.05299754
1559539597032,20.52,122.3,0.06137,0.54,4.05299754
1559539597078,20.566,122.3,0.06137,0.54,4.05299754
1559539597124,20.612,122.3,0.06137,0.54,4.05299754
1559539597185,20.673,122.3,0.06229,0.542,4.128992314
1559539597232,20.72,122.3,0.06229,0.542,4.128992314
1559539597278,20.766,122.3,0.06229,0.542,4.128992314
1559539597324,20.812,122.3,0.06229,0.542,4.128992314
1559539597386,20.874,122.3,0.06079,0.539,4.007258563
1559539597432,20.92,122.3,0.06079,0.539,4.007258563
1559539597478,20.966,122.3,0.06079,0.539,4.007258563
1559539597524,21.012,122.3,0.06079,0.539,4.007258563
1559539597585,21.073,122.3,0.06074,0.539,4.003962578
1559539597631,21.119,122.3,0.06074,0.539,4.003962578
1559539597677,21.165,122.3,0.06074,0.539,4.003962578
1559539597724,21.212,122.3,0.06074,0.539,4.003962578
1559539597786,21.274,122.3,0.06248,0.54,4.12630416
1559539597832,21.32,122.3,0.06248,0.54,4.12630416
1559539597879,21.367,122.3,0.06248,0.54,4.12630416
1559539597926,21.414,122.3,0.06248,0.54,4.12630416
1559539597986,21.474,122.3,0.0611,0.538,4.02022114
1559539598032,21.52,122.3,0.0611,0.538,4.02022114
1559539598078,21.566,122.3,0.0611,0.538,4.02022114
1559539598124,21.612,122.3,0.0611,0.538,4.02022114
1559539598186,21.674,122.3,0.06084,0.536,3.988232352
1559539598232,21.72,122.3,0.06084,0.536,3.988232352
1559539598279,21.767,122.3,0.06084,0.536,3.988232352
1559539598326,21.814,122.3,0.06084,0.536,3.988232352
1559539598386,21.874,122.3,0.06242,0.54,4.12234164
1559539598432,21.92,122.3,0.06242,0.54,4.12234164
1559539598478,21.966,122.3,0.06242,0.54,4.12234164
1559539598526,22.014,122.3,0.06242,0.54,4.12234164
1559539598585,22.073,122.3,0.06137,0.538,4.037986438
1559539598632,22.12,122.3,0.06137,0.538,4.037986438
1559539598678,22.166,122.3,0.06137,0.538,4.037986438
1559539598724,22.212,122.3,0.06137,0.538,4.037986438
1559539598786,22.274,122.3,0.06041,0.538,3.974820934
1559539598832,22.32,122.3,0.06041,0.538,3.974820934
1559539598879,22.367,122.3,0.06041,0.538,3.974820934
1559539598925,22.413,122.3,0.06041,0.538,3.974820934
1559539598986,22.474,122.3,0.06249,0.542,4.142249634
1559539599032,22.52,122.3,0.06249,0.542,4.142249634
1559539599078,22.566,122.3,0.06249,0.542,4.142249634
1559539599124,22.612,122.3,0.06249,0.542,4.142249634
1559539599186,22.674,122.3,0.06136,0.541,4.059841448
1559539599232,22.72,122.3,0.06136,0.541,4.059841448
1559539599279,22.767,122.3,0.06136,0.541,4.059841448
1559539599324,22.812,122.3,0.06136,0.541,4.059841448
1559539599385,22.873,122.3,0.06018,0.538,3.959687532
1559539599432,22.92,122.3,0.06018,0.538,3.959687532
1559539599478,22.966,122.3,0.06018,0.538,3.959687532
1559539599524,23.012,122.3,0.06018,0.538,3.959687532
1559539599585,23.073,122.3,0.06234,0.541,4.124682462
1559539599631,23.119,122.3,0.06234,0.541,4.124682462
1559539599677,23.165,122.3,0.06234,0.541,4.124682462
1559539599723,23.211,122.3,0.06234,0.541,4.124682462
1559539599785,23.273,122.3,0.06157,0.54,4.06620594
1559539599832,23.32,122.3,0.06157,0.54,4.06620594
1559539599878,23.366,122.3,0.06157,0.54,4.06620594
1559539599924,23.412,122.3,0.06157,0.54,4.06620594
1559539599985,23.473,122.3,0.06,0.537,3.940506
1559539600031,23.519,122.3,0.06,0.537,3.940506
1559539600077,23.565,122.3,0.06,0.537,3.940506
1559539600123,23.611,122.3,0.06,0.537,3.940506
1559539600186,23.674,122.3,0.06227,0.542,4.127666582
1559539600232,23.72,122.3,0.06227,0.542,4.127666582
1559539600278,23.766,122.3,0.06227,0.542,4.127666582
1559539600324,23.812,122.3,0.06227,0.542,4.127666582
1559539600385,23.873,122.3,0.06199,0.54,4.09394358
1559539600432,23.92,122.3,0.06199,0.54,4.09394358
1559539600478,23.966,122.3,0.06199,0.54,4.09394358
1559539600524,24.012,122.3,0.06199,0.54,4.09394358
1559539600586,24.074,122.3,0.05993,0.535,3.921249865
1559539600632,24.12,122.3,0.05993,0.535,3.921249865
1559539600678,24.166,122.3,0.05993,0.535,3.921249865
1559539600724,24.212,122.3,0.05993,0.535,3.921249865
1559539600785,24.273,122.3,0.06229,0.541,4.121374247
1559539600832,24.32,122.3,0.06229,0.541,4.121374247
1559539600878,24.366,122.3,0.06229,0.541,4.121374247
1559539600924,24.412,122.3,0.06229,0.541,4.121374247
1559539600985,24.473,122.3,0.062,0.542,4.1097692
1559539601031,24.519,122.3,0.062,0.542,4.1097692
1559539601077,24.565,122.3,0.062,0.542,4.1097692
1559539601123,24.611,122.3,0.062,0.542,4.1097692
1559539601185,24.673,122.3,0.05935,0.539,3.912334195
1559539601232,24.72,122.3,0.05935,0.539,3.912334195
1559539601278,24.766,122.3,0.05935,0.539,3.912334195
1559539601324,24.812,122.3,0.05935,0.539,3.912334195
1559539601385,24.873,122.3,0.06197,0.544,4.122938464
1559539601431,24.919,122.3,0.06197,0.544,4.122938464
1559539601477,24.965,122.3,0.06197,0.544,4.122938464
1559539601523,25.011,122.3,0.06197,0.544,4.122938464
1559539601585,25.073,122.3,0.06211,0.542,4.117060726
1559539601631,25.119,122.3,0.06211,0.542,4.117060726
1559539601677,25.165,122.3,0.06211,0.542,4.117060726
1559539601723,25.211,122.3,0.06211,0.542,4.117060726
1559539601786,25.274,122.3,0.06202,0.538,4.080754748
1559539601832,25.32,122.3,0.06202,0.538,4.080754748
1559539601878,25.366,122.3,0.06202,0.538,4.080754748
1559539601924,25.412,122.3,0.06202,0.538,4.080754748
1559539601985,25.473,122.3,0.0625,0.539,4.11998125
1559539602031,25.519,122.3,0.0625,0.539,4.11998125
1559539602078,25.566,122.3,0.0625,0.539,4.11998125
1559539602124,25.612,122.3,0.0625,0.539,4.11998125
1559539602185,25.673,122.3,0.06267,0.541,4.146516681
1559539602231,25.719,122.3,0.06267,0.541,4.146516681
1559539602277,25.765,122.3,0.06267,0.541,4.146516681
1559539602324,25.812,122.3,0.06267,0.541,4.146516681
1559539602385,25.873,122.3,0.0611,0.537,4.01274861
1559539602431,25.919,122.3,0.0611,0.537,4.01274861
1559539602477,25.965,122.3,0.0611,0.537,4.01274861
1559539602523,26.011,122.3,0.0611,0.537,4.01274861
1559539602585,26.073,122.3,0.06106,0.536,4.002653968
1559539602631,26.119,122.3,0.06106,0.536,4.002653968
1559539602677,26.165,122.3,0.06106,0.536,4.002653968
1559539602723,26.211,122.3,0.06106,0.536,4.002653968
1559539602786,26.274,122.3,0.06236,0.541,4.126005748
1559539602832,26.32,122.3,0.06236,0.541,4.126005748
1559539602878,26.366,122.3,0.06236,0.541,4.126005748
1559539602924,26.412,122.3,0.06236,0.541,4.126005748
1559539602985,26.473,122.3,0.0612,0.539,4.03428564
1559539603031,26.519,122.3,0.0612,0.539,4.03428564
1559539603077,26.565,122.3,0.0612,0.539,4.03428564
1559539603124,26.612,122.3,0.0612,0.539,4.03428564
1559539603185,26.673,122.3,0.06066,0.538,3.991270284
1559539603231,26.719,122.3,0.06066,0.538,3.991270284
1559539603277,26.765,122.3,0.06066,0.538,3.991270284
1559539603323,26.811,122.3,0.06066,0.538,3.991270284
1559539603385,26.873,122.3,0.06223,0.543,4.132625847
1559539603431,26.919,122.3,0.06223,0.543,4.132625847
1559539603477,26.965,122.3,0.06223,0.543,4.132625847
1559539603524,27.012,122.3,0.06223,0.543,4.132625847
1559539603585,27.073,122.3,0.06142,0.538,4.041276308
1559539603631,27.119,122.3,0.06142,0.538,4.041276308
1559539603677,27.165,122.3,0.06142,0.538,4.041276308
1559539603723,27.211,122.3,0.06142,0.538,4.041276308
1559539603785,27.273,122.3,0.06052,0.536,3.967255456
1559539603832,27.32,122.3,0.06052,0.536,3.967255456
1559539603878,27.366,122.3,0.06052,0.536,3.967255456
1559539603924,27.412,122.3,0.06052,0.536,3.967255456
1559539603985,27.473,122.3,0.06217,0.542,4.121037922
1559539604031,27.519,122.3,0.06217,0.542,4.121037922
1559539604077,27.565,122.3,0.06217,0.542,4.121037922
1559539604123,27.611,122.3,0.06217,0.542,4.121037922
1559539604184,27.672,122.3,0.06136,0.542,4.067345776
1559539604230,27.718,122.3,0.06136,0.542,4.067345776
1559539604276,27.764,122.3,0.06136,0.542,4.067345776
1559539604323,27.811,122.3,0.06136,0.542,4.067345776
1559539604385,27.873,122.3,0.06019,0.538,3.960345506
1559539604431,27.919,122.3,0.06019,0.538,3.960345506
1559539604477,27.965,122.3,0.06019,0.538,3.960345506
1559539604524,28.012,122.3,0.06019,0.538,3.960345506
1559539604585,28.073,122.3,0.06206,0.543,4.121336334
1559539604630,28.118,122.3,0.06206,0.543,4.121336334
1559539604677,28.165,122.3,0.06206,0.543,4.121336334
1559539604723,28.211,122.3,0.06206,0.543,4.121336334
1559539604785,28.273,122.3,0.06129,0.543,4.070201481
1559539604832,28.32,122.3,0.06129,0.543,4.070201481
1559539604878,28.366,122.3,0.06129,0.543,4.070201481
1559539604924,28.412,122.3,0.06129,0.543,4.070201481
1559539604985,28.473,122.3,0.05955,0.541,3.940084065
1559539605031,28.519,122.3,0.05955,0.541,3.940084065
1559539605077,28.565,122.3,0.05955,0.541,3.940084065
1559539605123,28.611,122.3,0.05955,0.541,3.940084065
1559539605185,28.673,122.3,0.0618,0.545,4.1191863
1559539605231,28.719,122.3,0.0618,0.545,4.1191863
1559539605278,28.766,122.3,0.0618,0.545,4.1191863
1559539605324,28.812,122.3,0.0618,0.545,4.1191863
1559539605385,28.873,122.3,0.0617,0.543,4.09742913
1559539605431,28.919,122.3,0.0617,0.543,4.09742913
1559539605477,28.965,122.3,0.0617,0.543,4.09742913
1559539605523,29.011,122.3,0.0617,0.543,4.09742913
1559539605584,29.072,122.3,0.05965,0.538,3.92481491
1559539605630,29.118,122.3,0.05965,0.538,3.92481491
1559539605676,29.164,122.3,0.05965,0.538,3.92481491
1559539605722,29.21,122.3,0.05965,0.538,3.92481491
1559539605785,29.273,122.4,0.06195,0.544,4.12497792
1559539605831,29.319,122.4,0.06195,0.544,4.12497792
1559539605877,29.365,122.4,0.06195,0.544,4.12497792
1559539605923,29.411,122.4,0.06195,0.544,4.12497792
1559539605984,29.472,122.4,0.06194,0.543,4.116730608
1559539606030,29.518,122.4,0.06194,0.543,4.116730608
1559539606076,29.564,122.4,0.06194,0.543,4.116730608
1559539606122,29.61,122.4,0.06194,0.543,4.116730608
1559539606185,29.673,122.3,0.05935,0.539,3.912334195
1559539606231,29.719,122.3,0.05935,0.539,3.912334195
1559539606277,29.765,122.3,0.05935,0.539,3.912334195
1559539606323,29.811,122.3,0.05935,0.539,3.912334195
1559539606384,29.872,122.3,0.0621,0.544,4.13158752
1559539606430,29.918,122.3,0.0621,0.544,4.13158752
1559539606477,29.965,122.3,0.0621,0.544,4.13158752
1559539606523,30.011,122.3,0.0621,0.544,4.13158752
1559539606585,30.073,122.3,0.06191,0.544,4.118946592
1559539606631,30.119,122.3,0.06191,0.544,4.118946592
1559539606677,30.165,122.3,0.06191,0.544,4.118946592
1559539606723,30.211,122.3,0.06191,0.544,4.118946592
1559539606785,30.273,122.3,0.05952,0.54,3.93081984
1559539606831,30.319,122.3,0.05952,0.54,3.93081984
1559539606877,30.365,122.3,0.05952,0.54,3.93081984
1559539606923,30.411,122.3,0.05952,0.54,3.93081984
1559539606984,30.472,122.3,0.06152,0.545,4.10052332
1559539607030,30.518,122.3,0.06152,0.545,4.10052332
1559539607076,30.564,122.3,0.06152,0.545,4.10052332
1559539607122,30.61,122.3,0.06152,0.545,4.10052332
1559539607185,30.673,122.3,0.06181,0.545,4.119852835
1559539607231,30.719,122.3,0.06181,0.545,4.119852835
1559539607277,30.765,122.3,0.06181,0.545,4.119852835
1559539607323,30.811,122.3,0.06181,0.545,4.119852835
1559539607384,30.872,122.3,0.0603,0.539,3.97495791
1559539607430,30.918,122.3,0.0603,0.539,3.97495791
1559539607476,30.964,122.3,0.0603,0.539,3.97495791
1559539607522,31.01,122.3,0.0603,0.539,3.97495791
1559539607585,31.073,122.3,0.06101,0.541,4.036683943
1559539607631,31.119,122.3,0.06101,0.541,4.036683943
1559539607677,31.165,122.3,0.06101,0.541,4.036683943
1559539607723,31.211,122.3,0.06101,0.541,4.036683943
1559539607784,31.272,122.3,0.06205,0.544,4.12826096
1559539607830,31.318,122.3,0.06205,0.544,4.12826096
1559539607876,31.364,122.3,0.06205,0.544,4.12826096
1559539607922,31.41,122.3,0.06205,0.544,4.12826096
1559539607984,31.472,122.3,0.06082,0.54,4.01667444
1559539608030,31.518,122.3,0.06082,0.54,4.01667444
1559539608076,31.564,122.3,0.06082,0.54,4.01667444
1559539608122,31.61,122.3,0.06082,0.54,4.01667444
1559539608185,31.673,122.3,0.06072,0.54,4.01007024
1559539608231,31.719,122.3,0.06072,0.54,4.01007024
1559539608277,31.765,122.3,0.06072,0.54,4.01007024
1559539608323,31.811,122.3,0.06072,0.54,4.01007024
1559539608384,31.872,122.3,0.06208,0.543,4.122664512
1559539608430,31.918,122.3,0.06208,0.543,4.122664512
1559539608476,31.964,122.3,0.06208,0.543,4.122664512
1559539608522,32.01,122.3,0.06208,0.543,4.122664512
1559539608585,32.073,122.3,0.06066,0.542,4.020945156
1559539608631,32.119,122.3,0.06066,0.542,4.020945156
1559539608677,32.165,122.3,0.06066,0.542,4.020945156
1559539608723,32.211,122.3,0.06066,0.542,4.020945156
1559539608784,32.272,122.3,0.06026,0.541,3.987060718
1559539608830,32.318,122.3,0.06026,0.541,3.987060718
1559539608876,32.364,122.3,0.06026,0.541,3.987060718
1559539608923,32.411,122.3,0.06026,0.541,3.987060718
1559539608985,32.473,122.3,0.06188,0.545,4.12451858
1559539609031,32.519,122.3,0.06188,0.545,4.12451858
1559539609077,32.565,122.3,0.06188,0.545,4.12451858
1559539609123,32.611,122.3,0.06188,0.545,4.12451858
1559539609184,32.672,122.3,0.06095,0.542,4.04016827
1559539609230,32.718,122.3,0.06095,0.542,4.04016827
1559539609276,32.764,122.3,0.06095,0.542,4.04016827
1559539609323,32.811,122.3,0.06095,0.542,4.04016827
1559539609385,32.873,122.3,0.06049,0.539,3.987482653
1559539609431,32.919,122.3,0.06049,0.539,3.987482653
1559539609477,32.965,122.3,0.06049,0.539,3.987482653
1559539609523,33.011,122.3,0.06049,0.539,3.987482653
1559539609584,33.072,122.3,0.06213,0.543,4.125984957
1559539609630,33.118,122.3,0.06213,0.543,4.125984957
1559539609677,33.165,122.3,0.06213,0.543,4.125984957
1559539609723,33.211,122.3,0.06213,0.543,4.125984957
1559539609784,33.272,122.3,0.06139,0.541,4.061826377
1559539609830,33.318,122.3,0.06139,0.541,4.061826377
1559539609876,33.364,122.3,0.06139,0.541,4.061826377
1559539609922,33.41,122.3,0.06139,0.541,4.061826377
1559539609984,33.472,122.3,0.06039,0.538,3.973504986
1559539610030,33.518,122.3,0.06039,0.538,3.973504986
1559539610077,33.565,122.3,0.06039,0.538,3.973504986
1559539610123,33.611,122.3,0.06039,0.538,3.973504986
1559539610184,33.672,122.3,0.06214,0.543,4.126649046
1559539610230,33.718,122.3,0.06214,0.543,4.126649046
1559539610276,33.764,122.3,0.06214,0.543,4.126649046
1559539610322,33.81,122.3,0.06214,0.543,4.126649046
1559539610384,33.872,122.3,0.06147,0.542,4.074637302
1559539610431,33.919,122.3,0.06147,0.542,4.074637302
1559539610477,33.965,122.3,0.06147,0.542,4.074637302
1559539610523,34.011,122.3,0.06147,0.542,4.074637302
1559539610584,34.072,122.3,0.05981,0.539,3.942657257
1559539610630,34.118,122.3,0.05981,0.539,3.942657257
1559539610676,34.164,122.3,0.05981,0.539,3.942657257
1559539610722,34.21,122.3,0.05981,0.539,3.942657257
1559539610784,34.272,122.3,0.06203,0.544,4.126930336
1559539610830,34.318,122.3,0.06203,0.544,4.126930336
1559539610877,34.365,122.3,0.06203,0.544,4.126930336
1559539610923,34.411,122.3,0.06203,0.544,4.126930336
1559539610984,34.472,122.3,0.06201,0.542,4.110432066
1559539611030,34.518,122.3,0.06201,0.542,4.110432066
1559539611076,34.564,122.3,0.06201,0.542,4.110432066
1559539611122,34.61,122.3,0.06201,0.542,4.110432066
1559539611184,34.672,122.3,0.05969,0.538,3.927446806
1559539611230,34.718,122.3,0.05969,0.538,3.927446806
1559539611276,34.764,122.3,0.05969,0.538,3.927446806
1559539611322,34.81,122.3,0.05969,0.538,3.927446806
1559539611384,34.872,122.3,0.06208,0.543,4.122664512
1559539611430,34.918,122.3,0.06208,0.543,4.122664512
1559539611477,34.965,122.3,0.06208,0.543,4.122664512
1559539611523,35.011,122.3,0.06208,0.543,4.122664512
1559539611584,35.072,122.3,0.06215,0.542,4.11971219
1559539611630,35.118,122.3,0.06215,0.542,4.11971219
1559539611676,35.164,122.3,0.06215,0.542,4.11971219
1559539611722,35.21,122.3,0.06215,0.542,4.11971219
1559539611784,35.272,122.3,0.0596,0.536,3.90694688
1559539611830,35.318,122.3,0.0596,0.536,3.90694688
1559539611877,35.365,122.3,0.0596,0.536,3.90694688
1559539611923,35.411,122.3,0.0596,0.536,3.90694688
1559539611984,35.472,122.3,0.06211,0.542,4.117060726
1559539612030,35.518,122.3,0.06211,0.542,4.117060726
1559539612076,35.564,122.3,0.06211,0.542,4.117060726
1559539612122,35.61,122.3,0.06211,0.542,4.117060726
1559539612184,35.672,122.3,0.06215,0.542,4.11971219
1559539612231,35.719,122.3,0.06215,0.542,4.11971219
1559539612277,35.765,122.3,0.06215,0.542,4.11971219
1559539612323,35.811,122.3,0.06215,0.542,4.11971219
1559539612384,35.872,122.3,0.05975,0.538,3.93139465
1559539612430,35.918,122.3,0.05975,0.538,3.93139465
1559539612476,35.964,122.3,0.05975,0.538,3.93139465
1559539612522,36.01,122.3,0.05975,0.538,3.93139465
1559539612583,36.072,122.3,0.06148,0.542,4.075300168
1559539612629,36.117,122.3,0.06148,0.542,4.075300168
1559539612676,36.164,122.3,0.06148,0.542,4.075300168
1559539612722,36.21,122.3,0.06148,0.542,4.075300168
1559539612784,36.272,122.3,0.06212,0.544,4.132918144
1559539612830,36.318,122.3,0.06212,0.544,4.132918144
1559539612877,36.365,122.3,0.06212,0.544,4.132918144
1559539612923,36.411,122.3,0.06212,0.544,4.132918144
1559539612984,36.472,122.3,0.06063,0.537,3.981881313
1559539613030,36.518,122.3,0.06063,0.537,3.981881313
1559539613076,36.564,122.3,0.06063,0.537,3.981881313
1559539613122,36.61,122.3,0.06063,0.537,3.981881313
1559539613184,36.672,122.3,0.06135,0.538,4.03667049
1559539613231,36.719,122.3,0.06135,0.538,4.03667049
1559539613277,36.765,122.3,0.06135,0.538,4.03667049
1559539613323,36.811,122.3,0.06135,0.538,4.03667049
1559539613384,36.872,122.3,0.06226,0.542,4.127003716
1559539613430,36.918,122.3,0.06226,0.542,4.127003716
1559539613476,36.964,122.3,0.06226,0.542,4.127003716
1559539613522,37.01,122.3,0.06226,0.542,4.127003716
1559539613583,37.071,122.3,0.06084,0.538,4.003113816
1559539613630,37.118,122.3,0.06084,0.538,4.003113816
1559539613676,37.164,122.3,0.06084,0.538,4.003113816
1559539613722,37.21,122.3,0.06084,0.538,4.003113816
1559539613784,37.272,122.3,0.06114,0.538,4.022853036
1559539613830,37.318,122.3,0.06114,0.538,4.022853036
1559539613876,37.364,122.3,0.06114,0.538,4.022853036
1559539613923,37.411,122.3,0.06114,0.538,4.022853036
1559539613984,37.472,122.3,0.06256,0.541,4.139238608
1559539614030,37.518,122.3,0.06256,0.541,4.139238608
1559539614076,37.564,122.3,0.06256,0.541,4.139238608
1559539614122,37.61,122.3,0.06256,0.541,4.139238608
1559539614184,37.672,122.3,0.06102,0.538,4.014957348
1559539614231,37.719,122.3,0.06102,0.538,4.014957348
1559539614277,37.765,122.3,0.06102,0.538,4.014957348
1559539614323,37.811,122.3,0.06102,0.538,4.014957348
1559539614384,37.872,122.3,0.06061,0.539,3.995393017
1559539614430,37.918,122.3,0.06061,0.539,3.995393017
1559539614476,37.964,122.3,0.06061,0.539,3.995393017
1559539614522,38.01,122.3,0.06061,0.539,3.995393017
1559539614583,38.071,122.3,0.06196,0.544,4.122273152
1559539614630,38.118,122.3,0.06196,0.544,4.122273152
1559539614676,38.164,122.3,0.06196,0.544,4.122273152
1559539614722,38.21,122.3,0.06196,0.544,4.122273152
1559539614784,38.272,122.3,0.0611,0.541,4.04263873
1559539614830,38.318,122.3,0.0611,0.541,4.04263873
1559539614876,38.364,122.3,0.0611,0.541,4.04263873
1559539614922,38.41,122.3,0.0611,0.541,4.04263873
1559539614983,38.471,122.3,0.06126,0.54,4.04573292
1559539615029,38.517,122.3,0.06126,0.54,4.04573292
1559539615076,38.564,122.3,0.06126,0.54,4.04573292
1559539615122,38.61,122.3,0.06126,0.54,4.04573292
1559539615184,38.672,122.3,0.06258,0.543,4.155868962
1559539615230,38.718,122.3,0.06258,0.543,4.155868962
1559539615277,38.765,122.3,0.06258,0.543,4.155868962
1559539615322,38.81,122.3,0.06258,0.543,4.155868962
1559539615383,38.871,122.3,0.06134,0.54,4.05101628
1559539615429,38.917,122.3,0.06134,0.54,4.05101628
1559539615475,38.963,122.3,0.06134,0.54,4.05101628
1559539615522,39.01,122.3,0.06134,0.54,4.05101628
1559539615584,39.072,122.3,0.05971,0.538,3.928762754
1559539615630,39.118,122.3,0.05971,0.538,3.928762754
1559539615677,39.165,122.3,0.05971,0.538,3.928762754
1559539615723,39.211,122.3,0.05971,0.538,3.928762754
1559539615784,39.272,122.3,0.06203,0.542,4.111757798
1559539615830,39.318,122.3,0.06203,0.542,4.111757798
1559539615876,39.364,122.3,0.06203,0.542,4.111757798
1559539615922,39.41,122.3,0.06203,0.542,4.111757798
1559539615983,39.471,122.3,0.06169,0.54,4.07413098
1559539616029,39.517,122.3,0.06169,0.54,4.07413098
1559539616075,39.563,122.3,0.06169,0.54,4.07413098
1559539616122,39.61,122.3,0.06169,0.54,4.07413098
1559539616184,39.672,122.3,0.05952,0.537,3.908981952
1559539616230,39.718,122.3,0.05952,0.537,3.908981952
1559539616276,39.764,122.3,0.05952,0.537,3.908981952
1559539616322,39.81,122.3,0.05952,0.537,3.908981952
1559539616383,39.871,122.3,0.06176,0.544,4.108966912
1559539616429,39.917,122.3,0.06176,0.544,4.108966912
1559539616475,39.963,122.3,0.06176,0.544,4.108966912
1559539616521,40.009,122.3,0.06176,0.544,4.108966912
1559539616584,40.072,122.3,0.06174,0.543,4.100085486
1559539616630,40.118,122.3,0.06174,0.543,4.100085486
1559539616676,40.164,122.3,0.06174,0.543,4.100085486
1559539616722,40.21,122.3,0.06174,0.543,4.100085486
1559539616783,40.271,122.3,0.05938,0.536,3.892525264
1559539616829,40.317,122.3,0.05938,0.536,3.892525264
1559539616875,40.363,122.3,0.05938,0.536,3.892525264
1559539616921,40.409,122.3,0.05938,0.536,3.892525264
1559539616984,40.472,122.3,0.06183,0.542,4.098500478
1559539617030,40.518,122.3,0.06183,0.542,4.098500478
1559539617076,40.564,122.3,0.06183,0.542,4.098500478
1559539617122,40.61,122.3,0.06183,0.542,4.098500478
1559539617183,40.671,122.3,0.06176,0.543,4.101413664
1559539617229,40.717,122.3,0.06176,0.543,4.101413664
1559539617276,40.764,122.3,0.06176,0.543,4.101413664
1559539617322,40.81,122.3,0.06176,0.543,4.101413664
1559539617384,40.872,122.3,0.05978,0.537,3.926057478
1559539617430,40.918,122.3,0.05978,0.537,3.926057478
1559539617476,40.964,122.3,0.05978,0.537,3.926057478
1559539617522,41.01,122.3,0.05978,0.537,3.926057478
1559539617583,41.071,122.3,0.06116,0.541,4.046608588
1559539617630,41.118,122.3,0.06116,0.541,4.046608588
1559539617676,41.164,122.3,0.06116,0.541,4.046608588
1559539617722,41.21,122.3,0.06116,0.541,4.046608588
1559539617783,41.271,122.3,0.06185,0.543,4.107390465
1559539617829,41.317,122.3,0.06185,0.543,4.107390465
1559539617875,41.363,122.3,0.06185,0.543,4.107390465
1559539617921,41.409,122.3,0.06185,0.543,4.107390465
1559539617984,41.472,122.3,0.0604,0.539,3.98154988
1559539618030,41.518,122.3,0.0604,0.539,3.98154988
1559539618076,41.564,122.3,0.0604,0.539,3.98154988
1559539618122,41.61,122.3,0.0604,0.539,3.98154988
1559539618183,41.671,122.3,0.06071,0.539,4.001984987
1559539618229,41.717,122.3,0.06071,0.539,4.001984987
1559539618275,41.764,122.3,0.06071,0.539,4.001984987
1559539618322,41.81,122.3,0.06071,0.539,4.001984987
1559539618383,41.871,122.3,0.06171,0.545,4.113187485
1559539618429,41.917,122.3,0.06171,0.545,4.113187485
1559539618475,41.963,122.3,0.06171,0.545,4.113187485
1559539618521,42.009,122.3,0.06171,0.545,4.113187485
1559539618583,42.071,122.3,0.06044,0.542,4.006362104
1559539618630,42.118,122.3,0.06044,0.542,4.006362104
1559539618676,42.164,122.3,0.06044,0.542,4.006362104
1559539618722,42.21,122.3,0.06044,0.542,4.006362104
1559539618783,42.271,122.3,0.06055,0.538,3.98403257
1559539618829,42.317,122.3,0.06055,0.538,3.98403257
1559539618875,42.363,122.3,0.06055,0.538,3.98403257
1559539618921,42.409,122.3,0.06055,0.538,3.98403257
1559539618983,42.471,122.3,0.0621,0.542,4.11639786
1559539619029,42.517,122.3,0.0621,0.542,4.11639786
1559539619076,42.564,122.3,0.0621,0.542,4.11639786
1559539619122,42.61,122.3,0.0621,0.542,4.11639786
1559539619183,42.671,122.3,0.06116,0.538,4.024168984
1559539619229,42.717,122.3,0.06116,0.538,4.024168984
1559539619275,42.763,122.3,0.06116,0.538,4.024168984
1559539619321,42.809,122.3,0.06116,0.538,4.024168984
1559539619383,42.871,122.3,0.06029,0.537,3.959551779
1559539619430,42.918,122.3,0.06029,0.537,3.959551779
1559539619476,42.964,122.3,0.06029,0.537,3.959551779
1559539619522,43.01,122.3,0.06029,0.537,3.959551779
1559539619583,43.071,122.3,0.06208,0.541,4.107479744
1559539619629,43.117,122.3,0.06208,0.541,4.107479744
1559539619675,43.163,122.3,0.06208,0.541,4.107479744
1559539619721,43.209,122.3,0.06208,0.541,4.107479744
1559539619783,43.271,122.3,0.06142,0.539,4.048787974
1559539619829,43.317,122.3,0.06142,0.539,4.048787974
1559539619875,43.363,122.3,0.06142,0.539,4.048787974
1559539619922,43.41,122.3,0.06142,0.539,4.048787974
1559539619983,43.471,122.3,0.06026,0.536,3.950211728
1559539620029,43.517,122.3,0.06026,0.536,3.950211728
1559539620075,43.563,122.3,0.06026,0.536,3.950211728
1559539620121,43.609,122.3,0.06026,0.536,3.950211728
1559539620183,43.671,122.3,0.06196,0.542,4.107117736
1559539620229,43.717,122.3,0.06196,0.542,4.107117736
1559539620275,43.763,122.3,0.06196,0.542,4.107117736
1559539620321,43.809,122.3,0.06196,0.542,4.107117736
1559539620384,43.872,122.3,0.06137,0.542,4.068008642
1559539620430,43.918,122.3,0.06137,0.542,4.068008642
1559539620476,43.964,122.3,0.06137,0.542,4.068008642
1559539620522,44.01,122.3,0.06137,0.542,4.068008642
1559539620583,44.071,122.3,0.05974,0.537,3.923430474
1559539620629,44.117,122.3,0.05974,0.537,3.923430474
1559539620676,44.164,122.3,0.05974,0.537,3.923430474
1559539620722,44.21,122.3,0.05974,0.537,3.923430474
1559539620783,44.271,122.3,0.06224,0.541,4.118066032
1559539620829,44.317,122.3,0.06224,0.541,4.118066032
1559539620875,44.363,122.3,0.06224,0.541,4.118066032
1559539620921,44.409,122.3,0.06224,0.541,4.118066032
1559539620983,44.471,122.3,0.06172,0.541,4.083660596
1559539621029,44.517,122.3,0.06172,0.541,4.083660596
1559539621075,44.563,122.3,0.06172,0.541,4.083660596
1559539621121,44.609,122.3,0.06172,0.541,4.083660596
1559539621184,44.672,122.3,0.05954,0.536,3.903013712
1559539621230,44.718,122.3,0.05954,0.536,3.903013712
1559539621276,44.764,122.3,0.05954,0.536,3.903013712
1559539621322,44.81,122.3,0.05954,0.536,3.903013712
1559539621383,44.871,122.3,0.06194,0.542,4.105792004
1559539621430,44.918,122.3,0.06194,0.542,4.105792004
1559539621476,44.964,122.3,0.06194,0.542,4.105792004
1559539621522,45.01,122.3,0.06194,0.542,4.105792004
1559539621583,45.071,122.3,0.06191,0.542,4.103803406
1559539621629,45.117,122.3,0.06191,0.542,4.103803406
1559539621675,45.163,122.3,0.06191,0.542,4.103803406
1559539621721,45.209,122.3,0.06191,0.542,4.103803406
1559539621783,45.271,122.3,0.05954,0.537,3.910295454
1559539621829,45.317,122.3,0.05954,0.537,3.910295454
1559539621875,45.363,122.3,0.05954,0.537,3.910295454
1559539621921,45.409,122.3,0.05954,0.537,3.910295454
1559539621983,45.471,122.3,0.06143,0.544,4.087011616
1559539622029,45.517,122.3,0.06143,0.544,4.087011616
1559539622075,45.563,122.3,0.06143,0.544,4.087011616
1559539622121,45.609,122.3,0.06143,0.544,4.087011616
1559539622183,45.671,122.3,0.0618,0.544,4.11162816
1559539622231,45.719,122.3,0.0618,0.544,4.11162816
1559539622277,45.765,122.3,0.0618,0.544,4.11162816
1559539622323,45.811,122.3,0.0618,0.544,4.11162816
1559539622382,45.871,122.3,0.05954,0.539,3.924858938
1559539622429,45.917,122.3,0.05954,0.539,3.924858938
1559539622475,45.963,122.3,0.05954,0.539,3.924858938
1559539622521,46.009,122.3,0.05954,0.539,3.924858938
1559539622583,46.071,122.3,0.06158,0.541,4.074397594
1559539622629,46.117,122.3,0.06158,0.541,4.074397594
1559539622675,46.163,122.3,0.06158,0.541,4.074397594
1559539622721,46.209,122.3,0.06158,0.541,4.074397594
1559539622783,46.271,122.3,0.06225,0.541,4.118727675
1559539622829,46.318,122.3,0.06225,0.541,4.118727675
1559539622875,46.363,122.3,0.06225,0.541,4.118727675
1559539622921,46.409,122.3,0.06225,0.541,4.118727675
1559539622982,46.47,122.3,0.06012,0.539,3.963092364
1559539623029,46.517,122.3,0.06012,0.539,3.963092364
1559539623075,46.563,122.3,0.06012,0.539,3.963092364
1559539623121,46.609,122.3,0.06012,0.539,3.963092364
1559539623184,46.672,122.3,0.06143,0.541,4.064472949
1559539623231,46.719,122.3,0.06143,0.541,4.064472949
1559539623277,46.765,122.3,0.06143,0.541,4.064472949
1559539623323,46.811,122.3,0.06143,0.541,4.064472949
1559539623384,46.872,122.3,0.06175,0.542,4.09319755
1559539623430,46.918,122.3,0.06175,0.542,4.09319755
1559539623476,46.964,122.3,0.06175,0.542,4.09319755
1559539623523,47.011,122.3,0.06175,0.542,4.09319755
1559539623584,47.072,122.3,0.05934,0.538,3.904417716
1559539623630,47.118,122.3,0.05934,0.538,3.904417716
1559539623676,47.164,122.3,0.05934,0.538,3.904417716
1559539623722,47.21,122.3,0.05934,0.538,3.904417716
1559539623783,47.271,122.3,0.06187,0.543,4.108718643
1559539623829,47.317,122.3,0.06187,0.543,4.108718643
1559539623875,47.363,122.3,0.06187,0.543,4.108718643
1559539623921,47.409,122.3,0.06187,0.543,4.108718643
1559539623983,47.471,122.4,0.06164,0.544,4.104336384
1559539624029,47.517,122.4,0.06164,0.544,4.104336384
1559539624075,47.563,122.4,0.06164,0.544,4.104336384
1559539624121,47.609,122.4,0.06164,0.544,4.104336384
1559539624184,47.672,122.4,0.05928,0.539,3.910915008
1559539624230,47.718,122.4,0.05928,0.539,3.910915008
1559539624276,47.764,122.4,0.05928,0.539,3.910915008
1559539624322,47.81,122.4,0.05928,0.539,3.910915008
1559539624383,47.871,122.3,0.06187,0.541,4.093585241
1559539624429,47.917,122.3,0.06187,0.541,4.093585241
1559539624475,47.963,122.3,0.06187,0.541,4.093585241
1559539624521,48.009,122.3,0.06187,0.541,4.093585241
1559539624582,48.071,122.3,0.06192,0.542,4.104466272
1559539624628,48.116,122.3,0.06192,0.542,4.104466272
1559539624674,48.162,122.3,0.06192,0.542,4.104466272
1559539624720,48.209,122.3,0.06192,0.542,4.104466272
1559539624783,48.271,122.3,0.05966,0.538,3.925472884
1559539624829,48.317,122.3,0.05966,0.538,3.925472884
1559539624875,48.363,122.3,0.05966,0.538,3.925472884
1559539624921,48.409,122.3,0.05966,0.538,3.925472884
1559539624983,48.471,122.3,0.06142,0.542,4.071322972
1559539625029,48.517,122.3,0.06142,0.542,4.071322972
1559539625076,48.564,122.3,0.06142,0.542,4.071322972
1559539625122,48.61,122.3,0.06142,0.542,4.071322972
1559539625183,48.671,122.3,0.06212,0.542,4.117723592
1559539625229,48.717,122.3,0.06212,0.542,4.117723592
1559539625275,48.763,122.3,0.06212,0.542,4.117723592
1559539625321,48.809,122.3,0.06212,0.542,4.117723592
1559539625382,48.87,122.3,0.06019,0.536,3.945623032
1559539625428,48.916,122.3,0.06019,0.536,3.945623032
1559539625475,48.963,122.3,0.06019,0.536,3.945623032
1559539625521,49.009,122.3,0.06019,0.536,3.945623032
1559539625583,49.071,122.3,0.06149,0.539,4.053402353
1559539625629,49.117,122.3,0.06149,0.539,4.053402353
1559539625675,49.163,122.3,0.06149,0.539,4.053402353
1559539625721,49.209,122.3,0.06149,0.539,4.053402353
1559539625782,49.27,122.3,0.06184,0.543,4.106726376
1559539625829,49.317,122.3,0.06184,0.543,4.106726376
1559539625875,49.363,122.3,0.06184,0.543,4.106726376
1559539625921,49.409,122.3,0.06184,0.543,4.106726376
1559539625982,49.47,122.3,0.06032,0.538,3.968899168
1559539626028,49.516,122.3,0.06032,0.538,3.968899168
1559539626074,49.562,122.3,0.06032,0.538,3.968899168
1559539626120,49.608,122.3,0.06032,0.538,3.968899168
1559539626183,49.671,122.3,0.06099,0.54,4.02790158
1559539626229,49.717,122.3,0.06099,0.54,4.02790158
1559539626275,49.763,122.3,0.06099,0.54,4.02790158
1559539626321,49.809,122.3,0.06099,0.54,4.02790158
1559539626382,49.87,122.3,0.06205,0.541,4.105494815
1559539626428,49.916,122.3,0.06205,0.541,4.105494815
1559539626474,49.962,122.3,0.06205,0.541,4.105494815
1559539626520,50.008,122.3,0.06205,0.541,4.105494815
1559539626583,50.071,122.3,0.06068,0.538,3.992586232
1559539626629,50.117,122.3,0.06068,0.538,3.992586232
1559539626675,50.163,122.3,0.06068,0.538,3.992586232
1559539626721,50.209,122.3,0.06068,0.538,3.992586232
1559539626782,50.27,122.3,0.06073,0.539,4.003303381
1559539626828,50.316,122.3,0.06073,0.539,4.003303381
1559539626874,50.362,122.3,0.06073,0.539,4.003303381
1559539626921,50.409,122.3,0.06073,0.539,4.003303381
1559539626983,50.471,122.3,0.06214,0.543,4.126649046
1559539627029,50.517,122.3,0.06214,0.543,4.126649046
1559539627075,50.563,122.3,0.06214,0.543,4.126649046
1559539627121,50.609,122.3,0.06214,0.543,4.126649046
1559539627182,50.67,122.3,0.06078,0.539,4.006599366
1559539627228,50.716,122.3,0.06078,0.539,4.006599366
1559539627274,50.762,122.3,0.06078,0.539,4.006599366
1559539627320,50.808,122.3,0.06078,0.539,4.006599366
1559539627383,50.871,122.3,0.06061,0.538,3.987980414
1559539627429,50.917,122.3,0.06061,0.538,3.987980414
1559539627475,50.963,122.3,0.06061,0.538,3.987980414
1559539627521,51.009,122.3,0.06061,0.538,3.987980414
1559539627583,51.071,122.3,0.06196,0.543,4.114695444
1559539627629,51.117,122.3,0.06196,0.543,4.114695444
1559539627675,51.163,122.3,0.06196,0.543,4.114695444
1559539627721,51.209,122.3,0.06196,0.543,4.114695444
1559539627782,51.27,122.3,0.06086,0.541,4.026759298
1559539627829,51.317,122.3,0.06086,0.541,4.026759298
1559539627875,51.363,122.3,0.06086,0.541,4.026759298
1559539627921,51.409,122.3,0.06086,0.541,4.026759298
1559539627982,51.47,122.4,0.06011,0.541,3.980388024
1559539628028,51.516,122.4,0.06011,0.541,3.980388024
1559539628074,51.562,122.4,0.06011,0.541,3.980388024
1559539628120,51.608,122.4,0.06011,0.541,3.980388024
1559539628183,51.671,122.3,0.06259,0.542,4.148878294
1559539628229,51.717,122.3,0.06259,0.542,4.148878294
1559539628275,51.763,122.3,0.06259,0.542,4.148878294
1559539628321,51.809,122.3,0.06259,0.542,4.148878294
1559539628382,51.87,122.3,0.06118,0.542,4.055414188
1559539628428,51.916,122.3,0.06118,0.542,4.055414188
1559539628474,51.962,122.3,0.06118,0.542,4.055414188
1559539628521,52.009,122.3,0.06118,0.542,4.055414188
1559539628582,52.07,122.3,0.05978,0.538,3.933368572
1559539628628,52.116,122.3,0.05978,0.538,3.933368572
1559539628674,52.162,122.3,0.05978,0.538,3.933368572
1559539628720,52.208,122.3,0.05978,0.538,3.933368572
1559539628782,52.27,122.3,0.06194,0.542,4.105792004
1559539628829,52.317,122.3,0.06194,0.542,4.105792004
1559539628875,52.363,122.3,0.06194,0.542,4.105792004
1559539628921,52.409,122.3,0.06194,0.542,4.105792004
1559539628982,52.47,122.3,0.06157,0.541,4.073735951
1559539629028,52.516,122.3,0.06157,0.541,4.073735951
1559539629074,52.562,122.3,0.06157,0.541,4.073735951
1559539629120,52.608,122.3,0.06157,0.541,4.073735951
1559539629182,52.67,122.3,0.05979,0.536,3.919401912
1559539629228,52.716,122.3,0.05979,0.536,3.919401912
1559539629275,52.763,122.3,0.05979,0.536,3.919401912
1559539629321,52.809,122.3,0.05979,0.536,3.919401912
1559539629382,52.87,122.3,0.06216,0.54,4.10517072
1559539629428,52.916,122.3,0.06216,0.54,4.10517072
1559539629474,52.962,122.3,0.06216,0.54,4.10517072
1559539629520,53.008,122.3,0.06216,0.54,4.10517072
1559539629582,53.07,122.3,0.06158,0.544,4.096991296
1559539629628,53.117,122.3,0.06158,0.544,4.096991296
1559539629675,53.163,122.3,0.06158,0.544,4.096991296
1559539629721,53.209,122.3,0.06158,0.544,4.096991296
1559539629782,53.27,122.3,0.05923,0.538,3.897180002
1559539629827,53.315,122.3,0.05923,0.538,3.897180002
1559539629874,53.362,122.3,0.05923,0.538,3.897180002
1559539629920,53.408,122.3,0.05923,0.538,3.897180002
1559539629982,53.47,122.3,0.06182,0.543,4.105398198
1559539630028,53.516,122.3,0.06182,0.543,4.105398198
1559539630074,53.562,122.3,0.06182,0.543,4.105398198
1559539630120,53.608,122.3,0.06182,0.543,4.105398198
1559539630182,53.67,122.3,0.06201,0.541,4.102848243
1559539630228,53.716,122.3,0.06201,0.541,4.102848243
1559539630274,53.762,122.3,0.06201,0.541,4.102848243
1559539630320,53.808,122.3,0.06201,0.541,4.102848243
1559539630382,53.87,122.3,0.05967,0.536,3.911535576
1559539630428,53.916,122.3,0.05967,0.536,3.911535576
1559539630474,53.962,122.3,0.05967,0.536,3.911535576
1559539630520,54.008,122.3,0.05967,0.536,3.911535576
1559539630583,54.071,122.3,0.06165,0.542,4.08656889
1559539630629,54.117,122.3,0.06165,0.542,4.08656889
1559539630675,54.163,122.3,0.06165,0.542,4.08656889
1559539630721,54.209,122.3,0.06165,0.542,4.08656889
1559539630782,54.27,122.3,0.06204,0.542,4.112420664
1559539630828,54.316,122.3,0.06204,0.542,4.112420664
1559539630874,54.362,122.3,0.06204,0.542,4.112420664
1559539630920,54.408,122.3,0.06204,0.542,4.112420664
1559539630982,54.47,122.3,0.07008,0.553,4.739643552
1559539631028,54.516,122.3,0.07008,0.553,4.739643552
1559539631075,54.563,122.3,0.07008,0.553,4.739643552
1559539631121,54.609,122.3,0.07008,0.553,4.739643552
