# Mon Jun 03 14:54:41 2019
abstime,time_stamp,volt,curr,pf,mul
1559598881558,0.08,121.9,0.05228,0.527,3.358535164
1559598881605,0.127,121.9,0.05315,0.53,3.43386205
1559598881651,0.173,121.9,0.05315,0.53,3.43386205
1559598881696,0.218,121.9,0.05315,0.53,3.43386205
1559598881742,0.264,121.9,0.05315,0.53,3.43386205
1559598881788,0.31,121.9,0.05118,0.524,3.269153208
1559598881833,0.355,121.9,0.05118,0.524,3.269153208
1559598881879,0.401,121.9,0.05118,0.524,3.269153208
1559598881925,0.447,121.9,0.05118,0.524,3.269153208
1559598881988,0.511,121.9,0.05093,0.527,3.271809409
1559598882034,0.557,121.9,0.05093,0.527,3.271809409
1559598882079,0.602,121.9,0.05093,0.527,3.271809409
1559598882125,0.647,121.9,0.05093,0.527,3.271809409
1559598882189,0.711,122.0,0.05127,0.525,3.2838435
1559598882235,0.757,122.0,0.05127,0.525,3.2838435
1559598882281,0.803,122.0,0.05127,0.525,3.2838435
1559598882327,0.849,122.0,0.05127,0.525,3.2838435
1559598882389,0.911,122.0,0.05125,0.526,3.288815
1559598882435,0.957,122.0,0.05125,0.526,3.288815
1559598882481,1.003,122.0,0.05125,0.526,3.288815
1559598882527,1.049,122.0,0.05125,0.526,3.288815
1559598882588,1.11,122.0,0.05121,0.523,3.26750526
1559598882634,1.156,122.0,0.05121,0.523,3.26750526
1559598882680,1.202,122.0,0.05121,0.523,3.26750526
1559598882726,1.248,122.0,0.05121,0.523,3.26750526
1559598882789,1.311,121.9,0.0515,0.521,3.27075985
1559598882835,1.357,121.9,0.0515,0.521,3.27075985
1559598882881,1.403,121.9,0.0515,0.521,3.27075985
1559598882927,1.449,121.9,0.0515,0.521,3.27075985
1559598882988,1.51,121.9,0.05143,0.522,3.272583474
1559598883034,1.556,121.9,0.05143,0.522,3.272583474
1559598883080,1.602,121.9,0.05143,0.522,3.272583474
1559598883126,1.648,121.9,0.05143,0.522,3.272583474
1559598883189,1.711,122.0,0.05117,0.524,3.27119576
1559598883235,1.757,122.0,0.05117,0.524,3.27119576
1559598883281,1.803,122.0,0.05117,0.524,3.27119576
1559598883327,1.849,122.0,0.05117,0.524,3.27119576
1559598883388,1.91,122.0,0.05129,0.522,3.26635236
1559598883434,1.956,122.0,0.05129,0.522,3.26635236
1559598883480,2.002,122.0,0.05129,0.522,3.26635236
1559598883526,2.048,122.0,0.05129,0.522,3.26635236
1559598883589,2.111,121.9,0.05108,0.525,3.2689923
1559598883635,2.157,121.9,0.05108,0.525,3.2689923
1559598883681,2.203,121.9,0.05108,0.525,3.2689923
1559598883727,2.249,121.9,0.05108,0.525,3.2689923
1559598883788,2.31,121.9,0.05121,0.525,3.277311975
1559598883834,2.356,121.9,0.05121,0.525,3.277311975
1559598883880,2.402,121.9,0.05121,0.525,3.277311975
1559598883926,2.448,121.9,0.05121,0.525,3.277311975
1559598883989,2.511,121.9,0.05102,0.526,3.271371788
1559598884035,2.557,121.9,0.05102,0.526,3.271371788
1559598884081,2.603,121.9,0.05102,0.526,3.271371788
1559598884127,2.649,121.9,0.05102,0.526,3.271371788
1559598884188,2.71,121.9,0.05084,0.528,3.272225088
1559598884234,2.756,121.9,0.05084,0.528,3.272225088
1559598884280,2.802,121.9,0.05084,0.528,3.272225088
1559598884326,2.848,121.9,0.05084,0.528,3.272225088
1559598884389,2.911,121.9,0.05118,0.524,3.269153208
1559598884435,2.957,121.9,0.05118,0.524,3.269153208
1559598884481,3.003,121.9,0.05118,0.524,3.269153208
1559598884527,3.049,121.9,0.05118,0.524,3.269153208
1559598884588,3.11,121.9,0.05063,0.529,3.264880613
1559598884634,3.156,121.9,0.05063,0.529,3.264880613
1559598884680,3.202,121.9,0.05063,0.529,3.264880613
1559598884726,3.248,121.9,0.05063,0.529,3.264880613
1559598884789,3.311,121.8,0.05114,0.525,3.2701473
1559598884835,3.357,121.8,0.05114,0.525,3.2701473
1559598884881,3.403,121.8,0.05114,0.525,3.2701473
1559598884927,3.449,121.8,0.05114,0.525,3.2701473
1559598884988,3.51,121.9,0.05141,0.522,3.271310838
1559598885034,3.556,121.9,0.05141,0.522,3.271310838
1559598885080,3.602,121.9,0.05141,0.522,3.271310838
1559598885126,3.648,121.9,0.05141,0.522,3.271310838
1559598885189,3.711,121.9,0.05115,0.524,3.26723694
1559598885235,3.757,121.9,0.05115,0.524,3.26723694
1559598885281,3.803,121.9,0.05115,0.524,3.26723694
1559598885327,3.849,121.9,0.05115,0.524,3.26723694
1559598885388,3.91,121.9,0.0512,0.525,3.276672
1559598885434,3.956,121.9,0.0512,0.525,3.276672
1559598885480,4.002,121.9,0.0512,0.525,3.276672
1559598885526,4.048,121.9,0.0512,0.525,3.276672
1559598885589,4.111,121.9,0.05796,0.542,3.829405608
1559598885635,4.157,121.9,0.05796,0.542,3.829405608
1559598885681,4.203,121.9,0.05796,0.542,3.829405608
1559598885727,4.249,121.9,0.05796,0.542,3.829405608
1559598885788,4.31,121.9,0.05446,0.531,3.525135894
1559598885834,4.356,121.9,0.05446,0.531,3.525135894
1559598885880,4.402,121.9,0.05446,0.531,3.525135894
1559598885926,4.448,121.9,0.05446,0.531,3.525135894
1559598885989,4.511,121.9,0.05446,0.531,3.525135894
1559598886034,4.556,121.9,0.05446,0.531,3.525135894
1559598886081,4.603,121.9,0.05446,0.531,3.525135894
1559598886127,4.649,121.9,0.05446,0.531,3.525135894
1559598886188,4.71,122.0,0.05626,0.532,3.65149904
1559598886234,4.756,122.0,0.05626,0.532,3.65149904
1559598886280,4.802,122.0,0.05626,0.532,3.65149904
1559598886326,4.848,122.0,0.05626,0.532,3.65149904
1559598886388,4.91,122.0,0.05453,0.526,3.49929916
1559598886433,4.955,122.0,0.05453,0.526,3.49929916
1559598886480,5.002,122.0,0.05453,0.526,3.49929916
1559598886526,5.048,122.0,0.05453,0.526,3.49929916
1559598886588,5.11,122.0,0.05451,0.529,3.51796638
1559598886634,5.156,122.0,0.05451,0.529,3.51796638
1559598886680,5.202,122.0,0.05451,0.529,3.51796638
1559598886726,5.248,122.0,0.05451,0.529,3.51796638
1559598886787,5.31,122.0,0.05665,0.532,3.6768116
1559598886833,5.355,122.0,0.05665,0.532,3.6768116
1559598886880,5.402,122.0,0.05665,0.532,3.6768116
1559598886926,5.448,122.0,0.05665,0.532,3.6768116
1559598886988,5.51,122.0,0.05461,0.531,3.53774502
1559598887034,5.556,122.0,0.05461,0.531,3.53774502
1559598887080,5.602,122.0,0.05461,0.531,3.53774502
1559598887126,5.648,122.0,0.05461,0.531,3.53774502
1559598887187,5.709,122.0,0.05341,0.528,3.44045856
1559598887233,5.755,122.0,0.05341,0.528,3.44045856
1559598887279,5.801,122.0,0.05341,0.528,3.44045856
1559598887325,5.847,122.0,0.05341,0.528,3.44045856
1559598887388,5.91,122.0,0.05321,0.528,3.42757536
1559598887434,5.956,122.0,0.05321,0.528,3.42757536
1559598887480,6.002,122.0,0.05321,0.528,3.42757536
1559598887525,6.047,122.0,0.05321,0.528,3.42757536
1559598887589,6.111,121.9,0.05353,0.527,3.438836789
1559598887634,6.156,121.9,0.05353,0.527,3.438836789
1559598887681,6.203,121.9,0.05353,0.527,3.438836789
1559598887727,6.249,121.9,0.05353,0.527,3.438836789
1559598887788,6.31,121.9,0.05305,0.529,3.420934555
1559598887834,6.356,121.9,0.05305,0.529,3.420934555
1559598887880,6.402,121.9,0.05305,0.529,3.420934555
1559598887926,6.448,121.9,0.05305,0.529,3.420934555
1559598887988,6.51,121.9,0.0527,0.533,3.42406129
1559598888034,6.556,121.9,0.0527,0.533,3.42406129
1559598888081,6.603,121.9,0.0527,0.533,3.42406129
1559598888127,6.649,121.9,0.0527,0.533,3.42406129
1559598888188,6.71,121.9,0.05312,0.532,3.444874496
1559598888234,6.756,121.9,0.05312,0.532,3.444874496
1559598888280,6.802,121.9,0.05312,0.532,3.444874496
1559598888326,6.848,121.9,0.05312,0.532,3.444874496
1559598888387,6.91,121.9,0.0524,0.537,3.43011972
1559598888433,6.955,121.9,0.0524,0.537,3.43011972
1559598888479,7.001,121.9,0.0524,0.537,3.43011972
1559598888526,7.048,121.9,0.0524,0.537,3.43011972
1559598888588,7.11,121.9,0.05358,0.526,3.435517452
1559598888634,7.156,121.9,0.05358,0.526,3.435517452
1559598888680,7.202,121.9,0.05358,0.526,3.435517452
1559598888726,7.248,121.9,0.05358,0.526,3.435517452
1559598888787,7.309,121.8,0.05377,0.523,3.425224278
1559598888833,7.355,121.8,0.05377,0.523,3.425224278
1559598888879,7.401,121.8,0.05377,0.523,3.425224278
1559598888925,7.447,121.8,0.05377,0.523,3.425224278
1559598888988,7.51,121.8,0.05371,0.524,3.427944072
1559598889034,7.556,121.8,0.05371,0.524,3.427944072
1559598889080,7.602,121.8,0.05371,0.524,3.427944072
1559598889126,7.648,121.8,0.05371,0.524,3.427944072
1559598889188,7.71,121.9,0.05388,0.524,3.441617328
1559598889234,7.756,121.9,0.05388,0.524,3.441617328
1559598889280,7.802,121.9,0.05388,0.524,3.441617328
1559598889326,7.848,121.9,0.05388,0.524,3.441617328
1559598889387,7.909,121.9,0.05387,0.522,3.427845066
1559598889433,7.955,121.9,0.05387,0.522,3.427845066
1559598889479,8.001,121.9,0.05387,0.522,3.427845066
1559598889525,8.047,121.9,0.05387,0.522,3.427845066
1559598889588,8.11,121.9,0.05361,0.525,3.430905975
1559598889634,8.156,121.9,0.05361,0.525,3.430905975
1559598889680,8.202,121.9,0.05361,0.525,3.430905975
1559598889726,8.248,121.9,0.05361,0.525,3.430905975
1559598889788,8.31,121.9,0.05347,0.527,3.434982311
1559598889834,8.356,121.9,0.05347,0.527,3.434982311
1559598889880,8.402,121.9,0.05347,0.527,3.434982311
1559598889926,8.448,121.9,0.05347,0.527,3.434982311
1559598889988,8.51,121.9,0.05309,0.529,3.423513959
1559598890034,8.556,121.9,0.05309,0.529,3.423513959
1559598890080,8.602,121.9,0.05309,0.529,3.423513959
1559598890126,8.648,121.9,0.05309,0.529,3.423513959
1559598890187,8.709,121.9,0.05342,0.528,3.438282144
1559598890233,8.755,121.9,0.05342,0.528,3.438282144
1559598890279,8.801,121.9,0.05342,0.528,3.438282144
1559598890326,8.848,121.9,0.05342,0.528,3.438282144
1559598890388,8.91,121.9,0.05346,0.525,3.42130635
1559598890434,8.956,121.9,0.05346,0.525,3.42130635
1559598890480,9.002,121.9,0.05346,0.525,3.42130635
1559598890527,9.049,121.9,0.05346,0.525,3.42130635
1559598890588,9.11,122.0,0.0535,0.531,3.465837
1559598890634,9.156,122.0,0.0535,0.531,3.465837
1559598890680,9.202,122.0,0.0535,0.531,3.465837
1559598890726,9.248,122.0,0.0535,0.531,3.465837
1559598890788,9.31,122.0,0.05319,0.532,3.45224376
1559598890834,9.356,122.0,0.05319,0.532,3.45224376
1559598890881,9.403,122.0,0.05319,0.532,3.45224376
1559598890927,9.449,122.0,0.05319,0.532,3.45224376
1559598890988,9.51,122.0,0.05248,0.536,3.43177216
1559598891034,9.556,122.0,0.05248,0.536,3.43177216
1559598891080,9.602,122.0,0.05248,0.536,3.43177216
1559598891126,9.648,122.0,0.05248,0.536,3.43177216
1559598891187,9.709,122.0,0.05292,0.532,3.43471968
1559598891233,9.755,122.0,0.05292,0.532,3.43471968
1559598891279,9.801,122.0,0.05292,0.532,3.43471968
1559598891326,9.848,122.0,0.05292,0.532,3.43471968
1559598891388,9.91,122.0,0.05359,0.525,3.4324395
1559598891434,9.956,122.0,0.05359,0.525,3.4324395
1559598891480,10.002,122.0,0.05359,0.525,3.4324395
1559598891527,10.049,122.0,0.05359,0.525,3.4324395
1559598891588,10.11,122.0,0.05371,0.524,3.43357288
1559598891634,10.156,122.0,0.05371,0.524,3.43357288
1559598891680,10.202,122.0,0.05371,0.524,3.43357288
1559598891726,10.248,122.0,0.05371,0.524,3.43357288
1559598891787,10.309,121.9,0.05367,0.523,3.421661079
1559598891833,10.355,121.9,0.05367,0.523,3.421661079
1559598891880,10.402,121.9,0.05367,0.523,3.421661079
1559598891926,10.448,121.9,0.05367,0.523,3.421661079
1559598891988,10.51,121.9,0.05344,0.525,3.4200264
1559598892034,10.556,121.9,0.05344,0.525,3.4200264
1559598892080,10.602,121.9,0.05344,0.525,3.4200264
1559598892126,10.648,121.9,0.05344,0.525,3.4200264
1559598892188,10.71,121.9,0.05985,0.537,3.917798955
1559598892234,10.756,121.9,0.05985,0.537,3.917798955
1559598892280,10.802,121.9,0.05985,0.537,3.917798955
1559598892327,10.849,121.9,0.05985,0.537,3.917798955
1559598892388,10.91,121.9,0.05406,0.521,3.433345194
1559598892434,10.956,121.9,0.05406,0.521,3.433345194
1559598892480,11.002,121.9,0.05406,0.521,3.433345194
1559598892527,11.049,121.9,0.05406,0.521,3.433345194
1559598892588,11.11,121.9,0.054,0.523,3.4426998
1559598892634,11.156,121.9,0.054,0.523,3.4426998
1559598892680,11.202,121.9,0.054,0.523,3.4426998
1559598892726,11.248,121.9,0.054,0.523,3.4426998
1559598892787,11.309,121.9,0.05409,0.523,3.448437633
1559598892833,11.355,121.9,0.05409,0.523,3.448437633
1559598892879,11.401,121.9,0.05409,0.523,3.448437633
1559598892925,11.447,121.9,0.05409,0.523,3.448437633
1559598892988,11.51,121.9,0.0539,0.524,3.44289484
1559598893034,11.556,121.9,0.0539,0.524,3.44289484
1559598893079,11.601,121.9,0.0539,0.524,3.44289484
1559598893126,11.648,121.9,0.0539,0.524,3.44289484
1559598893187,11.709,121.9,0.05369,0.526,3.442570586
1559598893233,11.755,121.9,0.05369,0.526,3.442570586
1559598893279,11.801,121.9,0.05369,0.526,3.442570586
1559598893325,11.847,121.9,0.05369,0.526,3.442570586
1559598893387,11.909,121.9,0.05369,0.525,3.436025775
1559598893433,11.955,121.9,0.05369,0.525,3.436025775
1559598893479,12.001,121.9,0.05369,0.525,3.436025775
1559598893526,12.048,121.9,0.05369,0.525,3.436025775
1559598893588,12.11,121.9,0.05361,0.524,3.424370916
1559598893634,12.156,121.9,0.05361,0.524,3.424370916
1559598893680,12.202,121.9,0.05361,0.524,3.424370916
1559598893727,12.249,121.9,0.05361,0.524,3.424370916
1559598893788,12.31,121.9,0.05353,0.526,3.432311482
1559598893834,12.356,121.9,0.05353,0.526,3.432311482
1559598893880,12.402,121.9,0.05353,0.526,3.432311482
1559598893926,12.448,121.9,0.05353,0.526,3.432311482
1559598893988,12.51,121.9,0.05365,0.526,3.44000581
1559598894034,12.556,121.9,0.05365,0.526,3.44000581
1559598894079,12.601,121.9,0.05365,0.526,3.44000581
1559598894126,12.648,121.9,0.05365,0.526,3.44000581
1559598894187,12.709,121.9,0.05378,0.524,3.435229768
1559598894233,12.755,121.9,0.05378,0.524,3.435229768
1559598894279,12.801,121.9,0.05378,0.524,3.435229768
1559598894325,12.847,121.9,0.05378,0.524,3.435229768
1559598894387,12.909,121.9,0.05386,0.524,3.440339816
1559598894433,12.955,121.9,0.05386,0.524,3.440339816
1559598894480,13.002,121.9,0.05386,0.524,3.440339816
1559598894526,13.048,121.9,0.05386,0.524,3.440339816
1559598894587,13.109,122.0,0.05361,0.524,3.42718008
1559598894633,13.155,122.0,0.05361,0.524,3.42718008
1559598894679,13.201,122.0,0.05361,0.524,3.42718008
1559598894725,13.247,122.0,0.05361,0.524,3.42718008
1559598894788,13.31,122.0,0.05371,0.522,3.42046764
1559598894834,13.356,122.0,0.05371,0.522,3.42046764
1559598894880,13.402,122.0,0.05371,0.522,3.42046764
1559598894926,13.448,122.0,0.05371,0.522,3.42046764
1559598894988,13.51,122.0,0.05334,0.526,3.42293448
1559598895034,13.556,122.0,0.05334,0.526,3.42293448
1559598895080,13.602,122.0,0.05334,0.526,3.42293448
1559598895126,13.648,122.0,0.05334,0.526,3.42293448
1559598895187,13.709,122.0,0.05338,0.526,3.42550136
1559598895233,13.755,122.0,0.05338,0.526,3.42550136
1559598895279,13.801,122.0,0.05338,0.526,3.42550136
1559598895325,13.847,122.0,0.05338,0.526,3.42550136
1559598895388,13.91,122.0,0.05337,0.525,3.4183485
1559598895434,13.956,122.0,0.05337,0.525,3.4183485
1559598895480,14.002,122.0,0.05337,0.525,3.4183485
1559598895526,14.048,122.0,0.05337,0.525,3.4183485
1559598895587,14.109,122.0,0.05393,0.524,3.44763704
1559598895633,14.155,122.0,0.05393,0.524,3.44763704
1559598895680,14.202,122.0,0.05393,0.524,3.44763704
1559598895726,14.248,122.0,0.05393,0.524,3.44763704
1559598895787,14.309,122.0,0.05384,0.525,3.448452
1559598895833,14.355,122.0,0.05384,0.525,3.448452
1559598895879,14.401,122.0,0.05384,0.525,3.448452
1559598895925,14.447,122.0,0.05384,0.525,3.448452
1559598895988,14.51,122.0,0.0534,0.525,3.42027
1559598896034,14.556,122.0,0.0534,0.525,3.42027
1559598896080,14.602,122.0,0.0534,0.525,3.42027
1559598896126,14.648,122.0,0.0534,0.525,3.42027
1559598896187,14.709,122.0,0.05374,0.524,3.43549072
1559598896233,14.755,122.0,0.05374,0.524,3.43549072
1559598896279,14.801,122.0,0.05374,0.524,3.43549072
1559598896325,14.847,122.0,0.05374,0.524,3.43549072
1559598896387,14.909,122.0,0.05346,0.525,3.424113
1559598896432,14.954,122.0,0.05346,0.525,3.424113
1559598896478,15.0,122.0,0.05346,0.525,3.424113
1559598896524,15.046,122.0,0.05346,0.525,3.424113
1559598896587,15.109,122.0,0.05355,0.526,3.4364106
1559598896633,15.155,122.0,0.05355,0.526,3.4364106
1559598896679,15.201,122.0,0.05355,0.526,3.4364106
1559598896725,15.247,122.0,0.05355,0.526,3.4364106
1559598896787,15.309,121.9,0.05425,0.526,3.47847745
1559598896833,15.355,121.9,0.05425,0.526,3.47847745
1559598896879,15.401,121.9,0.05425,0.526,3.47847745
1559598896926,15.448,121.9,0.05425,0.526,3.47847745
1559598896987,15.509,121.9,0.05432,0.531,3.516073848
1559598897033,15.555,121.9,0.05432,0.531,3.516073848
1559598897080,15.602,121.9,0.05432,0.531,3.516073848
1559598897129,15.651,121.9,0.05432,0.531,3.516073848
1559598897187,15.709,121.9,0.05453,0.528,3.509725296
1559598897233,15.755,121.9,0.05453,0.528,3.509725296
1559598897279,15.801,121.9,0.05453,0.528,3.509725296
1559598897325,15.847,121.9,0.05453,0.528,3.509725296
1559598897387,15.909,121.9,0.05339,0.528,3.436351248
1559598897433,15.955,121.9,0.05339,0.528,3.436351248
1559598897479,16.001,121.9,0.05339,0.528,3.436351248
1559598897525,16.047,121.9,0.05339,0.528,3.436351248
1559598897587,16.109,121.9,0.05331,0.527,3.424703703
1559598897633,16.155,121.9,0.05331,0.527,3.424703703
1559598897679,16.201,121.9,0.05331,0.527,3.424703703
1559598897725,16.247,121.9,0.05331,0.527,3.424703703
1559598897786,16.308,121.9,0.05316,0.529,3.428027916
1559598897832,16.354,121.9,0.05316,0.529,3.428027916
1559598897878,16.4,121.9,0.05316,0.529,3.428027916
1559598897924,16.446,121.9,0.05316,0.529,3.428027916
1559598897986,16.508,121.9,0.05283,0.532,3.426067764
1559598898032,16.555,121.9,0.05283,0.532,3.426067764
1559598898079,16.601,121.9,0.05283,0.532,3.426067764
1559598898125,16.647,121.9,0.05283,0.532,3.426067764
1559598898187,16.709,121.9,0.05324,0.528,3.426696768
1559598898233,16.755,121.9,0.05324,0.528,3.426696768
1559598898279,16.801,121.9,0.05324,0.528,3.426696768
1559598898325,16.847,121.9,0.05324,0.528,3.426696768
1559598898386,16.908,121.9,0.05311,0.529,3.424803661
1559598898432,16.954,121.9,0.05311,0.529,3.424803661
1559598898478,17.0,121.9,0.05311,0.529,3.424803661
1559598898524,17.046,121.9,0.05311,0.529,3.424803661
1559598898587,17.109,121.9,0.05255,0.534,3.42072123
1559598898633,17.155,121.9,0.05255,0.534,3.42072123
1559598898679,17.201,121.9,0.05255,0.534,3.42072123
1559598898725,17.247,121.9,0.05255,0.534,3.42072123
1559598898786,17.308,121.9,0.05356,0.526,3.434235064
1559598898832,17.354,121.9,0.05356,0.526,3.434235064
1559598898878,17.4,121.9,0.05356,0.526,3.434235064
1559598898924,17.446,121.9,0.05356,0.526,3.434235064
1559598898987,17.509,121.9,0.05351,0.525,3.424506225
1559598899033,17.555,121.9,0.05351,0.525,3.424506225
1559598899079,17.601,121.9,0.05351,0.525,3.424506225
1559598899125,17.647,121.9,0.05351,0.525,3.424506225
1559598899187,17.709,121.9,0.05284,0.532,3.426716272
1559598899233,17.755,121.9,0.05284,0.532,3.426716272
1559598899279,17.801,121.9,0.05284,0.532,3.426716272
1559598899325,17.847,121.9,0.05284,0.532,3.426716272
1559598899387,17.909,122.0,0.05346,0.525,3.424113
1559598899433,17.955,122.0,0.05346,0.525,3.424113
1559598899479,18.001,122.0,0.05346,0.525,3.424113
1559598899525,18.047,122.0,0.05346,0.525,3.424113
1559598899586,18.108,122.0,0.05342,0.525,3.421551
1559598899632,18.154,122.0,0.05342,0.525,3.421551
1559598899678,18.2,122.0,0.05342,0.525,3.421551
1559598899724,18.246,122.0,0.05342,0.525,3.421551
1559598899787,18.309,122.0,0.05358,0.525,3.431799
1559598899833,18.355,122.0,0.05358,0.525,3.431799
1559598899879,18.401,122.0,0.05358,0.525,3.431799
1559598899925,18.447,122.0,0.05358,0.525,3.431799
1559598899986,18.508,122.0,0.05326,0.527,3.42429844
1559598900032,18.554,122.0,0.05326,0.527,3.42429844
1559598900078,18.6,122.0,0.05326,0.527,3.42429844
1559598900124,18.646,122.0,0.05326,0.527,3.42429844
1559598900187,18.709,122.0,0.05332,0.529,3.44116616
1559598900233,18.755,122.0,0.05332,0.529,3.44116616
1559598900279,18.801,122.0,0.05332,0.529,3.44116616
1559598900325,18.847,122.0,0.05332,0.529,3.44116616
1559598900386,18.908,122.0,0.05297,0.531,3.43150254
1559598900433,18.955,122.0,0.05297,0.531,3.43150254
1559598900479,19.001,122.0,0.05297,0.531,3.43150254
1559598900525,19.047,122.0,0.05297,0.531,3.43150254
1559598900586,19.108,122.0,0.05343,0.528,3.44174688
1559598900632,19.154,122.0,0.05343,0.528,3.44174688
1559598900678,19.201,122.0,0.05343,0.528,3.44174688
1559598900724,19.246,122.0,0.05343,0.528,3.44174688
1559598900787,19.309,122.0,0.05284,0.532,3.42952736
1559598900834,19.356,122.0,0.05284,0.532,3.42952736
1559598900880,19.402,122.0,0.05284,0.532,3.42952736
1559598900926,19.448,122.0,0.05284,0.532,3.42952736
1559598900986,19.508,121.9,0.05319,0.528,3.423478608
1559598901033,19.555,121.9,0.05319,0.528,3.423478608
1559598901079,19.601,121.9,0.05319,0.528,3.423478608
1559598901125,19.647,121.9,0.05319,0.528,3.423478608
1559598901187,19.709,121.9,0.05379,0.522,3.422754522
1559598901233,19.755,121.9,0.05379,0.522,3.422754522
1559598901279,19.801,121.9,0.05379,0.522,3.422754522
1559598901325,19.847,121.9,0.05379,0.522,3.422754522
1559598901388,19.91,121.9,0.05357,0.525,3.428346075
1559598901433,19.955,121.9,0.05357,0.525,3.428346075
1559598901480,20.002,121.9,0.05357,0.525,3.428346075
1559598901526,20.048,121.9,0.05357,0.525,3.428346075
1559598901587,20.109,121.9,0.05405,0.52,3.4261214
1559598901633,20.155,121.9,0.05405,0.52,3.4261214
1559598901679,20.201,121.9,0.05405,0.52,3.4261214
1559598901724,20.247,121.9,0.05405,0.52,3.4261214
1559598901787,20.309,121.9,0.05362,0.525,3.43154595
1559598901833,20.355,121.9,0.05362,0.525,3.43154595
1559598901879,20.401,121.9,0.05362,0.525,3.43154595
1559598901925,20.447,121.9,0.05362,0.525,3.43154595
1559598901987,20.509,121.9,0.05417,0.518,3.420521314
1559598902033,20.555,121.9,0.05417,0.518,3.420521314
1559598902079,20.601,121.9,0.05417,0.518,3.420521314
1559598902125,20.647,121.9,0.05417,0.518,3.420521314
1559598902187,20.709,121.9,0.05366,0.523,3.421023542
1559598902232,20.754,121.9,0.05366,0.523,3.421023542
1559598902279,20.801,121.9,0.05366,0.523,3.421023542
1559598902325,20.847,121.9,0.05366,0.523,3.421023542
1559598902387,20.909,121.9,0.05362,0.525,3.43154595
1559598902433,20.955,121.9,0.05362,0.525,3.43154595
1559598902480,21.002,121.9,0.05362,0.525,3.43154595
1559598902526,21.048,121.9,0.05362,0.525,3.43154595
1559598902587,21.109,121.9,0.05366,0.523,3.421023542
1559598902633,21.155,121.9,0.05366,0.523,3.421023542
1559598902679,21.201,121.9,0.05366,0.523,3.421023542
1559598902725,21.247,121.9,0.05366,0.523,3.421023542
1559598902786,21.308,121.9,0.05368,0.522,3.415755024
1559598902832,21.355,121.9,0.05368,0.522,3.415755024
1559598902879,21.401,121.9,0.05368,0.522,3.415755024
1559598902925,21.447,121.9,0.05368,0.522,3.415755024
1559598902986,21.508,121.9,0.05379,0.523,3.429311523
1559598903032,21.554,121.9,0.05379,0.523,3.429311523
1559598903078,21.6,121.9,0.05379,0.523,3.429311523
1559598903124,21.646,121.9,0.05379,0.523,3.429311523
1559598903187,21.709,121.9,0.054,0.52,3.422952
1559598903233,21.755,121.9,0.054,0.52,3.422952
1559598903279,21.801,121.9,0.054,0.52,3.422952
1559598903325,21.847,121.9,0.054,0.52,3.422952
1559598903386,21.909,122.0,0.0543,0.521,3.4514166
1559598903433,21.955,122.0,0.0543,0.521,3.4514166
1559598903479,22.001,122.0,0.0543,0.521,3.4514166
1559598903525,22.047,122.0,0.0543,0.521,3.4514166
1559598903586,22.108,122.0,0.05385,0.522,3.4293834
1559598903632,22.155,122.0,0.05385,0.522,3.4293834
1559598903679,22.201,122.0,0.05385,0.522,3.4293834
1559598903725,22.247,122.0,0.05385,0.522,3.4293834
1559598903786,22.308,122.0,0.0541,0.523,3.4519046
1559598903832,22.354,122.0,0.0541,0.523,3.4519046
1559598903878,22.4,122.0,0.0541,0.523,3.4519046
1559598903924,22.446,122.0,0.0541,0.523,3.4519046
1559598903986,22.508,122.0,0.05379,0.522,3.42556236
1559598904033,22.555,122.0,0.05379,0.522,3.42556236
1559598904079,22.601,122.0,0.05379,0.522,3.42556236
1559598904125,22.647,122.0,0.05379,0.522,3.42556236
1559598904186,22.708,122.0,0.05353,0.525,3.4285965
1559598904232,22.754,122.0,0.05353,0.525,3.4285965
1559598904278,22.8,122.0,0.05353,0.525,3.4285965
1559598904324,22.846,122.0,0.05353,0.525,3.4285965
1559598904386,22.908,122.0,0.0535,0.525,3.426675
1559598904433,22.955,122.0,0.0535,0.525,3.426675
1559598904479,23.001,122.0,0.0535,0.525,3.426675
1559598904525,23.047,122.0,0.0535,0.525,3.426675
1559598904586,23.108,122.0,0.05337,0.525,3.4183485
1559598904632,23.154,122.0,0.05337,0.525,3.4183485
1559598904679,23.201,122.0,0.05337,0.525,3.4183485
1559598904725,23.247,122.0,0.05337,0.525,3.4183485
1559598904786,23.308,122.0,0.05361,0.524,3.42718008
1559598904832,23.354,122.0,0.05361,0.524,3.42718008
1559598904878,23.4,122.0,0.05361,0.524,3.42718008
1559598904924,23.446,122.0,0.05361,0.524,3.42718008
1559598904987,23.509,122.0,0.05358,0.524,3.42526224
1559598905032,23.554,122.0,0.05358,0.524,3.42526224
1559598905079,23.601,122.0,0.05358,0.524,3.42526224
1559598905125,23.647,122.0,0.05358,0.524,3.42526224
1559598905186,23.708,122.0,0.05338,0.526,3.42550136
1559598905232,23.754,122.0,0.05338,0.526,3.42550136
1559598905278,23.8,122.0,0.05338,0.526,3.42550136
1559598905324,23.846,122.0,0.05338,0.526,3.42550136
1559598905387,23.909,122.0,0.05366,0.524,3.43037648
1559598905433,23.955,122.0,0.05366,0.524,3.43037648
1559598905479,24.001,122.0,0.05366,0.524,3.43037648
1559598905525,24.047,122.0,0.05366,0.524,3.43037648
1559598905586,24.108,122.0,0.05364,0.523,3.42255384
1559598905632,24.154,122.0,0.05364,0.523,3.42255384
1559598905678,24.2,122.0,0.05364,0.523,3.42255384
1559598905724,24.246,122.0,0.05364,0.523,3.42255384
1559598905786,24.308,121.9,0.05342,0.525,3.41874645
1559598905832,24.354,121.9,0.05342,0.525,3.41874645
1559598905879,24.401,121.9,0.05342,0.525,3.41874645
1559598905925,24.447,121.9,0.05342,0.525,3.41874645
1559598905986,24.508,121.9,0.05353,0.525,3.425786175
1559598906032,24.554,121.9,0.05353,0.525,3.425786175
1559598906078,24.6,121.9,0.05353,0.525,3.425786175
1559598906124,24.646,121.9,0.05353,0.525,3.425786175
1559598906185,24.707,121.9,0.05324,0.527,3.420206812
1559598906231,24.753,121.9,0.05324,0.527,3.420206812
1559598906277,24.799,121.9,0.05324,0.527,3.420206812
1559598906324,24.846,121.9,0.05324,0.527,3.420206812
1559598906386,24.908,121.9,0.05367,0.525,3.434745825
1559598906432,24.954,121.9,0.05367,0.525,3.434745825
1559598906478,25.0,121.9,0.05367,0.525,3.434745825
1559598906524,25.046,121.9,0.05367,0.525,3.434745825
1559598906586,25.108,121.9,0.05366,0.524,3.427564696
1559598906633,25.155,121.9,0.05366,0.524,3.427564696
1559598906679,25.201,121.9,0.05366,0.524,3.427564696
1559598906724,25.247,121.9,0.05366,0.524,3.427564696
1559598906786,25.308,121.9,0.05347,0.525,3.421946325
1559598906832,25.354,121.9,0.05347,0.525,3.421946325
1559598906878,25.4,121.9,0.05347,0.525,3.421946325
1559598906924,25.446,121.9,0.05347,0.525,3.421946325
1559598906986,25.508,121.9,0.05365,0.523,3.420386005
1559598907031,25.553,121.9,0.05365,0.523,3.420386005
1559598907077,25.599,121.9,0.05365,0.523,3.420386005
1559598907123,25.646,121.9,0.05365,0.523,3.420386005
1559598907186,25.708,121.9,0.05357,0.525,3.428346075
1559598907232,25.754,121.9,0.05357,0.525,3.428346075
1559598907279,25.801,121.9,0.05357,0.525,3.428346075
1559598907325,25.847,121.9,0.05357,0.525,3.428346075
1559598907386,25.908,122.0,0.05359,0.524,3.42590152
1559598907432,25.954,122.0,0.05359,0.524,3.42590152
1559598907478,26.0,122.0,0.05359,0.524,3.42590152
1559598907524,26.046,122.0,0.05359,0.524,3.42590152
1559598907585,26.107,122.0,0.05403,0.524,3.45402984
1559598907631,26.153,122.0,0.05403,0.524,3.45402984
1559598907677,26.199,122.0,0.05403,0.524,3.45402984
1559598907723,26.245,122.0,0.05403,0.524,3.45402984
1559598907786,26.308,122.0,0.05454,0.523,3.47997924
1559598907832,26.354,122.0,0.05454,0.523,3.47997924
1559598907878,26.4,122.0,0.05454,0.523,3.47997924
1559598907924,26.446,122.0,0.05454,0.523,3.47997924
1559598907986,26.508,122.0,0.05448,0.525,3.489444
1559598908032,26.554,122.0,0.05448,0.525,3.489444
1559598908079,26.601,122.0,0.05448,0.525,3.489444
1559598908124,26.647,122.0,0.05448,0.525,3.489444
1559598908186,26.708,122.0,0.05428,0.527,3.48987832
1559598908232,26.754,122.0,0.05428,0.527,3.48987832
1559598908278,26.8,122.0,0.05428,0.527,3.48987832
1559598908324,26.846,122.0,0.05428,0.527,3.48987832
1559598908386,26.908,122.0,0.05419,0.526,3.47748068
1559598908432,26.954,122.0,0.05419,0.526,3.47748068
1559598908478,27.001,122.0,0.05419,0.526,3.47748068
1559598908525,27.047,122.0,0.05419,0.526,3.47748068
1559598908586,27.108,122.0,0.05459,0.523,3.48316954
1559598908632,27.154,122.0,0.05459,0.523,3.48316954
1559598908678,27.2,122.0,0.05459,0.523,3.48316954
1559598908724,27.246,122.0,0.05459,0.523,3.48316954
1559598908785,27.307,122.0,0.05412,0.518,3.42016752
1559598908831,27.353,122.0,0.05412,0.518,3.42016752
1559598908877,27.4,122.0,0.05412,0.518,3.42016752
1559598908924,27.446,122.0,0.05412,0.518,3.42016752
1559598908986,27.508,122.0,0.05407,0.519,3.42360426
1559598909032,27.554,122.0,0.05407,0.519,3.42360426
1559598909079,27.601,122.0,0.05407,0.519,3.42360426
1559598909125,27.647,122.0,0.05407,0.519,3.42360426
1559598909186,27.708,122.0,0.05388,0.521,3.42472056
1559598909232,27.754,122.0,0.05388,0.521,3.42472056
1559598909278,27.8,122.0,0.05388,0.521,3.42472056
1559598909324,27.846,122.0,0.05388,0.521,3.42472056
1559598909385,27.907,122.0,0.05379,0.523,3.43212474
1559598909431,27.953,122.0,0.05379,0.523,3.43212474
1559598909478,28.0,122.0,0.05379,0.523,3.43212474
1559598909524,28.046,122.0,0.05379,0.523,3.43212474
1559598909586,28.108,122.0,0.05376,0.524,3.43676928
1559598909632,28.154,122.0,0.05376,0.524,3.43676928
1559598909678,28.2,122.0,0.05376,0.524,3.43676928
1559598909724,28.246,122.0,0.05376,0.524,3.43676928
1559598909785,28.307,122.0,0.05395,0.52,3.422588
1559598909831,28.353,122.0,0.05395,0.52,3.422588
1559598909877,28.399,122.0,0.05395,0.52,3.422588
1559598909924,28.446,122.0,0.05395,0.52,3.422588
1559598909986,28.508,122.0,0.05357,0.524,3.42462296
1559598910032,28.554,122.0,0.05357,0.524,3.42462296
1559598910078,28.6,122.0,0.05357,0.524,3.42462296
1559598910124,28.646,122.0,0.05357,0.524,3.42462296
1559598910186,28.708,121.9,0.0535,0.525,3.42386625
1559598910232,28.754,121.9,0.0535,0.525,3.42386625
1559598910278,28.8,121.9,0.0535,0.525,3.42386625
1559598910323,28.845,121.9,0.0535,0.525,3.42386625
1559598910386,28.908,121.9,0.05379,0.522,3.422754522
1559598910431,28.953,121.9,0.05379,0.522,3.422754522
1559598910478,29.0,121.9,0.05379,0.522,3.422754522
1559598910524,29.046,121.9,0.05379,0.522,3.422754522
1559598910586,29.108,121.9,0.05407,0.519,3.420798027
1559598910632,29.154,121.9,0.05407,0.519,3.420798027
1559598910678,29.2,121.9,0.05407,0.519,3.420798027
1559598910724,29.246,121.9,0.05407,0.519,3.420798027
1559598910785,29.307,121.9,0.05435,0.518,3.43188727
1559598910831,29.353,121.9,0.05435,0.518,3.43188727
1559598910877,29.399,121.9,0.05435,0.518,3.43188727
1559598910923,29.445,121.9,0.05435,0.518,3.43188727
1559598910986,29.508,121.9,0.0542,0.518,3.42241564
1559598911032,29.554,121.9,0.0542,0.518,3.42241564
1559598911079,29.601,121.9,0.0542,0.518,3.42241564
1559598911125,29.647,121.9,0.0542,0.518,3.42241564
1559598911185,29.707,121.9,0.05385,0.521,3.420008115
1559598911231,29.753,121.9,0.05385,0.521,3.420008115
1559598911277,29.799,121.9,0.05385,0.521,3.420008115
1559598911323,29.845,121.9,0.05385,0.521,3.420008115
1559598911386,29.908,121.9,0.0538,0.522,3.42339084
1559598911432,29.954,121.9,0.0538,0.522,3.42339084
1559598911479,30.001,121.9,0.0538,0.522,3.42339084
1559598911526,30.048,121.9,0.0538,0.522,3.42339084
1559598911585,30.107,122.0,0.05371,0.523,3.42702026
1559598911631,30.153,122.0,0.05371,0.523,3.42702026
1559598911677,30.199,122.0,0.05371,0.523,3.42702026
1559598911724,30.246,122.0,0.05371,0.523,3.42702026
1559598911786,30.308,122.0,0.05356,0.524,3.42398368
1559598911832,30.354,122.0,0.05356,0.524,3.42398368
1559598911879,30.401,122.0,0.05356,0.524,3.42398368
1559598911925,30.447,122.0,0.05356,0.524,3.42398368
1559598911985,30.507,122.0,0.05409,0.528,3.48426144
1559598912031,30.553,122.0,0.05409,0.528,3.48426144
1559598912077,30.599,122.0,0.05409,0.528,3.48426144
1559598912124,30.646,122.0,0.05409,0.528,3.48426144
1559598912186,30.708,122.0,0.05414,0.527,3.48087716
1559598912232,30.754,122.0,0.05414,0.527,3.48087716
1559598912278,30.8,122.0,0.05414,0.527,3.48087716
1559598912324,30.846,122.0,0.05414,0.527,3.48087716
1559598912385,30.907,122.0,0.0545,0.524,3.484076
1559598912431,30.953,122.0,0.0545,0.524,3.484076
1559598912477,30.999,122.0,0.0545,0.524,3.484076
1559598912523,31.046,122.0,0.0545,0.524,3.484076
1559598912586,31.108,122.0,0.05437,0.524,3.47576536
1559598912632,31.154,122.0,0.05437,0.524,3.47576536
1559598912678,31.2,122.0,0.05437,0.524,3.47576536
1559598912724,31.246,122.0,0.05437,0.524,3.47576536
1559598912785,31.307,122.0,0.05432,0.525,3.479196
1559598912830,31.352,122.0,0.05432,0.525,3.479196
1559598912876,31.398,122.0,0.05432,0.525,3.479196
1559598912922,31.444,122.0,0.05432,0.525,3.479196
1559598912985,31.507,122.0,0.05424,0.525,3.474072
1559598913031,31.554,122.0,0.05424,0.525,3.474072
1559598913079,31.601,122.0,0.05424,0.525,3.474072
1559598913125,31.647,122.0,0.05424,0.525,3.474072
1559598913186,31.708,122.0,0.05439,0.525,3.4836795
1559598913232,31.754,122.0,0.05439,0.525,3.4836795
1559598913278,31.8,122.0,0.05439,0.525,3.4836795
1559598913324,31.846,122.0,0.05439,0.525,3.4836795
1559598913385,31.907,122.0,0.05432,0.525,3.479196
1559598913431,31.953,122.0,0.05432,0.525,3.479196
1559598913477,31.999,122.0,0.05432,0.525,3.479196
1559598913523,32.045,122.0,0.05432,0.525,3.479196
1559598913586,32.108,122.0,0.05433,0.526,3.48646476
1559598913632,32.154,122.0,0.05433,0.526,3.48646476
1559598913678,32.2,122.0,0.05433,0.526,3.48646476
1559598913723,32.246,122.0,0.05433,0.526,3.48646476
1559598913785,32.307,122.0,0.05477,0.526,3.51470044
1559598913831,32.353,122.0,0.05477,0.526,3.51470044
1559598913877,32.399,122.0,0.05477,0.526,3.51470044
1559598913923,32.445,122.0,0.05477,0.526,3.51470044
1559598913985,32.507,122.0,0.0544,0.527,3.4975936
1559598914031,32.553,122.0,0.0544,0.527,3.4975936
1559598914076,32.598,122.0,0.0544,0.527,3.4975936
1559598914122,32.645,122.0,0.0544,0.527,3.4975936
1559598914185,32.707,121.9,0.05416,0.532,3.512319328
1559598914231,32.753,121.9,0.05416,0.532,3.512319328
1559598914277,32.799,121.9,0.05416,0.532,3.512319328
1559598914323,32.845,121.9,0.05416,0.532,3.512319328
1559598914385,32.907,121.9,0.05403,0.534,3.517061238
1559598914430,32.953,121.9,0.05403,0.534,3.517061238
1559598914477,32.999,121.9,0.05403,0.534,3.517061238
1559598914523,33.045,121.9,0.05403,0.534,3.517061238
1559598914585,33.107,122.0,0.05403,0.527,3.47380482
1559598914631,33.153,122.0,0.05403,0.527,3.47380482
1559598914677,33.199,122.0,0.05403,0.527,3.47380482
1559598914723,33.246,122.0,0.05403,0.527,3.47380482
1559598914784,33.306,121.9,0.05443,0.524,3.476748908
1559598914830,33.353,121.9,0.05443,0.524,3.476748908
1559598914877,33.399,121.9,0.05443,0.524,3.476748908
1559598914922,33.444,121.9,0.05443,0.524,3.476748908
1559598914985,33.507,121.9,0.05477,0.526,3.511819538
1559598915032,33.554,121.9,0.05477,0.526,3.511819538
1559598915078,33.6,121.9,0.05477,0.526,3.511819538
1559598915124,33.646,121.9,0.05477,0.526,3.511819538
1559598915185,33.707,121.9,0.0548,0.523,3.49370276
1559598915231,33.753,121.9,0.0548,0.523,3.49370276
1559598915277,33.799,121.9,0.0548,0.523,3.49370276
1559598915323,33.845,121.9,0.0548,0.523,3.49370276
1559598915385,33.907,121.9,0.05517,0.521,3.503841183
1559598915431,33.953,121.9,0.05517,0.521,3.503841183
1559598915477,33.999,121.9,0.05517,0.521,3.503841183
1559598915523,34.045,121.9,0.05517,0.521,3.503841183
1559598915585,34.107,122.0,0.05472,0.522,3.48478848
1559598915630,34.152,122.0,0.05472,0.522,3.48478848
1559598915677,34.199,122.0,0.05472,0.522,3.48478848
1559598915722,34.245,122.0,0.05472,0.522,3.48478848
1559598915785,34.307,122.0,0.05474,0.523,3.49274044
1559598915831,34.353,122.0,0.05474,0.523,3.49274044
1559598915878,34.4,122.0,0.05474,0.523,3.49274044
1559598915924,34.446,122.0,0.05474,0.523,3.49274044
1559598915985,34.507,121.9,0.05463,0.523,3.482864631
1559598916032,34.554,121.9,0.05463,0.523,3.482864631
1559598916078,34.6,121.9,0.05463,0.523,3.482864631
1559598916124,34.646,121.9,0.05463,0.523,3.482864631
1559598916185,34.707,122.0,0.0548,0.523,3.4965688
1559598916231,34.753,122.0,0.0548,0.523,3.4965688
1559598916277,34.799,122.0,0.0548,0.523,3.4965688
1559598916323,34.845,122.0,0.0548,0.523,3.4965688
1559598916384,34.906,122.0,0.05421,0.528,3.49199136
1559598916431,34.953,122.0,0.05421,0.528,3.49199136
1559598916477,34.999,122.0,0.05421,0.528,3.49199136
1559598916523,35.045,122.0,0.05421,0.528,3.49199136
1559598916585,35.107,122.0,0.05436,0.533,3.53481336
1559598916631,35.153,122.0,0.05436,0.533,3.53481336
1559598916677,35.199,122.0,0.05436,0.533,3.53481336
1559598916724,35.246,122.0,0.05436,0.533,3.53481336
1559598916785,35.307,122.0,0.05513,0.529,3.55797994
1559598916831,35.353,122.0,0.05513,0.529,3.55797994
1559598916877,35.399,122.0,0.05513,0.529,3.55797994
1559598916923,35.445,122.0,0.05513,0.529,3.55797994
1559598916985,35.507,122.0,0.05475,0.53,3.540135
1559598917031,35.554,122.0,0.05475,0.53,3.540135
1559598917078,35.6,122.0,0.05475,0.53,3.540135
1559598917124,35.646,122.0,0.05475,0.53,3.540135
1559598917185,35.707,122.0,0.05491,0.53,3.5504806
1559598917231,35.753,122.0,0.05491,0.53,3.5504806
1559598917277,35.799,122.0,0.05491,0.53,3.5504806
1559598917323,35.845,122.0,0.05491,0.53,3.5504806
1559598917384,35.906,122.0,0.05521,0.532,3.58334984
1559598917430,35.952,122.0,0.05521,0.532,3.58334984
1559598917476,35.998,122.0,0.05521,0.532,3.58334984
1559598917522,36.045,122.0,0.05521,0.532,3.58334984
1559598917585,36.107,122.0,0.05385,0.529,3.4753713
1559598917631,36.153,122.0,0.05385,0.529,3.4753713
1559598917677,36.199,122.0,0.05385,0.529,3.4753713
1559598917723,36.245,122.0,0.05385,0.529,3.4753713
1559598917784,36.306,122.0,0.05459,0.524,3.48982952
1559598917830,36.352,122.0,0.05459,0.524,3.48982952
1559598917876,36.398,122.0,0.05459,0.524,3.48982952
1559598917923,36.445,122.0,0.05459,0.524,3.48982952
1559598917985,36.507,122.0,0.05463,0.523,3.48572178
1559598918031,36.553,122.0,0.05463,0.523,3.48572178
1559598918077,36.599,122.0,0.05463,0.523,3.48572178
1559598918123,36.645,122.0,0.05463,0.523,3.48572178
1559598918184,36.706,121.9,0.05407,0.529,3.486709357
1559598918230,36.752,121.9,0.05407,0.529,3.486709357
1559598918278,36.8,121.9,0.05407,0.529,3.486709357
1559598918324,36.846,121.9,0.05407,0.529,3.486709357
1559598918385,36.907,122.0,0.05436,0.53,3.5149176
1559598918431,36.953,122.0,0.05436,0.53,3.5149176
1559598918477,36.999,122.0,0.05436,0.53,3.5149176
1559598918522,37.044,122.0,0.05436,0.53,3.5149176
1559598918584,37.107,122.0,0.05437,0.529,3.50893106
1559598918631,37.153,122.0,0.05437,0.529,3.50893106
1559598918677,37.199,122.0,0.05437,0.529,3.50893106
1559598918722,37.244,122.0,0.05437,0.529,3.50893106
1559598918785,37.307,121.9,0.0543,0.528,3.49492176
1559598918831,37.353,121.9,0.0543,0.528,3.49492176
1559598918877,37.399,121.9,0.0543,0.528,3.49492176
1559598918923,37.445,121.9,0.0543,0.528,3.49492176
1559598918984,37.506,121.9,0.05396,0.531,3.492771444
1559598919031,37.553,121.9,0.05396,0.531,3.492771444
1559598919077,37.599,121.9,0.05396,0.531,3.492771444
1559598919123,37.645,121.9,0.05396,0.531,3.492771444
1559598919185,37.707,121.9,0.05418,0.529,3.493802718
1559598919231,37.753,121.9,0.05418,0.529,3.493802718
1559598919277,37.799,121.9,0.05418,0.529,3.493802718
1559598919323,37.845,121.9,0.05418,0.529,3.493802718
1559598919384,37.906,121.9,0.05431,0.527,3.488945003
1559598919430,37.952,121.9,0.05431,0.527,3.488945003
1559598919476,37.998,121.9,0.05431,0.527,3.488945003
1559598919522,38.044,121.9,0.05431,0.527,3.488945003
1559598919585,38.107,121.9,0.05399,0.53,3.48813193
1559598919631,38.153,121.9,0.05399,0.53,3.48813193
1559598919677,38.199,121.9,0.05399,0.53,3.48813193
1559598919723,38.245,121.9,0.05399,0.53,3.48813193
1559598919784,38.306,121.9,0.05314,0.538,3.485038108
1559598919830,38.352,121.9,0.05314,0.538,3.485038108
1559598919876,38.398,121.9,0.05314,0.538,3.485038108
1559598919922,38.444,121.9,0.05314,0.538,3.485038108
1559598919985,38.507,121.9,0.05405,0.533,3.511774435
1559598920031,38.553,121.9,0.05405,0.533,3.511774435
1559598920077,38.599,121.9,0.05405,0.533,3.511774435
1559598920123,38.645,121.9,0.05405,0.533,3.511774435
1559598920184,38.706,121.9,0.05459,0.526,3.500278046
1559598920230,38.752,121.9,0.05459,0.526,3.500278046
1559598920276,38.798,121.9,0.05459,0.526,3.500278046
1559598920321,38.843,121.9,0.05459,0.526,3.500278046
1559598920385,38.907,121.9,0.05406,0.528,3.479474592
1559598920431,38.953,121.9,0.05406,0.528,3.479474592
1559598920477,38.999,121.9,0.05406,0.528,3.479474592
1559598920523,39.045,121.9,0.05406,0.528,3.479474592
1559598920584,39.106,121.9,0.05369,0.533,3.488384263
1559598920630,39.152,121.9,0.05369,0.533,3.488384263
1559598920677,39.199,121.9,0.05369,0.533,3.488384263
1559598920723,39.245,121.9,0.05369,0.533,3.488384263
1559598920784,39.306,122.0,0.05324,0.528,3.42950784
1559598920830,39.352,122.0,0.05324,0.528,3.42950784
1559598920876,39.398,122.0,0.05324,0.528,3.42950784
1559598920923,39.445,122.0,0.05324,0.528,3.42950784
1559598920985,39.507,122.0,0.05295,0.531,3.4302069
1559598921031,39.553,122.0,0.05295,0.531,3.4302069
1559598921077,39.599,122.0,0.05295,0.531,3.4302069
1559598921123,39.645,122.0,0.05295,0.531,3.4302069
1559598921184,39.707,122.0,0.05276,0.532,3.42433504
1559598921231,39.753,122.0,0.05276,0.532,3.42433504
1559598921277,39.799,122.0,0.05276,0.532,3.42433504
1559598921323,39.845,122.0,0.05276,0.532,3.42433504
1559598921384,39.906,122.0,0.05327,0.528,3.43144032
1559598921430,39.952,122.0,0.05327,0.528,3.43144032
1559598921477,39.999,122.0,0.05327,0.528,3.43144032
1559598921523,40.045,122.0,0.05327,0.528,3.43144032
1559598921584,40.106,122.1,0.05325,0.527,3.426461775
1559598921630,40.152,122.1,0.05325,0.527,3.426461775
1559598921676,40.198,122.1,0.05325,0.527,3.426461775
1559598921722,40.244,122.1,0.05325,0.527,3.426461775
1559598921785,40.307,122.1,0.05351,0.525,3.430124775
1559598921831,40.353,122.1,0.05351,0.525,3.430124775
1559598921877,40.399,122.1,0.05351,0.525,3.430124775
1559598921923,40.445,122.1,0.05351,0.525,3.430124775
1559598921984,40.506,122.0,0.05378,0.522,3.42492552
1559598922031,40.553,122.0,0.05378,0.522,3.42492552
1559598922077,40.599,122.0,0.05378,0.522,3.42492552
1559598922123,40.645,122.0,0.05378,0.522,3.42492552
1559598922184,40.706,122.0,0.05357,0.525,3.4311585
1559598922230,40.752,122.0,0.05357,0.525,3.4311585
1559598922276,40.798,122.0,0.05357,0.525,3.4311585
1559598922322,40.844,122.0,0.05357,0.525,3.4311585
1559598922384,40.906,122.0,0.05331,0.529,3.44052078
1559598922430,40.952,122.0,0.05331,0.529,3.44052078
1559598922476,40.998,122.0,0.05331,0.529,3.44052078
1559598922523,41.045,122.0,0.05331,0.529,3.44052078
1559598922585,41.107,122.0,0.05365,0.523,3.4231919
1559598922631,41.153,122.0,0.05365,0.523,3.4231919
1559598922677,41.199,122.0,0.05365,0.523,3.4231919
1559598922723,41.245,122.0,0.05365,0.523,3.4231919
1559598922784,41.306,122.0,0.05411,0.52,3.4327384
1559598922830,41.352,122.0,0.05411,0.52,3.4327384
1559598922876,41.398,122.0,0.05411,0.52,3.4327384
1559598922923,41.445,122.0,0.05411,0.52,3.4327384
1559598922984,41.506,121.9,0.05334,0.527,3.426630942
1559598923030,41.552,121.9,0.05334,0.527,3.426630942
1559598923076,41.598,121.9,0.05334,0.527,3.426630942
1559598923122,41.644,121.9,0.05334,0.527,3.426630942
1559598923184,41.706,121.9,0.05327,0.527,3.422134051
1559598923230,41.752,121.9,0.05327,0.527,3.422134051
1559598923276,41.798,121.9,0.05327,0.527,3.422134051
1559598923322,41.844,121.9,0.05327,0.527,3.422134051
1559598923385,41.907,121.9,0.05349,0.526,3.429746706
1559598923431,41.953,121.9,0.05349,0.526,3.429746706
1559598923477,41.999,121.9,0.05349,0.526,3.429746706
1559598923523,42.045,121.9,0.05349,0.526,3.429746706
1559598923584,42.106,122.0,0.0552,0.526,3.5422944
1559598923630,42.152,122.0,0.0552,0.526,3.5422944
1559598923676,42.198,122.0,0.0552,0.526,3.5422944
1559598923722,42.244,122.0,0.0552,0.526,3.5422944
1559598923784,42.306,121.9,0.05371,0.523,3.424211227
1559598923830,42.352,121.9,0.05371,0.523,3.424211227
1559598923876,42.398,121.9,0.05371,0.523,3.424211227
1559598923922,42.444,121.9,0.05371,0.523,3.424211227
1559598923984,42.506,121.9,0.05358,0.525,3.42898605
1559598924030,42.552,121.9,0.05358,0.525,3.42898605
1559598924077,42.599,121.9,0.05358,0.525,3.42898605
1559598924123,42.645,121.9,0.05358,0.525,3.42898605
1559598924184,42.706,121.9,0.05359,0.525,3.429626025
1559598924230,42.752,121.9,0.05359,0.525,3.429626025
1559598924276,42.798,121.9,0.05359,0.525,3.429626025
1559598924322,42.844,121.9,0.05359,0.525,3.429626025
1559598924384,42.906,121.9,0.0535,0.527,3.43690955
1559598924430,42.952,121.9,0.0535,0.527,3.43690955
1559598924476,42.998,121.9,0.0535,0.527,3.43690955
1559598924522,43.044,121.9,0.0535,0.527,3.43690955
1559598924584,43.106,122.0,0.05347,0.525,3.4247535
1559598924629,43.151,122.0,0.05347,0.525,3.4247535
1559598924676,43.198,122.0,0.05347,0.525,3.4247535
1559598924722,43.244,122.0,0.05347,0.525,3.4247535
1559598924784,43.306,122.0,0.05319,0.528,3.42628704
1559598924830,43.352,122.0,0.05319,0.528,3.42628704
1559598924876,43.398,122.0,0.05319,0.528,3.42628704
1559598924922,43.444,122.0,0.05319,0.528,3.42628704
1559598924983,43.505,122.0,0.05293,0.53,3.4224538
1559598925029,43.551,122.0,0.05293,0.53,3.4224538
1559598925076,43.598,122.0,0.05293,0.53,3.4224538
1559598925123,43.645,122.0,0.05293,0.53,3.4224538
1559598925184,43.706,122.0,0.05323,0.529,3.43535774
1559598925230,43.752,122.0,0.05323,0.529,3.43535774
1559598925276,43.798,122.0,0.05323,0.529,3.43535774
1559598925322,43.844,122.0,0.05323,0.529,3.43535774
1559598925384,43.906,122.0,0.05304,0.53,3.4295664
1559598925430,43.952,122.0,0.05304,0.53,3.4295664
1559598925476,43.998,122.0,0.05304,0.53,3.4295664
1559598925523,44.045,122.0,0.05304,0.53,3.4295664
1559598925584,44.106,122.0,0.05349,0.525,3.4260345
1559598925630,44.152,122.0,0.05349,0.525,3.4260345
1559598925676,44.198,122.0,0.05349,0.525,3.4260345
1559598925722,44.244,122.0,0.05349,0.525,3.4260345
1559598925783,44.305,122.0,0.05396,0.522,3.43638864
1559598925829,44.351,122.0,0.05396,0.522,3.43638864
1559598925875,44.397,122.0,0.05396,0.522,3.43638864
1559598925921,44.443,122.0,0.05396,0.522,3.43638864
1559598925984,44.506,122.0,0.05347,0.526,3.43127684
1559598926030,44.552,122.0,0.05347,0.526,3.43127684
1559598926076,44.598,122.0,0.05347,0.526,3.43127684
1559598926123,44.645,122.0,0.05347,0.526,3.43127684
1559598926184,44.706,122.0,0.05351,0.525,3.4273155
1559598926230,44.752,122.0,0.05351,0.525,3.4273155
1559598926276,44.798,122.0,0.05351,0.525,3.4273155
1559598926321,44.843,122.0,0.05351,0.525,3.4273155
1559598926383,44.905,122.0,0.05371,0.524,3.43357288
1559598926430,44.952,122.0,0.05371,0.524,3.43357288
1559598926476,44.998,122.0,0.05371,0.524,3.43357288
1559598926522,45.044,122.0,0.05371,0.524,3.43357288
1559598926584,45.106,122.0,0.05383,0.522,3.42810972
1559598926630,45.152,122.0,0.05383,0.522,3.42810972
1559598926676,45.198,122.0,0.05383,0.522,3.42810972
1559598926723,45.245,122.0,0.05383,0.522,3.42810972
