# Mon Jun 03 12:21:10 2019
abstime,time_stamp,volt,curr,pf,mul
1559589670591,0.08,121.3,0.05664,0.545,3.74438544
1559589670638,0.127,121.3,0.05664,0.545,3.74438544
1559589670684,0.173,121.3,0.05664,0.545,3.74438544
1559589670729,0.218,121.3,0.05664,0.545,3.74438544
1559589670775,0.264,121.3,0.05862,0.551,3.917943906
1559589670820,0.309,121.3,0.05862,0.551,3.917943906
1559589670866,0.355,121.3,0.05862,0.551,3.917943906
1559589670912,0.401,121.3,0.05862,0.551,3.917943906
1559589670957,0.446,121.3,0.05688,0.547,3.774050568
1559589671003,0.492,121.3,0.05688,0.547,3.774050568
1559589671049,0.538,121.3,0.05688,0.547,3.774050568
1559589671095,0.584,121.3,0.05688,0.547,3.774050568
1559589671155,0.644,121.2,0.05761,0.549,3.833300268
1559589671201,0.69,121.2,0.05761,0.549,3.833300268
1559589671247,0.736,121.2,0.05761,0.549,3.833300268
1559589671293,0.782,121.2,0.05761,0.549,3.833300268
1559589671355,0.844,121.2,0.05858,0.552,3.919142592
1559589671401,0.89,121.2,0.05858,0.552,3.919142592
1559589671447,0.936,121.2,0.05858,0.552,3.919142592
1559589671494,0.983,121.2,0.05858,0.552,3.919142592
1559589671554,1.043,121.2,0.05726,0.549,3.810011688
1559589671601,1.09,121.2,0.05726,0.549,3.810011688
1559589671647,1.136,121.2,0.05726,0.549,3.810011688
1559589671693,1.182,121.2,0.05726,0.549,3.810011688
1559589671755,1.244,121.2,0.05718,0.548,3.797758368
1559589671801,1.29,121.2,0.05718,0.548,3.797758368
1559589671847,1.336,121.2,0.05718,0.548,3.797758368
1559589671893,1.382,121.2,0.05718,0.548,3.797758368
1559589671955,1.444,121.2,0.05873,0.552,3.929177952
1559589672000,1.489,121.2,0.05873,0.552,3.929177952
1559589672047,1.536,121.2,0.05873,0.552,3.929177952
1559589672094,1.583,121.2,0.05873,0.552,3.929177952
1559589672155,1.644,121.2,0.05792,0.55,3.8609472
1559589672201,1.69,121.2,0.05792,0.55,3.8609472
1559589672247,1.736,121.2,0.05792,0.55,3.8609472
1559589672293,1.782,121.2,0.05792,0.55,3.8609472
1559589672355,1.844,121.1,0.05635,0.55,3.75319175
1559589672400,1.889,121.1,0.05635,0.55,3.75319175
1559589672447,1.936,121.1,0.05635,0.55,3.75319175
1559589672493,1.982,121.1,0.05635,0.55,3.75319175
1559589672555,2.044,121.1,0.05878,0.551,3.922160158
1559589672601,2.09,121.1,0.05878,0.551,3.922160158
1559589672647,2.136,121.1,0.05878,0.551,3.922160158
1559589672694,2.183,121.1,0.05878,0.551,3.922160158
1559589672755,2.244,121.2,0.05834,0.552,3.903086016
1559589672801,2.29,121.2,0.05834,0.552,3.903086016
1559589672847,2.336,121.2,0.05834,0.552,3.903086016
1559589672893,2.382,121.2,0.05834,0.552,3.903086016
1559589672955,2.444,121.2,0.05628,0.545,3.71751912
1559589673001,2.49,121.2,0.05628,0.545,3.71751912
1559589673048,2.537,121.2,0.05628,0.545,3.71751912
1559589673094,2.583,121.2,0.05628,0.545,3.71751912
1559589673155,2.644,121.1,0.05859,0.553,3.923672697
1559589673201,2.69,121.1,0.05859,0.553,3.923672697
1559589673247,2.736,121.1,0.05859,0.553,3.923672697
1559589673293,2.782,121.1,0.05859,0.553,3.923672697
1559589673355,2.844,121.1,0.0588,0.55,3.916374
1559589673401,2.89,121.1,0.0588,0.55,3.916374
1559589673447,2.937,121.1,0.0588,0.55,3.916374
1559589673494,2.983,121.1,0.0588,0.55,3.916374
1559589673555,3.044,121.2,0.05656,0.546,3.742869312
1559589673601,3.09,121.2,0.05656,0.546,3.742869312
1559589673647,3.136,121.2,0.05656,0.546,3.742869312
1559589673693,3.182,121.2,0.05656,0.546,3.742869312
1559589673754,3.243,121.2,0.05812,0.552,3.888367488
1559589673800,3.289,121.2,0.05812,0.552,3.888367488
1559589673846,3.335,121.2,0.05812,0.552,3.888367488
1559589673892,3.382,121.2,0.05812,0.552,3.888367488
1559589673955,3.444,121.2,0.05839,0.553,3.913508004
1559589674001,3.49,121.2,0.05839,0.553,3.913508004
1559589674047,3.536,121.2,0.05839,0.553,3.913508004
1559589674093,3.582,121.2,0.05839,0.553,3.913508004
1559589674155,3.644,121.2,0.05727,0.545,3.78291258
1559589674201,3.69,121.2,0.05727,0.545,3.78291258
1559589674248,3.737,121.2,0.05727,0.545,3.78291258
1559589674294,3.783,121.2,0.05727,0.545,3.78291258
1559589674355,3.844,121.2,0.05769,0.55,3.8456154
1559589674401,3.89,121.2,0.05769,0.55,3.8456154
1559589674447,3.936,121.2,0.05769,0.55,3.8456154
1559589674493,3.982,121.2,0.05769,0.55,3.8456154
1559589674554,4.043,121.2,0.06028,0.551,4.025570736
1559589674600,4.089,121.2,0.06028,0.551,4.025570736
1559589674647,4.136,121.2,0.06028,0.551,4.025570736
1559589674693,4.182,121.2,0.06028,0.551,4.025570736
1559589674755,4.244,121.2,0.06614,0.561,4.497070248
1559589674801,4.29,121.2,0.06614,0.561,4.497070248
1559589674847,4.336,121.2,0.06614,0.561,4.497070248
1559589674893,4.382,121.2,0.06614,0.561,4.497070248
1559589674954,4.443,121.3,0.05963,0.551,3.985448569
1559589675001,4.49,121.3,0.05963,0.551,3.985448569
1559589675047,4.536,121.3,0.05963,0.551,3.985448569
1559589675093,4.582,121.3,0.05963,0.551,3.985448569
1559589675155,4.644,121.2,0.06167,0.559,4.178191836
1559589675201,4.69,121.2,0.06167,0.559,4.178191836
1559589675247,4.736,121.2,0.06167,0.559,4.178191836
1559589675294,4.783,121.2,0.06167,0.559,4.178191836
1559589675355,4.844,121.2,0.06294,0.559,4.264235352
1559589675401,4.89,121.2,0.06294,0.559,4.264235352
1559589675447,4.936,121.2,0.06294,0.559,4.264235352
1559589675493,4.982,121.2,0.06294,0.559,4.264235352
1559589675554,5.043,121.2,0.06199,0.558,4.192358904
1559589675600,5.089,121.2,0.06199,0.558,4.192358904
1559589675646,5.135,121.2,0.06199,0.558,4.192358904
1559589675692,5.181,121.2,0.06199,0.558,4.192358904
1559589675755,5.244,121.2,0.06023,0.554,4.044131304
1559589675801,5.29,121.2,0.06023,0.554,4.044131304
1559589675847,5.336,121.2,0.06023,0.554,4.044131304
1559589675893,5.382,121.2,0.06023,0.554,4.044131304
1559589675954,5.443,121.2,0.06341,0.56,4.30376352
1559589676000,5.489,121.2,0.06341,0.56,4.30376352
1559589676046,5.535,121.2,0.06341,0.56,4.30376352
1559589676092,5.581,121.2,0.06341,0.56,4.30376352
1559589676155,5.644,121.2,0.0613,0.556,4.13083536
1559589676201,5.69,121.2,0.0613,0.556,4.13083536
1559589676247,5.736,121.2,0.0613,0.556,4.13083536
1559589676293,5.782,121.2,0.0613,0.556,4.13083536
1559589676354,5.843,121.1,0.05848,0.553,3.916306184
1559589676400,5.889,121.1,0.05848,0.553,3.916306184
1559589676446,5.935,121.1,0.05848,0.553,3.916306184
1559589676492,5.981,121.1,0.05848,0.553,3.916306184
1559589676555,6.044,121.1,0.06138,0.555,4.12538049
1559589676601,6.09,121.1,0.06138,0.555,4.12538049
1559589676647,6.136,121.1,0.06138,0.555,4.12538049
1559589676693,6.182,121.1,0.06138,0.555,4.12538049
1559589676754,6.243,121.1,0.06179,0.556,4.160419564
1559589676800,6.289,121.1,0.06179,0.556,4.160419564
1559589676846,6.335,121.1,0.06179,0.556,4.160419564
1559589676892,6.381,121.1,0.06179,0.556,4.160419564
1559589676954,6.443,121.1,0.0606,0.551,4.04360166
1559589677000,6.489,121.1,0.0606,0.551,4.04360166
1559589677046,6.535,121.1,0.0606,0.551,4.04360166
1559589677093,6.582,121.1,0.0606,0.551,4.04360166
1559589677154,6.643,121.1,0.06084,0.551,4.059615924
1559589677200,6.689,121.1,0.06084,0.551,4.059615924
1559589677246,6.735,121.1,0.06084,0.551,4.059615924
1559589677292,6.781,121.1,0.06084,0.551,4.059615924
1559589677354,6.843,121.1,0.06252,0.553,4.186858116
1559589677400,6.889,121.1,0.06252,0.553,4.186858116
1559589677446,6.935,121.1,0.06252,0.553,4.186858116
1559589677492,6.981,121.1,0.06252,0.553,4.186858116
1559589677555,7.044,121.1,0.06031,0.559,4.082679419
1559589677601,7.09,121.1,0.06031,0.559,4.082679419
1559589677647,7.136,121.1,0.06031,0.559,4.082679419
1559589677693,7.182,121.1,0.06031,0.559,4.082679419
1559589677754,7.243,121.2,0.05861,0.548,3.892735536
1559589677800,7.289,121.2,0.05861,0.548,3.892735536
1559589677846,7.335,121.2,0.05861,0.548,3.892735536
1559589677892,7.381,121.2,0.05861,0.548,3.892735536
1559589677954,7.443,121.2,0.06104,0.55,4.0689264
1559589678001,7.49,121.2,0.06104,0.55,4.0689264
1559589678047,7.536,121.2,0.06104,0.55,4.0689264
1559589678093,7.582,121.2,0.06104,0.55,4.0689264
1559589678154,7.643,121.2,0.06069,0.554,4.075017912
1559589678200,7.689,121.2,0.06069,0.554,4.075017912
1559589678246,7.735,121.2,0.06069,0.554,4.075017912
1559589678292,7.781,121.2,0.06069,0.554,4.075017912
1559589678355,7.844,121.2,0.05905,0.55,3.936273
1559589678401,7.89,121.2,0.05905,0.55,3.936273
1559589678447,7.936,121.2,0.05905,0.55,3.936273
1559589678493,7.982,121.2,0.05905,0.55,3.936273
1559589678555,8.044,121.2,0.06017,0.551,4.018224804
1559589678601,8.09,121.2,0.06017,0.551,4.018224804
1559589678647,8.136,121.2,0.06017,0.551,4.018224804
1559589678693,8.182,121.2,0.06017,0.551,4.018224804
1559589678754,8.243,121.3,0.06099,0.553,4.091142111
1559589678800,8.289,121.3,0.06099,0.553,4.091142111
1559589678846,8.335,121.3,0.06099,0.553,4.091142111
1559589678892,8.381,121.3,0.06099,0.553,4.091142111
1559589678955,8.444,121.3,0.0598,0.548,3.97504952
1559589679001,8.49,121.3,0.0598,0.548,3.97504952
1559589679047,8.536,121.3,0.0598,0.548,3.97504952
1559589679093,8.582,121.3,0.0598,0.548,3.97504952
1559589679154,8.643,121.3,0.05924,0.552,3.966568224
1559589679200,8.689,121.3,0.05924,0.552,3.966568224
1559589679246,8.735,121.3,0.05924,0.552,3.966568224
1559589679292,8.781,121.3,0.05924,0.552,3.966568224
1559589679355,8.844,121.3,0.06057,0.558,4.099704678
1559589679401,8.89,121.3,0.06057,0.558,4.099704678
1559589679447,8.936,121.3,0.06057,0.558,4.099704678
1559589679493,8.982,121.3,0.06057,0.558,4.099704678
1559589679554,9.043,121.2,0.0596,0.554,4.00183008
1559589679600,9.089,121.2,0.0596,0.554,4.00183008
1559589679647,9.136,121.2,0.0596,0.554,4.00183008
1559589679693,9.182,121.2,0.0596,0.554,4.00183008
1559589679754,9.243,121.2,0.05939,0.549,3.951739332
1559589679800,9.289,121.2,0.05939,0.549,3.951739332
1559589679846,9.335,121.2,0.05939,0.549,3.951739332
1559589679892,9.381,121.2,0.05939,0.549,3.951739332
1559589679954,9.443,121.2,0.06092,0.554,4.090461216
1559589680001,9.49,121.2,0.06092,0.554,4.090461216
1559589680047,9.536,121.2,0.06092,0.554,4.090461216
1559589680093,9.582,121.2,0.06092,0.554,4.090461216
1559589680154,9.643,121.2,0.06022,0.555,4.05075852
1559589680200,9.689,121.2,0.06022,0.555,4.05075852
1559589680247,9.736,121.2,0.06022,0.555,4.05075852
1559589680293,9.782,121.2,0.06022,0.555,4.05075852
1559589680354,9.843,121.2,0.05833,0.551,3.895347396
1559589680400,9.889,121.2,0.05833,0.551,3.895347396
1559589680446,9.935,121.2,0.05833,0.551,3.895347396
1559589680493,9.982,121.2,0.05833,0.551,3.895347396
1559589680554,10.043,121.2,0.061,0.557,4.1180124
1559589680599,10.088,121.2,0.061,0.557,4.1180124
1559589680645,10.135,121.2,0.061,0.557,4.1180124
1559589680691,10.181,121.2,0.061,0.557,4.1180124
1559589680754,10.243,121.2,0.0608,0.557,4.10451072
1559589680800,10.289,121.2,0.0608,0.557,4.10451072
1559589680846,10.335,121.2,0.0608,0.557,4.10451072
1559589680892,10.381,121.2,0.0608,0.557,4.10451072
1559589680954,10.443,121.2,0.05918,0.552,3.959284032
1559589681000,10.49,121.2,0.05918,0.552,3.959284032
1559589681047,10.536,121.2,0.05918,0.552,3.959284032
1559589681093,10.582,121.2,0.05918,0.552,3.959284032
1559589681153,10.642,121.2,0.05973,0.554,4.010558904
1559589681199,10.688,121.2,0.05973,0.554,4.010558904
1559589681246,10.735,121.2,0.05973,0.554,4.010558904
1559589681292,10.781,121.2,0.05973,0.554,4.010558904
1559589681354,10.843,121.1,0.06671,0.566,4.572476846
1559589681400,10.889,121.1,0.06671,0.566,4.572476846
1559589681447,10.936,121.1,0.06671,0.566,4.572476846
1559589681493,10.982,121.1,0.06671,0.566,4.572476846
1559589681554,11.043,121.1,0.06072,0.557,4.095727944
1559589681600,11.089,121.1,0.06072,0.557,4.095727944
1559589681646,11.136,121.1,0.06072,0.557,4.095727944
1559589681693,11.182,121.1,0.06072,0.557,4.095727944
1559589681754,11.243,121.2,0.05828,0.552,3.899071872
1559589681800,11.289,121.2,0.05828,0.552,3.899071872
1559589681846,11.335,121.2,0.05828,0.552,3.899071872
1559589681892,11.381,121.2,0.05828,0.552,3.899071872
1559589681954,11.443,121.2,0.06071,0.556,4.091076912
1559589682000,11.489,121.2,0.06071,0.556,4.091076912
1559589682046,11.535,121.2,0.06071,0.556,4.091076912
1559589682092,11.581,121.2,0.06071,0.556,4.091076912
1559589682154,11.643,121.2,0.0608,0.556,4.09714176
1559589682201,11.69,121.2,0.0608,0.556,4.09714176
1559589682247,11.736,121.2,0.0608,0.556,4.09714176
1559589682293,11.782,121.2,0.0608,0.556,4.09714176
1559589682354,11.843,121.2,0.05863,0.552,3.922487712
1559589682400,11.889,121.2,0.05863,0.552,3.922487712
1559589682446,11.935,121.2,0.05863,0.552,3.922487712
1559589682493,11.982,121.2,0.05863,0.552,3.922487712
1559589682553,12.043,121.2,0.06018,0.554,4.040774064
1559589682600,12.089,121.2,0.06018,0.554,4.040774064
1559589682646,12.135,121.2,0.06018,0.554,4.040774064
1559589682692,12.181,121.2,0.06018,0.554,4.040774064
1559589682754,12.243,121.2,0.06073,0.555,4.08506418
1559589682800,12.289,121.2,0.06073,0.555,4.08506418
1559589682846,12.335,121.2,0.06073,0.555,4.08506418
1559589682892,12.381,121.2,0.06073,0.555,4.08506418
1559589682953,12.442,121.2,0.05898,0.554,3.960200304
1559589682999,12.488,121.2,0.05898,0.554,3.960200304
1559589683045,12.534,121.2,0.05898,0.554,3.960200304
1559589683091,12.58,121.2,0.05898,0.554,3.960200304
1559589683153,12.642,121.3,0.05948,0.556,4.011497744
1559589683199,12.688,121.3,0.05948,0.556,4.011497744
1559589683246,12.735,121.3,0.05948,0.556,4.011497744
1559589683292,12.781,121.3,0.05948,0.556,4.011497744
1559589683354,12.843,121.2,0.0606,0.558,4.09835376
1559589683400,12.889,121.2,0.0606,0.558,4.09835376
1559589683446,12.935,121.2,0.0606,0.558,4.09835376
1559589683492,12.981,121.2,0.0606,0.558,4.09835376
1559589683553,13.042,121.2,0.05941,0.555,3.99627306
1559589683599,13.088,121.2,0.05941,0.555,3.99627306
1559589683645,13.135,121.2,0.05941,0.555,3.99627306
1559589683691,13.18,121.2,0.05941,0.555,3.99627306
1559589683754,13.243,121.3,0.05919,0.551,3.956040597
1559589683800,13.289,121.3,0.05919,0.551,3.956040597
1559589683846,13.335,121.3,0.05919,0.551,3.956040597
1559589683892,13.381,121.3,0.05919,0.551,3.956040597
1559589683953,13.442,121.3,0.0609,0.554,4.09249218
1559589683999,13.488,121.3,0.0609,0.554,4.09249218
1559589684045,13.534,121.3,0.0609,0.554,4.09249218
1559589684092,13.581,121.3,0.0609,0.554,4.09249218
1559589684154,13.643,121.2,0.06022,0.552,4.028862528
1559589684200,13.689,121.2,0.06022,0.552,4.028862528
1559589684246,13.735,121.2,0.06022,0.552,4.028862528
1559589684292,13.782,121.2,0.06022,0.552,4.028862528
1559589684353,13.843,121.2,0.05868,0.549,3.904496784
1559589684400,13.889,121.2,0.05868,0.549,3.904496784
1559589684446,13.935,121.2,0.05868,0.549,3.904496784
1559589684492,13.981,121.2,0.05868,0.549,3.904496784
1559589684554,14.043,121.2,0.06082,0.555,4.09111812
1559589684600,14.089,121.2,0.06082,0.555,4.09111812
1559589684647,14.136,121.2,0.06082,0.555,4.09111812
1559589684693,14.182,121.2,0.06082,0.555,4.09111812
1559589684754,14.243,121.2,0.06038,0.557,4.076157192
1559589684800,14.289,121.2,0.06038,0.557,4.076157192
1559589684846,14.336,121.2,0.06038,0.557,4.076157192
1559589684893,14.382,121.2,0.06038,0.557,4.076157192
1559589684954,14.443,121.2,0.0581,0.552,3.88702944
1559589685000,14.489,121.2,0.0581,0.552,3.88702944
1559589685046,14.535,121.2,0.0581,0.552,3.88702944
1559589685092,14.581,121.2,0.0581,0.552,3.88702944
1559589685153,14.643,121.2,0.06044,0.558,4.087533024
1559589685199,14.689,121.2,0.06044,0.558,4.087533024
1559589685246,14.735,121.2,0.06044,0.558,4.087533024
1559589685292,14.781,121.2,0.06044,0.558,4.087533024
1559589685354,14.843,121.1,0.06046,0.558,4.085511948
1559589685400,14.889,121.1,0.06046,0.558,4.085511948
1559589685446,14.935,121.1,0.06046,0.558,4.085511948
1559589685492,14.982,121.1,0.06046,0.558,4.085511948
1559589685554,15.043,121.2,0.05936,0.554,3.985715328
1559589685600,15.089,121.2,0.05936,0.554,3.985715328
1559589685646,15.135,121.2,0.05936,0.554,3.985715328
1559589685692,15.181,121.2,0.05936,0.554,3.985715328
1559589685753,15.242,121.2,0.06019,0.555,4.04874054
1559589685799,15.288,121.2,0.06019,0.555,4.04874054
1559589685845,15.335,121.2,0.06019,0.555,4.04874054
1559589685891,15.381,121.2,0.06019,0.555,4.04874054
1559589685954,15.443,121.2,0.06045,0.556,4.07355624
1559589686000,15.489,121.2,0.06045,0.556,4.07355624
1559589686046,15.535,121.2,0.06045,0.556,4.07355624
1559589686092,15.581,121.2,0.06045,0.556,4.07355624
1559589686153,15.642,121.2,0.05937,0.553,3.979191132
1559589686199,15.688,121.2,0.05937,0.553,3.979191132
1559589686245,15.734,121.2,0.05937,0.553,3.979191132
1559589686292,15.781,121.2,0.05937,0.553,3.979191132
1559589686354,15.843,121.2,0.05961,0.553,3.995276796
1559589686400,15.889,121.2,0.05961,0.553,3.995276796
1559589686446,15.935,121.2,0.05961,0.553,3.995276796
1559589686492,15.981,121.2,0.05961,0.553,3.995276796
1559589686553,16.042,121.2,0.06082,0.555,4.09111812
1559589686599,16.088,121.2,0.06082,0.555,4.09111812
1559589686646,16.135,121.2,0.06082,0.555,4.09111812
1559589686692,16.181,121.2,0.06082,0.555,4.09111812
1559589686753,16.242,121.2,0.05959,0.553,3.993936324
1559589686799,16.288,121.2,0.05959,0.553,3.993936324
1559589686845,16.334,121.2,0.05959,0.553,3.993936324
1559589686891,16.38,121.2,0.05959,0.553,3.993936324
1559589686954,16.443,121.2,0.05898,0.553,3.953051928
1559589687000,16.489,121.2,0.05898,0.553,3.953051928
1559589687046,16.535,121.2,0.05898,0.553,3.953051928
1559589687092,16.581,121.2,0.05898,0.553,3.953051928
1559589687153,16.642,121.3,0.06065,0.557,4.097762665
1559589687200,16.689,121.3,0.06065,0.557,4.097762665
1559589687246,16.735,121.3,0.06065,0.557,4.097762665
1559589687292,16.781,121.3,0.06065,0.557,4.097762665
1559589687353,16.842,121.3,0.05965,0.558,4.03743411
1559589687399,16.888,121.3,0.05965,0.558,4.03743411
1559589687445,16.934,121.3,0.05965,0.558,4.03743411
1559589687491,16.98,121.3,0.05965,0.558,4.03743411
1559589687553,17.042,121.2,0.05855,0.553,3.92423178
1559589687599,17.089,121.2,0.05855,0.553,3.92423178
1559589687646,17.135,121.2,0.05855,0.553,3.92423178
1559589687692,17.181,121.2,0.05855,0.553,3.92423178
1559589687753,17.242,121.3,0.06071,0.556,4.094452388
1559589687799,17.288,121.3,0.06071,0.556,4.094452388
1559589687845,17.334,121.3,0.06071,0.556,4.094452388
1559589687890,17.379,121.3,0.06071,0.556,4.094452388
1559589687954,17.443,121.3,0.06027,0.555,4.057466805
1559589688000,17.489,121.3,0.06027,0.555,4.057466805
1559589688046,17.535,121.3,0.06027,0.555,4.057466805
1559589688092,17.581,121.3,0.06027,0.555,4.057466805
1559589688153,17.642,121.3,0.05815,0.552,3.89358444
1559589688199,17.688,121.3,0.05815,0.552,3.89358444
1559589688246,17.735,121.3,0.05815,0.552,3.89358444
1559589688292,17.781,121.3,0.05815,0.552,3.89358444
1559589688354,17.843,121.3,0.0602,0.559,4.08196334
1559589688400,17.889,121.3,0.0602,0.559,4.08196334
1559589688446,17.935,121.3,0.0602,0.559,4.08196334
1559589688492,17.981,121.3,0.0602,0.559,4.08196334
1559589688553,18.042,121.2,0.0603,0.558,4.07806488
1559589688599,18.088,121.2,0.0603,0.558,4.07806488
1559589688645,18.134,121.2,0.0603,0.558,4.07806488
1559589688692,18.181,121.2,0.0603,0.558,4.07806488
1559589688753,18.242,121.3,0.05844,0.551,3.905913372
1559589688799,18.288,121.3,0.05844,0.551,3.905913372
1559589688845,18.334,121.3,0.05844,0.551,3.905913372
1559589688891,18.38,121.3,0.05844,0.551,3.905913372
1559589688953,18.442,121.2,0.06022,0.555,4.05075852
1559589688999,18.488,121.2,0.06022,0.555,4.05075852
1559589689045,18.534,121.2,0.06022,0.555,4.05075852
1559589689092,18.581,121.2,0.06022,0.555,4.05075852
1559589689153,18.642,121.2,0.06037,0.558,4.082798952
1559589689199,18.688,121.2,0.06037,0.558,4.082798952
1559589689244,18.733,121.2,0.06037,0.558,4.082798952
1559589689291,18.78,121.2,0.06037,0.558,4.082798952
1559589689353,18.842,121.2,0.05903,0.552,3.949248672
1559589689399,18.888,121.2,0.05903,0.552,3.949248672
1559589689445,18.934,121.2,0.05903,0.552,3.949248672
1559589689491,18.98,121.2,0.05903,0.552,3.949248672
1559589689553,19.042,121.2,0.05965,0.556,4.01964648
1559589689600,19.089,121.2,0.05965,0.556,4.01964648
1559589689646,19.135,121.2,0.05965,0.556,4.01964648
1559589689692,19.181,121.2,0.05965,0.556,4.01964648
1559589689753,19.242,121.2,0.0605,0.558,4.0915908
1559589689799,19.288,121.2,0.0605,0.558,4.0915908
1559589689845,19.334,121.2,0.0605,0.558,4.0915908
1559589689891,19.38,121.2,0.0605,0.558,4.0915908
1559589689953,19.442,121.2,0.05935,0.553,3.97785066
1559589689999,19.488,121.2,0.05935,0.553,3.97785066
1559589690045,19.534,121.2,0.05935,0.553,3.97785066
1559589690091,19.58,121.2,0.05935,0.553,3.97785066
1559589690153,19.642,121.2,0.05948,0.552,3.979354752
1559589690199,19.688,121.2,0.05948,0.552,3.979354752
1559589690245,19.734,121.2,0.05948,0.552,3.979354752
1559589690293,19.782,121.2,0.05948,0.552,3.979354752
1559589690353,19.842,121.2,0.06056,0.557,4.088308704
1559589690399,19.888,121.2,0.06056,0.557,4.088308704
1559589690445,19.934,121.2,0.06056,0.557,4.088308704
1559589690491,19.98,121.2,0.06056,0.557,4.088308704
1559589690553,20.042,121.2,0.06047,0.556,4.074903984
1559589690599,20.088,121.2,0.06047,0.556,4.074903984
1559589690645,20.134,121.2,0.06047,0.556,4.074903984
1559589690693,20.182,121.2,0.06047,0.556,4.074903984
1559589690752,20.241,121.2,0.05908,0.552,3.952593792
1559589690798,20.287,121.2,0.05908,0.552,3.952593792
1559589690844,20.333,121.2,0.05908,0.552,3.952593792
1559589690890,20.379,121.2,0.05908,0.552,3.952593792
1559589690953,20.442,121.3,0.06078,0.555,4.09180077
1559589690999,20.488,121.3,0.06078,0.555,4.09180077
1559589691045,20.534,121.3,0.06078,0.555,4.09180077
1559589691091,20.58,121.3,0.06078,0.555,4.09180077
1559589691153,20.642,121.3,0.06043,0.554,4.060908086
1559589691200,20.689,121.3,0.06043,0.554,4.060908086
1559589691245,20.734,121.3,0.06043,0.554,4.060908086
1559589691293,20.782,121.3,0.06043,0.554,4.060908086
1559589691353,20.842,121.3,0.05866,0.55,3.9135019
1559589691400,20.889,121.3,0.05866,0.55,3.9135019
1559589691446,20.935,121.3,0.05866,0.55,3.9135019
1559589691492,20.981,121.3,0.05866,0.55,3.9135019
1559589691553,21.042,121.3,0.06094,0.554,4.095180188
1559589691599,21.088,121.3,0.06094,0.554,4.095180188
1559589691645,21.134,121.3,0.06094,0.554,4.095180188
1559589691691,21.18,121.3,0.06094,0.554,4.095180188
1559589691753,21.242,121.3,0.061,0.553,4.0918129
1559589691800,21.289,121.3,0.061,0.553,4.0918129
1559589691846,21.335,121.3,0.061,0.553,4.0918129
1559589691892,21.381,121.3,0.061,0.553,4.0918129
1559589691953,21.442,121.3,0.05808,0.551,3.881852304
1559589691999,21.488,121.3,0.05808,0.551,3.881852304
1559589692045,21.534,121.3,0.05808,0.551,3.881852304
1559589692091,21.58,121.3,0.05808,0.551,3.881852304
1559589692152,21.641,121.3,0.06061,0.554,4.073004122
1559589692199,21.688,121.3,0.06061,0.554,4.073004122
1559589692245,21.734,121.3,0.06061,0.554,4.073004122
1559589692291,21.78,121.3,0.06061,0.554,4.073004122
1559589692352,21.841,121.3,0.06098,0.553,4.090471322
1559589692398,21.888,121.3,0.06098,0.553,4.090471322
1559589692444,21.933,121.3,0.06098,0.553,4.090471322
1559589692490,21.979,121.3,0.06098,0.553,4.090471322
1559589692553,22.042,121.2,0.05879,0.55,3.9189414
1559589692599,22.088,121.2,0.05879,0.55,3.9189414
1559589692645,22.134,121.2,0.05879,0.55,3.9189414
1559589692691,22.18,121.2,0.05879,0.55,3.9189414
1559589692752,22.241,121.2,0.05994,0.555,4.03192404
1559589692798,22.287,121.2,0.05994,0.555,4.03192404
1559589692844,22.333,121.2,0.05994,0.555,4.03192404
1559589692890,22.379,121.2,0.05994,0.555,4.03192404
1559589692953,22.442,121.2,0.0607,0.56,4.1198304
1559589692999,22.488,121.2,0.0607,0.56,4.1198304
1559589693045,22.534,121.2,0.0607,0.56,4.1198304
1559589693091,22.58,121.2,0.0607,0.56,4.1198304
1559589693152,22.641,121.2,0.05902,0.554,3.962886096
1559589693198,22.687,121.2,0.05902,0.554,3.962886096
1559589693244,22.733,121.2,0.05902,0.554,3.962886096
1559589693290,22.779,121.2,0.05902,0.554,3.962886096
1559589693353,22.842,121.2,0.05922,0.555,3.98349252
1559589693399,22.888,121.2,0.05922,0.555,3.98349252
1559589693445,22.934,121.2,0.05922,0.555,3.98349252
1559589693491,22.98,121.2,0.05922,0.555,3.98349252
1559589693552,23.041,121.2,0.06069,0.556,4.089729168
1559589693598,23.087,121.2,0.06069,0.556,4.089729168
1559589693644,23.133,121.2,0.06069,0.556,4.089729168
1559589693691,23.18,121.2,0.06069,0.556,4.089729168
1559589693753,23.242,121.2,0.05955,0.554,3.99847284
1559589693799,23.288,121.2,0.05955,0.554,3.99847284
1559589693845,23.334,121.2,0.05955,0.554,3.99847284
1559589693892,23.381,121.2,0.05955,0.554,3.99847284
1559589693953,23.442,121.2,0.05891,0.552,3.941220384
1559589693999,23.488,121.2,0.05891,0.552,3.941220384
1559589694045,23.534,121.2,0.05891,0.552,3.941220384
1559589694091,23.58,121.2,0.05891,0.552,3.941220384
1559589694152,23.641,121.2,0.06081,0.556,4.097815632
1559589694198,23.687,121.2,0.06081,0.556,4.097815632
1559589694244,23.733,121.2,0.06081,0.556,4.097815632
1559589694290,23.779,121.2,0.06081,0.556,4.097815632
1559589694352,23.841,121.2,0.06022,0.553,4.036161192
1559589694399,23.888,121.2,0.06022,0.553,4.036161192
1559589694444,23.934,121.2,0.06022,0.553,4.036161192
1559589694491,23.98,121.2,0.06022,0.553,4.036161192
1559589694553,24.042,121.2,0.05942,0.553,3.982542312
1559589694599,24.088,121.2,0.05942,0.553,3.982542312
1559589694645,24.134,121.2,0.05942,0.553,3.982542312
1559589694691,24.18,121.2,0.05942,0.553,3.982542312
1559589694752,24.241,121.3,0.062,0.557,4.1889742
1559589694799,24.288,121.3,0.062,0.557,4.1889742
1559589694844,24.333,121.3,0.062,0.557,4.1889742
1559589694891,24.38,121.3,0.062,0.557,4.1889742
1559589694953,24.442,121.3,0.06128,0.557,4.140328048
1559589694999,24.488,121.3,0.06128,0.557,4.140328048
1559589695046,24.535,121.3,0.06128,0.557,4.140328048
1559589695092,24.581,121.3,0.06128,0.557,4.140328048
1559589695153,24.642,121.3,0.05921,0.549,3.943012977
1559589695199,24.688,121.3,0.05921,0.549,3.943012977
1559589695245,24.734,121.3,0.05921,0.549,3.943012977
1559589695291,24.78,121.3,0.05921,0.549,3.943012977
1559589695352,24.841,121.3,0.0602,0.551,4.02354526
1559589695398,24.887,121.3,0.0602,0.551,4.02354526
1559589695444,24.933,121.3,0.0602,0.551,4.02354526
1559589695490,24.979,121.3,0.0602,0.551,4.02354526
1559589695553,25.042,121.3,0.06154,0.553,4.128035506
1559589695599,25.088,121.3,0.06154,0.553,4.128035506
1559589695644,25.134,121.3,0.06154,0.553,4.128035506
1559589695690,25.18,121.3,0.06154,0.553,4.128035506
1559589695753,25.242,121.3,0.06039,0.552,4.043569464
1559589695799,25.288,121.3,0.06039,0.552,4.043569464
1559589695845,25.334,121.3,0.06039,0.552,4.043569464
1559589695891,25.38,121.3,0.06039,0.552,4.043569464
1559589695952,25.441,121.3,0.05926,0.551,3.960719138
1559589695999,25.488,121.3,0.05926,0.551,3.960719138
1559589696044,25.533,121.3,0.05926,0.551,3.960719138
1559589696090,25.579,121.3,0.05926,0.551,3.960719138
1559589696153,25.642,121.3,0.06088,0.555,4.09853292
1559589696199,25.688,121.3,0.06088,0.555,4.09853292
1559589696245,25.734,121.3,0.06088,0.555,4.09853292
1559589696291,25.78,121.3,0.06088,0.555,4.09853292
1559589696352,25.841,121.3,0.06019,0.554,4.044780038
1559589696398,25.887,121.3,0.06019,0.554,4.044780038
1559589696444,25.933,121.3,0.06019,0.554,4.044780038
1559589696490,25.979,121.3,0.06019,0.554,4.044780038
1559589696553,26.042,121.2,0.0583,0.553,3.90747588
1559589696599,26.088,121.2,0.0583,0.553,3.90747588
1559589696645,26.134,121.2,0.0583,0.553,3.90747588
1559589696691,26.18,121.2,0.0583,0.553,3.90747588
1559589696752,26.241,121.2,0.06057,0.557,4.088983788
1559589696798,26.287,121.2,0.06057,0.557,4.088983788
1559589696844,26.333,121.2,0.06057,0.557,4.088983788
1559589696891,26.38,121.2,0.06057,0.557,4.088983788
1559589696953,26.442,121.2,0.06122,0.556,4.125444384
1559589696999,26.488,121.2,0.06122,0.556,4.125444384
1559589697045,26.534,121.2,0.06122,0.556,4.125444384
1559589697091,26.58,121.2,0.06122,0.556,4.125444384
1559589697152,26.641,121.2,0.05915,0.554,3.97161492
1559589697198,26.687,121.2,0.05915,0.554,3.97161492
1559589697244,26.733,121.2,0.05915,0.554,3.97161492
1559589697290,26.779,121.2,0.05915,0.554,3.97161492
1559589697352,26.841,121.2,0.06085,0.559,4.12263618
1559589697399,26.888,121.2,0.06085,0.559,4.12263618
1559589697444,26.934,121.2,0.06085,0.559,4.12263618
1559589697491,26.98,121.2,0.06085,0.559,4.12263618
1559589697552,27.041,121.2,0.06129,0.557,4.137589836
1559589697598,27.087,121.2,0.06129,0.557,4.137589836
1559589697644,27.133,121.2,0.06129,0.557,4.137589836
1559589697690,27.179,121.2,0.06129,0.557,4.137589836
1559589697752,27.241,121.2,0.05959,0.555,4.00838094
1559589697798,27.287,121.2,0.05959,0.555,4.00838094
1559589697844,27.334,121.2,0.05959,0.555,4.00838094
1559589697891,27.38,121.2,0.05959,0.555,4.00838094
1559589697952,27.441,121.2,0.05952,0.556,4.010886144
1559589697998,27.487,121.2,0.05952,0.556,4.010886144
1559589698044,27.533,121.2,0.05952,0.556,4.010886144
1559589698090,27.579,121.2,0.05952,0.556,4.010886144
1559589698152,27.641,121.2,0.06041,0.559,4.092825828
1559589698199,27.688,121.2,0.06041,0.559,4.092825828
1559589698245,27.734,121.2,0.06041,0.559,4.092825828
1559589698291,27.78,121.2,0.06041,0.559,4.092825828
1559589698352,27.841,121.2,0.05906,0.557,3.987046104
1559589698397,27.887,121.2,0.05906,0.557,3.987046104
1559589698444,27.933,121.2,0.05906,0.557,3.987046104
1559589698490,27.979,121.2,0.05906,0.557,3.987046104
1559589698552,28.041,121.2,0.05893,0.555,3.96398538
1559589698598,28.087,121.2,0.05893,0.555,3.96398538
1559589698644,28.133,121.2,0.05893,0.555,3.96398538
1559589698690,28.179,121.2,0.05893,0.555,3.96398538
1559589698753,28.242,121.2,0.06073,0.557,4.099785132
1559589698799,28.288,121.2,0.06073,0.557,4.099785132
1559589698845,28.334,121.2,0.06073,0.557,4.099785132
1559589698891,28.38,121.2,0.06073,0.557,4.099785132
1559589698952,28.441,121.2,0.06001,0.553,4.022086236
1559589698999,28.488,121.2,0.06001,0.553,4.022086236
1559589699045,28.534,121.2,0.06001,0.553,4.022086236
1559589699091,28.58,121.2,0.06001,0.553,4.022086236
1559589699152,28.641,121.3,0.0589,0.551,3.93665807
1559589699198,28.687,121.3,0.0589,0.551,3.93665807
1559589699244,28.733,121.3,0.0589,0.551,3.93665807
1559589699290,28.779,121.3,0.0589,0.551,3.93665807
1559589699352,28.841,121.3,0.06063,0.556,4.089056964
1559589699398,28.887,121.3,0.06063,0.556,4.089056964
1559589699444,28.933,121.3,0.06063,0.556,4.089056964
1559589699490,28.979,121.3,0.06063,0.556,4.089056964
1559589699552,29.041,121.2,0.06022,0.557,4.065355848
1559589699598,29.087,121.2,0.06022,0.557,4.065355848
1559589699644,29.133,121.2,0.06022,0.557,4.065355848
1559589699690,29.179,121.2,0.06022,0.557,4.065355848
1559589699752,29.241,121.3,0.05854,0.549,3.898395198
1559589699797,29.286,121.3,0.05854,0.549,3.898395198
1559589699843,29.332,121.3,0.05854,0.549,3.898395198
1559589699889,29.378,121.3,0.05854,0.549,3.898395198
1559589699951,29.44,121.3,0.06097,0.553,4.089800533
1559589699997,29.486,121.3,0.06097,0.553,4.089800533
1559589700043,29.532,121.3,0.06097,0.553,4.089800533
1559589700089,29.579,121.3,0.06097,0.553,4.089800533
1559589700152,29.641,121.3,0.06095,0.553,4.088458955
1559589700198,29.687,121.3,0.06095,0.553,4.088458955
1559589700244,29.733,121.3,0.06095,0.553,4.088458955
1559589700290,29.779,121.3,0.06095,0.553,4.088458955
1559589700352,29.841,121.3,0.05831,0.551,3.897224653
1559589700397,29.886,121.3,0.05831,0.551,3.897224653
1559589700443,29.932,121.3,0.05831,0.551,3.897224653
1559589700490,29.979,121.3,0.05831,0.551,3.897224653
1559589700552,30.041,121.2,0.06022,0.56,4.08725184
1559589700598,30.087,121.2,0.06022,0.56,4.08725184
1559589700644,30.133,121.2,0.06022,0.56,4.08725184
1559589700690,30.179,121.2,0.06022,0.56,4.08725184
1559589700752,30.241,121.2,0.06145,0.556,4.14094344
1559589700797,30.286,121.2,0.06145,0.556,4.14094344
1559589700844,30.333,121.2,0.06145,0.556,4.14094344
1559589700890,30.379,121.2,0.06145,0.556,4.14094344
1559589700952,30.441,121.2,0.05995,0.55,3.996267
1559589700999,30.488,121.2,0.05995,0.55,3.996267
1559589701045,30.534,121.2,0.05995,0.55,3.996267
1559589701091,30.58,121.2,0.05995,0.55,3.996267
1559589701152,30.641,121.2,0.05982,0.55,3.9876012
1559589701198,30.687,121.2,0.05982,0.55,3.9876012
1559589701244,30.733,121.2,0.05982,0.55,3.9876012
1559589701290,30.779,121.2,0.05982,0.55,3.9876012
1559589701351,30.84,121.2,0.06102,0.556,4.111966944
1559589701397,30.886,121.2,0.06102,0.556,4.111966944
1559589701443,30.932,121.2,0.06102,0.556,4.111966944
1559589701489,30.978,121.2,0.06102,0.556,4.111966944
1559589701552,31.041,121.2,0.06048,0.555,4.06824768
1559589701598,31.087,121.2,0.06048,0.555,4.06824768
1559589701644,31.133,121.2,0.06048,0.555,4.06824768
1559589701690,31.179,121.2,0.06048,0.555,4.06824768
1559589701752,31.241,121.2,0.0593,0.553,3.97449948
1559589701798,31.287,121.2,0.0593,0.553,3.97449948
1559589701844,31.333,121.2,0.0593,0.553,3.97449948
1559589701890,31.379,121.2,0.0593,0.553,3.97449948
1559589701951,31.44,121.2,0.06146,0.557,4.149066264
1559589701997,31.486,121.2,0.06146,0.557,4.149066264
1559589702043,31.532,121.2,0.06146,0.557,4.149066264
1559589702090,31.579,121.2,0.06146,0.557,4.149066264
1559589702152,31.641,121.2,0.06109,0.56,4.14630048
1559589702198,31.687,121.2,0.06109,0.56,4.14630048
1559589702244,31.733,121.2,0.06109,0.56,4.14630048
1559589702290,31.779,121.2,0.06109,0.56,4.14630048
1559589702352,31.841,121.2,0.05871,0.555,3.94918686
1559589702398,31.887,121.2,0.05871,0.555,3.94918686
1559589702444,31.933,121.2,0.05871,0.555,3.94918686
1559589702491,31.98,121.2,0.05871,0.555,3.94918686
1559589702552,32.041,121.2,0.06056,0.561,4.117668192
1559589702598,32.087,121.2,0.06056,0.561,4.117668192
1559589702644,32.133,121.2,0.06056,0.561,4.117668192
1559589702690,32.179,121.2,0.06056,0.561,4.117668192
1559589702751,32.24,121.2,0.06114,0.559,4.142283912
1559589702797,32.286,121.2,0.06114,0.559,4.142283912
1559589702843,32.332,121.2,0.06114,0.559,4.142283912
1559589702890,32.379,121.2,0.06114,0.559,4.142283912
1559589702952,32.441,121.2,0.05975,0.554,4.0119018
1559589702998,32.487,121.2,0.05975,0.554,4.0119018
1559589703044,32.533,121.2,0.05975,0.554,4.0119018
1559589703090,32.579,121.2,0.05975,0.554,4.0119018
1559589703151,32.64,121.2,0.06041,0.556,4.070860752
1559589703197,32.686,121.2,0.06041,0.556,4.070860752
1559589703243,32.732,121.2,0.06041,0.556,4.070860752
1559589703290,32.779,121.2,0.06041,0.556,4.070860752
1559589703352,32.841,121.2,0.06131,0.559,4.153801548
1559589703398,32.887,121.2,0.06131,0.559,4.153801548
1559589703444,32.933,121.2,0.06131,0.559,4.153801548
1559589703490,32.979,121.2,0.06131,0.559,4.153801548
1559589703552,33.041,121.2,0.06025,0.557,4.0673811
1559589703598,33.087,121.2,0.06025,0.557,4.0673811
1559589703644,33.133,121.2,0.06025,0.557,4.0673811
1559589703690,33.179,121.2,0.06025,0.557,4.0673811
1559589703752,33.241,121.2,0.05966,0.555,4.01308956
1559589703798,33.287,121.2,0.05966,0.555,4.01308956
1559589703844,33.333,121.2,0.05966,0.555,4.01308956
1559589703890,33.379,121.2,0.05966,0.555,4.01308956
1559589703951,33.44,121.3,0.06098,0.561,4.149646314
1559589703997,33.486,121.3,0.06098,0.561,4.149646314
1559589704043,33.532,121.3,0.06098,0.561,4.149646314
1559589704090,33.579,121.3,0.06098,0.561,4.149646314
1559589704152,33.641,121.3,0.06089,0.558,4.121364006
1559589704198,33.687,121.3,0.06089,0.558,4.121364006
1559589704244,33.733,121.3,0.06089,0.558,4.121364006
1559589704290,33.779,121.3,0.06089,0.558,4.121364006
1559589704351,33.84,121.3,0.05898,0.553,3.956313522
1559589704397,33.887,121.3,0.05898,0.553,3.956313522
1559589704444,33.933,121.3,0.05898,0.553,3.956313522
1559589704490,33.979,121.3,0.05898,0.553,3.956313522
1559589704551,34.04,121.2,0.06135,0.558,4.14907596
1559589704597,34.086,121.2,0.06135,0.558,4.14907596
1559589704643,34.132,121.2,0.06135,0.558,4.14907596
1559589704689,34.178,121.2,0.06135,0.558,4.14907596
1559589704752,34.241,121.2,0.06141,0.556,4.138247952
1559589704798,34.287,121.2,0.06141,0.556,4.138247952
1559589704844,34.333,121.2,0.06141,0.556,4.138247952
1559589704890,34.379,121.2,0.06141,0.556,4.138247952
1559589704951,34.44,121.3,0.0596,0.552,3.99067296
1559589704997,34.486,121.3,0.0596,0.552,3.99067296
1559589705043,34.532,121.3,0.0596,0.552,3.99067296
1559589705089,34.578,121.3,0.0596,0.552,3.99067296
1559589705151,34.64,121.2,0.06071,0.558,4.105793016
1559589705197,34.687,121.2,0.06071,0.558,4.105793016
1559589705244,34.733,121.2,0.06071,0.558,4.105793016
1559589705290,34.779,121.2,0.06071,0.558,4.105793016
1559589705352,34.841,121.2,0.06138,0.558,4.151104848
1559589705398,34.887,121.2,0.06138,0.558,4.151104848
1559589705444,34.933,121.2,0.06138,0.558,4.151104848
1559589705490,34.979,121.2,0.06138,0.558,4.151104848
1559589705551,35.04,121.2,0.06012,0.555,4.04403192
1559589705597,35.086,121.2,0.06012,0.555,4.04403192
1559589705644,35.133,121.2,0.06012,0.555,4.04403192
1559589705690,35.179,121.2,0.06012,0.555,4.04403192
1559589705751,35.24,121.2,0.06128,0.556,4.129487616
1559589705797,35.286,121.2,0.06128,0.556,4.129487616
1559589705843,35.332,121.2,0.06128,0.556,4.129487616
1559589705889,35.378,121.2,0.06128,0.556,4.129487616
1559589705951,35.44,121.2,0.06179,0.56,4.19381088
1559589705997,35.486,121.2,0.06179,0.56,4.19381088
1559589706044,35.533,121.2,0.06179,0.56,4.19381088
1559589706090,35.579,121.2,0.06179,0.56,4.19381088
1559589706152,35.641,121.2,0.06044,0.559,4.094858352
1559589706198,35.687,121.2,0.06044,0.559,4.094858352
1559589706244,35.733,121.2,0.06044,0.559,4.094858352
1559589706290,35.779,121.2,0.06044,0.559,4.094858352
1559589706351,35.84,121.2,0.05925,0.555,3.9855105
1559589706397,35.886,121.2,0.05925,0.555,3.9855105
1559589706443,35.932,121.2,0.05925,0.555,3.9855105
1559589706489,35.978,121.2,0.05925,0.555,3.9855105
1559589706552,36.041,121.1,0.06125,0.56,4.15373
1559589706598,36.087,121.1,0.06125,0.56,4.15373
1559589706644,36.133,121.1,0.06125,0.56,4.15373
1559589706690,36.179,121.1,0.06125,0.56,4.15373
1559589706752,36.241,121.2,0.06165,0.558,4.16936484
1559589706797,36.286,121.2,0.06165,0.558,4.16936484
1559589706844,36.333,121.2,0.06165,0.558,4.16936484
1559589706890,36.379,121.2,0.06165,0.558,4.16936484
1559589706951,36.44,121.2,0.0596,0.548,3.95848896
1559589706997,36.486,121.2,0.0596,0.548,3.95848896
1559589707043,36.532,121.2,0.0596,0.548,3.95848896
1559589707089,36.578,121.2,0.0596,0.548,3.95848896
1559589707152,36.641,121.2,0.06145,0.554,4.12604796
1559589707198,36.687,121.2,0.06145,0.554,4.12604796
1559589707244,36.733,121.2,0.06145,0.554,4.12604796
1559589707290,36.779,121.2,0.06145,0.554,4.12604796
1559589707351,36.84,121.2,0.06163,0.555,4.14560358
1559589707398,36.887,121.2,0.06163,0.555,4.14560358
1559589707444,36.933,121.2,0.06163,0.555,4.14560358
1559589707490,36.979,121.2,0.06163,0.555,4.14560358
1559589707551,37.04,121.2,0.05989,0.554,4.021302072
1559589707597,37.086,121.2,0.05989,0.554,4.021302072
1559589707643,37.132,121.2,0.05989,0.554,4.021302072
1559589707689,37.178,121.2,0.05989,0.554,4.021302072
1559589707752,37.241,121.2,0.06084,0.551,4.062968208
1559589707798,37.287,121.2,0.06084,0.551,4.062968208
1559589707844,37.333,121.2,0.06084,0.551,4.062968208
1559589707890,37.379,121.2,0.06084,0.551,4.062968208
1559589707951,37.44,121.2,0.06166,0.556,4.155094752
1559589707997,37.486,121.2,0.06166,0.556,4.155094752
1559589708043,37.532,121.2,0.06166,0.556,4.155094752
1559589708090,37.579,121.2,0.06166,0.556,4.155094752
1559589708151,37.64,121.3,0.06032,0.558,4.082783328
1559589708197,37.686,121.3,0.06032,0.558,4.082783328
1559589708243,37.732,121.3,0.06032,0.558,4.082783328
1559589708289,37.778,121.3,0.06032,0.558,4.082783328
1559589708351,37.84,121.3,0.05928,0.555,3.99081852
1559589708397,37.886,121.3,0.05928,0.555,3.99081852
1559589708444,37.933,121.3,0.05928,0.555,3.99081852
1559589708490,37.979,121.3,0.05928,0.555,3.99081852
1559589708551,38.04,121.3,0.06141,0.558,4.156560414
1559589708597,38.086,121.3,0.06141,0.558,4.156560414
1559589708643,38.132,121.3,0.06141,0.558,4.156560414
1559589708689,38.178,121.3,0.06141,0.558,4.156560414
1559589708751,38.24,121.3,0.06145,0.555,4.136906175
1559589708797,38.286,121.3,0.06145,0.555,4.136906175
1559589708843,38.332,121.3,0.06145,0.555,4.136906175
1559589708889,38.378,121.3,0.06145,0.555,4.136906175
1559589708951,38.44,121.3,0.05892,0.554,3.959435784
1559589708997,38.486,121.3,0.05892,0.554,3.959435784
1559589709043,38.532,121.3,0.05892,0.554,3.959435784
1559589709090,38.579,121.3,0.05892,0.554,3.959435784
1559589709151,38.64,121.3,0.06093,0.56,4.13885304
1559589709196,38.686,121.3,0.06093,0.56,4.13885304
1559589709243,38.732,121.3,0.06093,0.56,4.13885304
1559589709289,38.778,121.3,0.06093,0.56,4.13885304
1559589709351,38.84,121.2,0.06111,0.56,4.14765792
1559589709397,38.886,121.2,0.06111,0.56,4.14765792
1559589709443,38.932,121.2,0.06111,0.56,4.14765792
1559589709490,38.979,121.2,0.06111,0.56,4.14765792
1559589709551,39.04,121.2,0.05924,0.555,3.98483784
1559589709597,39.086,121.2,0.05924,0.555,3.98483784
1559589709643,39.132,121.2,0.05924,0.555,3.98483784
1559589709689,39.178,121.2,0.05924,0.555,3.98483784
1559589709751,39.24,121.2,0.0607,0.556,4.09040304
1559589709797,39.286,121.2,0.0607,0.556,4.09040304
1559589709843,39.333,121.2,0.0607,0.556,4.09040304
1559589709890,39.379,121.2,0.0607,0.556,4.09040304
1559589709951,39.44,121.2,0.0613,0.56,4.1605536
1559589709997,39.486,121.2,0.0613,0.56,4.1605536
1559589710043,39.532,121.2,0.0613,0.56,4.1605536
1559589710089,39.578,121.2,0.0613,0.56,4.1605536
1559589710150,39.639,121.2,0.05989,0.557,4.043078076
1559589710196,39.685,121.2,0.05989,0.557,4.043078076
1559589710243,39.732,121.2,0.05989,0.557,4.043078076
1559589710289,39.778,121.2,0.05989,0.557,4.043078076
1559589710351,39.84,121.2,0.05908,0.555,3.97407528
1559589710397,39.886,121.2,0.05908,0.555,3.97407528
1559589710443,39.932,121.2,0.05908,0.555,3.97407528
1559589710490,39.979,121.2,0.05908,0.555,3.97407528
1559589710551,40.04,121.2,0.06073,0.558,4.107145608
1559589710597,40.086,121.2,0.06073,0.558,4.107145608
1559589710643,40.132,121.2,0.06073,0.558,4.107145608
1559589710689,40.178,121.2,0.06073,0.558,4.107145608
1559589710750,40.239,121.2,0.06122,0.556,4.125444384
1559589710796,40.285,121.2,0.06122,0.556,4.125444384
1559589710842,40.331,121.2,0.06122,0.556,4.125444384
1559589710889,40.378,121.2,0.06122,0.556,4.125444384
1559589710951,40.44,121.2,0.05823,0.553,3.902784228
1559589710997,40.486,121.2,0.05823,0.553,3.902784228
1559589711043,40.532,121.2,0.05823,0.553,3.902784228
1559589711089,40.578,121.2,0.05823,0.553,3.902784228
1559589711150,40.639,121.2,0.06082,0.556,4.098489504
1559589711196,40.685,121.2,0.06082,0.556,4.098489504
1559589711242,40.731,121.2,0.06082,0.556,4.098489504
1559589711289,40.778,121.2,0.06082,0.556,4.098489504
1559589711351,40.84,121.2,0.06036,0.559,4.089438288
1559589711397,40.886,121.2,0.06036,0.559,4.089438288
1559589711443,40.932,121.2,0.06036,0.559,4.089438288
1559589711489,40.978,121.2,0.06036,0.559,4.089438288
1559589711550,41.039,121.2,0.05844,0.551,3.902693328
1559589711596,41.085,121.2,0.05844,0.551,3.902693328
1559589711642,41.131,121.2,0.05844,0.551,3.902693328
1559589711688,41.177,121.2,0.05844,0.551,3.902693328
1559589711751,41.24,121.2,0.06005,0.558,4.06115748
1559589711797,41.286,121.2,0.06005,0.558,4.06115748
1559589711843,41.332,121.2,0.06005,0.558,4.06115748
1559589711889,41.378,121.2,0.06005,0.558,4.06115748
1559589711950,41.439,121.2,0.06067,0.558,4.103087832
1559589711996,41.485,121.2,0.06067,0.558,4.103087832
1559589712042,41.531,121.2,0.06067,0.558,4.103087832
1559589712087,41.576,121.2,0.06067,0.558,4.103087832
1559589712151,41.64,121.3,0.05893,0.552,3.945811368
1559589712197,41.686,121.3,0.05893,0.552,3.945811368
1559589712243,41.732,121.3,0.05893,0.552,3.945811368
1559589712289,41.778,121.3,0.05893,0.552,3.945811368
1559589712351,41.84,121.3,0.05982,0.555,4.02717213
1559589712397,41.886,121.3,0.05982,0.555,4.02717213
1559589712443,41.932,121.3,0.05982,0.555,4.02717213
1559589712489,41.978,121.3,0.05982,0.555,4.02717213
1559589712550,42.039,121.3,0.06059,0.557,4.093708819
1559589712596,42.085,121.3,0.06059,0.557,4.093708819
1559589712642,42.131,121.3,0.06059,0.557,4.093708819
1559589712688,42.178,121.3,0.06059,0.557,4.093708819
1559589712751,42.24,121.3,0.05927,0.555,3.990145305
1559589712797,42.286,121.3,0.05927,0.555,3.990145305
1559589712843,42.332,121.3,0.05927,0.555,3.990145305
1559589712889,42.378,121.3,0.05927,0.555,3.990145305
1559589712950,42.439,121.3,0.06483,0.558,4.388044482
1559589712996,42.485,121.3,0.06483,0.558,4.388044482
1559589713042,42.531,121.3,0.06483,0.558,4.388044482
1559589713088,42.577,121.3,0.06483,0.558,4.388044482
1559589713151,42.64,121.3,0.06352,0.567,4.368721392
1559589713197,42.686,121.3,0.06352,0.567,4.368721392
1559589713243,42.732,121.3,0.06352,0.567,4.368721392
1559589713289,42.778,121.3,0.06352,0.567,4.368721392
1559589713350,42.839,121.3,0.06003,0.565,4.114126035
1559589713396,42.885,121.3,0.06003,0.565,4.114126035
1559589713442,42.932,121.3,0.06003,0.565,4.114126035
