# Sun Jun 02 22:55:18 2019
abstime,time_stamp,volt,curr,pf,mul
1559541318416,0.08,122.3,0.05347,0.514,3.361241834
1559541318463,0.127,122.3,0.05347,0.514,3.361241834
1559541318509,0.173,122.3,0.05347,0.514,3.361241834
1559541318555,0.219,122.3,0.05347,0.514,3.361241834
1559541318605,0.269,122.3,0.05424,0.516,3.422912832
1559541318650,0.314,122.3,0.05424,0.516,3.422912832
1559541318696,0.36,122.3,0.05424,0.516,3.422912832
1559541318742,0.406,122.3,0.05424,0.516,3.422912832
1559541318806,0.47,122.3,0.05492,0.52,3.49269232
1559541318851,0.515,122.3,0.05492,0.52,3.49269232
1559541318897,0.561,122.3,0.05492,0.52,3.49269232
1559541318943,0.607,122.3,0.05492,0.52,3.49269232
1559541319005,0.669,122.3,0.05419,0.52,3.44626724
1559541319051,0.715,122.3,0.05419,0.52,3.44626724
1559541319097,0.761,122.3,0.05419,0.52,3.44626724
1559541319143,0.807,122.3,0.05419,0.52,3.44626724
1559541319205,0.869,122.3,0.05408,0.518,3.426043712
1559541319251,0.916,122.3,0.05408,0.518,3.426043712
1559541319298,0.962,122.3,0.05408,0.518,3.426043712
1559541319344,1.008,122.3,0.05408,0.518,3.426043712
1559541319406,1.07,122.3,0.05414,0.516,3.416602152
1559541319452,1.116,122.3,0.05414,0.516,3.416602152
1559541319498,1.162,122.3,0.05414,0.516,3.416602152
1559541319544,1.209,122.3,0.05414,0.516,3.416602152
1559541319606,1.27,122.3,0.05399,0.517,3.413739109
1559541319652,1.316,122.3,0.05399,0.517,3.413739109
1559541319698,1.362,122.3,0.05399,0.517,3.413739109
1559541319744,1.408,122.3,0.05399,0.517,3.413739109
1559541319805,1.469,122.3,0.05398,0.518,3.419708572
1559541319851,1.515,122.3,0.05398,0.518,3.419708572
1559541319897,1.561,122.3,0.05398,0.518,3.419708572
1559541319943,1.608,122.3,0.05398,0.518,3.419708572
1559541320006,1.67,122.2,0.05429,0.519,3.443169522
1559541320053,1.717,122.2,0.05429,0.519,3.443169522
1559541320099,1.763,122.2,0.05429,0.519,3.443169522
1559541320145,1.809,122.2,0.05429,0.519,3.443169522
1559541320205,1.869,122.3,0.05502,0.519,3.492322974
1559541320251,1.915,122.3,0.05502,0.519,3.492322974
1559541320297,1.961,122.3,0.05502,0.519,3.492322974
1559541320343,2.007,122.3,0.05502,0.519,3.492322974
1559541320405,2.069,122.3,0.0545,0.517,3.44598595
1559541320451,2.115,122.3,0.0545,0.517,3.44598595
1559541320497,2.162,122.3,0.0545,0.517,3.44598595
1559541320544,2.208,122.3,0.0545,0.517,3.44598595
1559541320605,2.269,122.3,0.05426,0.517,3.430810966
1559541320651,2.315,122.3,0.05426,0.517,3.430810966
1559541320697,2.361,122.3,0.05426,0.517,3.430810966
1559541320743,2.407,122.3,0.05426,0.517,3.430810966
1559541320805,2.47,122.3,0.05402,0.518,3.422242628
1559541320852,2.516,122.3,0.05402,0.518,3.422242628
1559541320898,2.562,122.3,0.05402,0.518,3.422242628
1559541320944,2.608,122.3,0.05402,0.518,3.422242628
1559541321005,2.669,122.2,0.05378,0.52,3.41739632
1559541321051,2.715,122.2,0.05378,0.52,3.41739632
1559541321097,2.761,122.2,0.05378,0.52,3.41739632
1559541321143,2.807,122.2,0.05378,0.52,3.41739632
1559541321205,2.869,122.2,0.0539,0.519,3.41843502
1559541321251,2.916,122.2,0.0539,0.519,3.41843502
1559541321298,2.962,122.2,0.0539,0.519,3.41843502
1559541321344,3.008,122.2,0.0539,0.519,3.41843502
1559541321405,3.069,122.3,0.0545,0.518,3.4526513
1559541321451,3.115,122.3,0.0545,0.518,3.4526513
1559541321497,3.162,122.3,0.0545,0.518,3.4526513
1559541321544,3.208,122.3,0.0545,0.518,3.4526513
1559541321605,3.269,122.3,0.05523,0.518,3.498897822
1559541321651,3.315,122.3,0.05523,0.518,3.498897822
1559541321697,3.361,122.3,0.05523,0.518,3.498897822
1559541321743,3.407,122.3,0.05523,0.518,3.498897822
1559541321805,3.469,122.3,0.05427,0.517,3.431443257
1559541321851,3.515,122.3,0.05427,0.517,3.431443257
1559541321897,3.562,122.3,0.05427,0.517,3.431443257
1559541321944,3.608,122.3,0.05427,0.517,3.431443257
1559541322005,3.669,122.3,0.05408,0.518,3.426043712
1559541322050,3.714,122.3,0.05408,0.518,3.426043712
1559541322096,3.761,122.3,0.05408,0.518,3.426043712
1559541322143,3.807,122.3,0.05408,0.518,3.426043712
1559541322205,3.869,122.3,0.05398,0.519,3.426310326
1559541322251,3.915,122.3,0.05398,0.519,3.426310326
1559541322297,3.962,122.3,0.05398,0.519,3.426310326
1559541322344,4.008,122.3,0.05398,0.519,3.426310326
1559541322406,4.07,122.3,0.05402,0.518,3.422242628
1559541322452,4.116,122.3,0.05402,0.518,3.422242628
1559541322498,4.162,122.3,0.05402,0.518,3.422242628
1559541322544,4.209,122.3,0.05402,0.518,3.422242628
1559541322605,4.27,122.3,0.06184,0.533,4.031096056
1559541322652,4.316,122.3,0.06184,0.533,4.031096056
1559541322698,4.362,122.3,0.06184,0.533,4.031096056
1559541322744,4.408,122.3,0.06184,0.533,4.031096056
1559541322805,4.469,122.3,0.05802,0.526,3.732414996
1559541322851,4.515,122.3,0.05802,0.526,3.732414996
1559541322897,4.561,122.3,0.05802,0.526,3.732414996
1559541322944,4.608,122.3,0.05802,0.526,3.732414996
1559541323005,4.669,122.3,0.05764,0.524,3.693870928
1559541323050,4.714,122.3,0.05764,0.524,3.693870928
1559541323096,4.76,122.3,0.05764,0.524,3.693870928
1559541323143,4.807,122.3,0.05764,0.524,3.693870928
1559541323205,4.869,122.3,0.059,0.527,3.8026739
1559541323251,4.915,122.3,0.059,0.527,3.8026739
1559541323297,4.961,122.3,0.059,0.527,3.8026739
1559541323343,5.007,122.3,0.059,0.527,3.8026739
1559541323405,5.069,122.3,0.05722,0.524,3.666955144
1559541323450,5.114,122.3,0.05722,0.524,3.666955144
1559541323497,5.161,122.3,0.05722,0.524,3.666955144
1559541323542,5.206,122.3,0.05722,0.524,3.666955144
1559541323605,5.269,122.3,0.05735,0.522,3.66125841
1559541323651,5.315,122.3,0.05735,0.522,3.66125841
1559541323697,5.361,122.3,0.05735,0.522,3.66125841
1559541323743,5.407,122.3,0.05735,0.522,3.66125841
1559541323805,5.469,122.3,0.05978,0.53,3.87487982
1559541323851,5.515,122.3,0.05978,0.53,3.87487982
1559541323897,5.561,122.3,0.05978,0.53,3.87487982
1559541323944,5.608,122.3,0.05978,0.53,3.87487982
1559541324005,5.669,122.3,0.05783,0.525,3.713119725
1559541324051,5.715,122.3,0.05783,0.525,3.713119725
1559541324097,5.761,122.3,0.05783,0.525,3.713119725
1559541324143,5.807,122.3,0.05783,0.525,3.713119725
1559541324205,5.869,122.3,0.0564,0.521,3.59371212
1559541324251,5.915,122.3,0.0564,0.521,3.59371212
1559541324297,5.961,122.3,0.0564,0.521,3.59371212
1559541324343,6.007,122.3,0.0564,0.521,3.59371212
1559541324405,6.069,122.3,0.05591,0.522,3.569327946
1559541324451,6.115,122.3,0.05591,0.522,3.569327946
1559541324497,6.161,122.3,0.05591,0.522,3.569327946
1559541324543,6.207,122.3,0.05591,0.522,3.569327946
1559541324605,6.269,122.3,0.05636,0.52,3.58427056
1559541324651,6.315,122.3,0.05636,0.52,3.58427056
1559541324698,6.362,122.3,0.05636,0.52,3.58427056
1559541324744,6.408,122.3,0.05636,0.52,3.58427056
1559541324805,6.469,122.3,0.05639,0.521,3.593074937
1559541324851,6.515,122.3,0.05639,0.521,3.593074937
1559541324897,6.561,122.3,0.05639,0.521,3.593074937
1559541324943,6.607,122.3,0.05639,0.521,3.593074937
1559541325004,6.668,122.3,0.05677,0.522,3.624230862
1559541325050,6.714,122.3,0.05677,0.522,3.624230862
1559541325096,6.76,122.3,0.05677,0.522,3.624230862
1559541325143,6.807,122.3,0.05677,0.522,3.624230862
1559541325205,6.869,122.3,0.05696,0.523,3.643326784
1559541325251,6.915,122.3,0.05696,0.523,3.643326784
1559541325297,6.961,122.3,0.05696,0.523,3.643326784
1559541325343,7.007,122.3,0.05696,0.523,3.643326784
1559541325404,7.068,122.3,0.05602,0.522,3.576350412
1559541325450,7.114,122.3,0.05602,0.522,3.576350412
1559541325496,7.16,122.3,0.05602,0.522,3.576350412
1559541325543,7.207,122.3,0.05602,0.522,3.576350412
1559541325605,7.269,122.3,0.05592,0.522,3.569966352
1559541325651,7.315,122.3,0.05592,0.522,3.569966352
1559541325697,7.361,122.3,0.05592,0.522,3.569966352
1559541325743,7.407,122.3,0.05592,0.522,3.569966352
1559541325805,7.469,122.3,0.05616,0.523,3.592156464
1559541325851,7.515,122.3,0.05616,0.523,3.592156464
1559541325897,7.561,122.3,0.05616,0.523,3.592156464
1559541325943,7.607,122.3,0.05616,0.523,3.592156464
1559541326004,7.668,122.3,0.05598,0.523,3.580643142
1559541326050,7.714,122.3,0.05598,0.523,3.580643142
1559541326096,7.76,122.3,0.05598,0.523,3.580643142
1559541326142,7.806,122.3,0.05598,0.523,3.580643142
1559541326205,7.869,122.3,0.0562,0.522,3.58784172
1559541326251,7.915,122.3,0.0562,0.522,3.58784172
1559541326297,7.961,122.3,0.0562,0.522,3.58784172
1559541326343,8.007,122.3,0.0562,0.522,3.58784172
1559541326404,8.068,122.3,0.05675,0.526,3.65071615
1559541326450,8.114,122.3,0.05675,0.526,3.65071615
1559541326496,8.16,122.3,0.05675,0.526,3.65071615
1559541326542,8.206,122.3,0.05675,0.526,3.65071615
1559541326605,8.269,122.3,0.05621,0.524,3.602229092
1559541326651,8.315,122.3,0.05621,0.524,3.602229092
1559541326697,8.361,122.3,0.05621,0.524,3.602229092
1559541326743,8.407,122.3,0.05621,0.524,3.602229092
1559541326804,8.468,122.3,0.05606,0.522,3.578904036
1559541326850,8.515,122.3,0.05606,0.522,3.578904036
1559541326897,8.561,122.3,0.05606,0.522,3.578904036
1559541326943,8.607,122.3,0.05606,0.522,3.578904036
1559541327005,8.669,122.3,0.056,0.522,3.5750736
1559541327051,8.715,122.3,0.056,0.522,3.5750736
1559541327097,8.761,122.3,0.056,0.522,3.5750736
1559541327143,8.808,122.3,0.056,0.522,3.5750736
1559541327205,8.869,122.3,0.05613,0.521,3.576508179
1559541327251,8.915,122.3,0.05613,0.521,3.576508179
1559541327297,8.961,122.3,0.05613,0.521,3.576508179
1559541327343,9.007,122.3,0.05613,0.521,3.576508179
1559541327404,9.068,122.3,0.05607,0.521,3.572685081
1559541327450,9.114,122.3,0.05607,0.521,3.572685081
1559541327496,9.16,122.3,0.05607,0.521,3.572685081
1559541327542,9.206,122.3,0.05607,0.521,3.572685081
1559541327605,9.269,122.3,0.05651,0.523,3.614543479
1559541327651,9.315,122.3,0.05651,0.523,3.614543479
1559541327697,9.361,122.3,0.05651,0.523,3.614543479
1559541327743,9.407,122.3,0.05651,0.523,3.614543479
1559541327804,9.468,122.3,0.0571,0.525,3.66624825
1559541327850,9.514,122.3,0.0571,0.525,3.66624825
1559541327896,9.56,122.3,0.0571,0.525,3.66624825
1559541327942,9.606,122.3,0.0571,0.525,3.66624825
1559541328004,9.668,122.3,0.05597,0.523,3.580003513
1559541328050,9.714,122.3,0.05597,0.523,3.580003513
1559541328096,9.761,122.3,0.05597,0.523,3.580003513
1559541328143,9.807,122.3,0.05597,0.523,3.580003513
1559541328204,9.868,122.3,0.05751,0.525,3.692573325
1559541328250,9.914,122.3,0.05751,0.525,3.692573325
1559541328296,9.96,122.3,0.05751,0.525,3.692573325
1559541328342,10.006,122.3,0.05751,0.525,3.692573325
1559541328404,10.069,122.3,0.06004,0.531,3.899075652
1559541328451,10.115,122.3,0.06004,0.531,3.899075652
1559541328497,10.161,122.3,0.06004,0.531,3.899075652
1559541328543,10.207,122.3,0.06004,0.531,3.899075652
1559541328604,10.269,122.3,0.05666,0.523,3.624137914
1559541328651,10.315,122.3,0.05666,0.523,3.624137914
1559541328697,10.361,122.3,0.05666,0.523,3.624137914
1559541328743,10.407,122.3,0.05666,0.523,3.624137914
1559541328804,10.468,122.3,0.05731,0.524,3.672722812
1559541328850,10.514,122.3,0.05731,0.524,3.672722812
1559541328896,10.56,122.3,0.05731,0.524,3.672722812
1559541328942,10.606,122.3,0.05731,0.524,3.672722812
1559541329004,10.669,122.2,0.05662,0.522,3.611699208
1559541329051,10.715,122.2,0.05662,0.522,3.611699208
1559541329097,10.761,122.2,0.05662,0.522,3.611699208
1559541329143,10.807,122.2,0.05662,0.522,3.611699208
1559541329204,10.868,122.3,0.05642,0.521,3.594986486
1559541329250,10.914,122.3,0.05642,0.521,3.594986486
1559541329296,10.96,122.3,0.05642,0.521,3.594986486
1559541329342,11.006,122.3,0.05642,0.521,3.594986486
1559541329404,11.069,122.3,0.05649,0.52,3.59253804
1559541329451,11.115,122.3,0.05649,0.52,3.59253804
1559541329497,11.161,122.3,0.05649,0.52,3.59253804
1559541329543,11.207,122.3,0.05649,0.52,3.59253804
1559541329604,11.268,122.3,0.05618,0.52,3.57282328
1559541329650,11.314,122.3,0.05618,0.52,3.57282328
1559541329696,11.36,122.3,0.05618,0.52,3.57282328
1559541329742,11.406,122.3,0.05618,0.52,3.57282328
1559541329805,11.469,122.3,0.05616,0.52,3.57155136
1559541329851,11.515,122.3,0.05616,0.52,3.57155136
1559541329897,11.561,122.3,0.05616,0.52,3.57155136
1559541329943,11.607,122.3,0.05616,0.52,3.57155136
1559541330004,11.668,122.3,0.05689,0.521,3.624934087
1559541330050,11.714,122.3,0.05689,0.521,3.624934087
1559541330096,11.76,122.3,0.05689,0.521,3.624934087
1559541330142,11.806,122.3,0.05689,0.521,3.624934087
1559541330204,11.868,122.3,0.05681,0.524,3.640680212
1559541330251,11.915,122.3,0.05681,0.524,3.640680212
1559541330297,11.961,122.3,0.05681,0.524,3.640680212
1559541330343,12.007,122.3,0.05681,0.524,3.640680212
1559541330405,12.069,122.3,0.0563,0.522,3.59422578
1559541330451,12.115,122.3,0.0563,0.522,3.59422578
1559541330497,12.161,122.3,0.0563,0.522,3.59422578
1559541330543,12.207,122.3,0.0563,0.522,3.59422578
1559541330604,12.268,122.3,0.05636,0.52,3.58427056
1559541330650,12.314,122.3,0.05636,0.52,3.58427056
1559541330696,12.36,122.3,0.05636,0.52,3.58427056
1559541330742,12.406,122.3,0.05636,0.52,3.58427056
1559541330804,12.468,122.3,0.0562,0.521,3.58096846
1559541330850,12.514,122.3,0.0562,0.521,3.58096846
1559541330896,12.561,122.3,0.0562,0.521,3.58096846
1559541330942,12.606,122.3,0.0562,0.521,3.58096846
1559541331004,12.668,122.2,0.05591,0.523,3.573241646
1559541331050,12.714,122.2,0.05591,0.523,3.573241646
1559541331096,12.76,122.2,0.05591,0.523,3.573241646
1559541331142,12.806,122.2,0.05591,0.523,3.573241646
1559541331204,12.868,122.2,0.05616,0.522,3.582356544
1559541331250,12.914,122.2,0.05616,0.522,3.582356544
1559541331296,12.96,122.2,0.05616,0.522,3.582356544
1559541331343,13.007,122.2,0.05616,0.522,3.582356544
1559541331404,13.068,122.2,0.05695,0.524,3.64666796
1559541331450,13.114,122.2,0.05695,0.524,3.64666796
1559541331496,13.16,122.2,0.05695,0.524,3.64666796
1559541331542,13.206,122.2,0.05695,0.524,3.64666796
1559541331604,13.268,122.3,0.05654,0.522,3.609547524
1559541331651,13.315,122.3,0.05654,0.522,3.609547524
1559541331697,13.361,122.3,0.05654,0.522,3.609547524
1559541331743,13.407,122.3,0.05654,0.522,3.609547524
1559541331804,13.468,122.2,0.05621,0.521,3.578677102
1559541331850,13.514,122.2,0.05621,0.521,3.578677102
1559541331897,13.561,122.2,0.05621,0.521,3.578677102
1559541331943,13.607,122.2,0.05621,0.521,3.578677102
1559541332004,13.668,122.2,0.05587,0.523,3.570685222
1559541332050,13.714,122.2,0.05587,0.523,3.570685222
1559541332097,13.761,122.2,0.05587,0.523,3.570685222
1559541332143,13.807,122.2,0.05587,0.523,3.570685222
1559541332204,13.868,122.2,0.05594,0.523,3.575158964
1559541332250,13.914,122.2,0.05594,0.523,3.575158964
1559541332296,13.96,122.2,0.05594,0.523,3.575158964
1559541332343,14.007,122.2,0.05594,0.523,3.575158964
1559541332404,14.068,122.3,0.05628,0.521,3.586065924
1559541332449,14.113,122.3,0.05628,0.521,3.586065924
1559541332496,14.16,122.3,0.05628,0.521,3.586065924
1559541332542,14.206,122.3,0.05628,0.521,3.586065924
1559541332604,14.268,122.3,0.05662,0.522,3.614654772
1559541332650,14.314,122.3,0.05662,0.522,3.614654772
1559541332697,14.361,122.3,0.05662,0.522,3.614654772
1559541332743,14.407,122.3,0.05662,0.522,3.614654772
1559541332804,14.468,122.3,0.05704,0.524,3.655419808
1559541332850,14.514,122.3,0.05704,0.524,3.655419808
1559541332896,14.56,122.3,0.05704,0.524,3.655419808
1559541332942,14.606,122.3,0.05704,0.524,3.655419808
1559541333005,14.669,122.3,0.05624,0.523,3.597273496
1559541333051,14.715,122.3,0.05624,0.523,3.597273496
1559541333097,14.761,122.3,0.05624,0.523,3.597273496
1559541333143,14.807,122.3,0.05624,0.523,3.597273496
1559541333204,14.868,122.3,0.05601,0.523,3.582562029
1559541333250,14.914,122.3,0.05601,0.523,3.582562029
1559541333296,14.96,122.3,0.05601,0.523,3.582562029
1559541333342,15.006,122.3,0.05601,0.523,3.582562029
1559541333403,15.067,122.3,0.05613,0.523,3.590237577
1559541333450,15.114,122.3,0.05613,0.523,3.590237577
1559541333496,15.16,122.3,0.05613,0.523,3.590237577
1559541333542,15.206,122.3,0.05613,0.523,3.590237577
1559541333604,15.268,122.3,0.05609,0.522,3.580819254
1559541333650,15.314,122.3,0.05609,0.522,3.580819254
1559541333696,15.36,122.3,0.05609,0.522,3.580819254
1559541333742,15.406,122.3,0.05609,0.522,3.580819254
1559541333803,15.467,122.3,0.05652,0.522,3.608270712
1559541333849,15.513,122.3,0.05652,0.522,3.608270712
1559541333895,15.559,122.3,0.05652,0.522,3.608270712
1559541333942,15.606,122.3,0.05652,0.522,3.608270712
1559541334004,15.668,122.3,0.05648,0.524,3.619532096
1559541334050,15.714,122.3,0.05648,0.524,3.619532096
1559541334096,15.76,122.3,0.05648,0.524,3.619532096
1559541334142,15.806,122.3,0.05648,0.524,3.619532096
1559541334203,15.867,122.2,0.05699,0.524,3.649229272
1559541334250,15.914,122.2,0.05699,0.524,3.649229272
1559541334296,15.96,122.2,0.05699,0.524,3.649229272
1559541334342,16.006,122.2,0.05699,0.524,3.649229272
1559541334404,16.068,122.3,0.05636,0.519,3.577377732
1559541334450,16.114,122.3,0.05636,0.519,3.577377732
1559541334496,16.16,122.3,0.05636,0.519,3.577377732
1559541334542,16.206,122.3,0.05636,0.519,3.577377732
1559541334603,16.267,122.3,0.05636,0.519,3.577377732
1559541334649,16.313,122.3,0.05636,0.519,3.577377732
1559541334695,16.359,122.3,0.05636,0.519,3.577377732
1559541334742,16.406,122.3,0.05636,0.519,3.577377732
1559541334804,16.468,122.3,0.0565,0.518,3.5793541
1559541334850,16.514,122.3,0.0565,0.518,3.5793541
1559541334897,16.561,122.3,0.0565,0.518,3.5793541
1559541334943,16.607,122.3,0.0565,0.518,3.5793541
1559541335004,16.668,122.3,0.05624,0.52,3.57663904
1559541335050,16.714,122.3,0.05624,0.52,3.57663904
1559541335096,16.76,122.3,0.05624,0.52,3.57663904
1559541335142,16.806,122.3,0.05624,0.52,3.57663904
1559541335204,16.868,122.2,0.05608,0.521,3.570400496
1559541335250,16.914,122.2,0.05608,0.521,3.570400496
1559541335296,16.96,122.2,0.05608,0.521,3.570400496
1559541335343,17.007,122.2,0.05608,0.521,3.570400496
1559541335404,17.068,122.3,0.05717,0.521,3.642775211
1559541335450,17.114,122.3,0.05717,0.521,3.642775211
1559541335496,17.16,122.3,0.05717,0.521,3.642775211
1559541335542,17.206,122.3,0.05717,0.521,3.642775211
1559541335603,17.267,122.3,0.05708,0.52,3.63005968
1559541335650,17.314,122.3,0.05708,0.52,3.63005968
1559541335696,17.36,122.3,0.05708,0.52,3.63005968
1559541335742,17.406,122.3,0.05708,0.52,3.63005968
1559541335803,17.467,122.3,0.05639,0.52,3.58617844
1559541335850,17.514,122.3,0.05639,0.52,3.58617844
1559541335896,17.56,122.3,0.05639,0.52,3.58617844
1559541335942,17.606,122.3,0.05639,0.52,3.58617844
1559541336004,17.668,122.3,0.05619,0.521,3.580331277
1559541336050,17.714,122.3,0.05619,0.521,3.580331277
1559541336096,17.76,122.3,0.05619,0.521,3.580331277
1559541336143,17.807,122.3,0.05619,0.521,3.580331277
1559541336204,17.868,122.3,0.05609,0.521,3.573959447
1559541336250,17.914,122.3,0.05609,0.521,3.573959447
1559541336296,17.96,122.3,0.05609,0.521,3.573959447
1559541336342,18.006,122.3,0.05609,0.521,3.573959447
1559541336404,18.068,122.3,0.0562,0.52,3.5740952
1559541336450,18.114,122.3,0.0562,0.52,3.5740952
1559541336497,18.161,122.3,0.0562,0.52,3.5740952
1559541336543,18.207,122.3,0.0562,0.52,3.5740952
1559541336604,18.268,122.3,0.05624,0.521,3.583517192
1559541336650,18.314,122.3,0.05624,0.521,3.583517192
1559541336696,18.36,122.3,0.05624,0.521,3.583517192
1559541336742,18.406,122.3,0.05624,0.521,3.583517192
1559541336803,18.467,122.3,0.05711,0.523,3.652921219
1559541336849,18.513,122.3,0.05711,0.523,3.652921219
1559541336895,18.559,122.3,0.05711,0.523,3.652921219
1559541336942,18.606,122.3,0.05711,0.523,3.652921219
1559541337004,18.668,122.3,0.05647,0.522,3.605078682
1559541337050,18.714,122.3,0.05647,0.522,3.605078682
1559541337096,18.76,122.3,0.05647,0.522,3.605078682
1559541337142,18.806,122.3,0.05647,0.522,3.605078682
1559541337204,18.868,122.3,0.0568,0.524,3.64003936
1559541337250,18.914,122.3,0.0568,0.524,3.64003936
1559541337296,18.96,122.3,0.0568,0.524,3.64003936
1559541337342,19.006,122.3,0.0568,0.524,3.64003936
1559541337403,19.067,122.3,0.05726,0.524,3.669518552
1559541337449,19.113,122.3,0.05726,0.524,3.669518552
1559541337495,19.159,122.3,0.05726,0.524,3.669518552
1559541337541,19.205,122.3,0.05726,0.524,3.669518552
1559541337603,19.267,122.3,0.05644,0.522,3.603163464
1559541337650,19.314,122.3,0.05644,0.522,3.603163464
1559541337695,19.359,122.3,0.05644,0.522,3.603163464
1559541337742,19.406,122.3,0.05644,0.522,3.603163464
1559541337804,19.468,122.3,0.05618,0.523,3.593435722
1559541337850,19.514,122.3,0.05618,0.523,3.593435722
1559541337896,19.56,122.3,0.05618,0.523,3.593435722
1559541337943,19.607,122.3,0.05618,0.523,3.593435722
1559541338004,19.668,122.3,0.05671,0.524,3.634271692
1559541338050,19.714,122.3,0.05671,0.524,3.634271692
1559541338096,19.76,122.3,0.05671,0.524,3.634271692
1559541338144,19.808,122.3,0.05671,0.524,3.634271692
1559541338204,19.868,122.3,0.05663,0.524,3.629144876
1559541338250,19.914,122.3,0.05663,0.524,3.629144876
1559541338296,19.96,122.3,0.05663,0.524,3.629144876
1559541338342,20.006,122.3,0.05663,0.524,3.629144876
1559541338403,20.067,122.3,0.05616,0.523,3.592156464
1559541338450,20.114,122.3,0.05616,0.523,3.592156464
1559541338496,20.16,122.3,0.05616,0.523,3.592156464
1559541338542,20.206,122.3,0.05616,0.523,3.592156464
1559541338604,20.268,122.3,0.05614,0.521,3.577145362
1559541338650,20.314,122.3,0.05614,0.521,3.577145362
1559541338696,20.36,122.3,0.05614,0.521,3.577145362
1559541338742,20.406,122.3,0.05614,0.521,3.577145362
1559541338804,20.468,122.3,0.05634,0.521,3.589889022
1559541338850,20.514,122.3,0.05634,0.521,3.589889022
1559541338896,20.56,122.3,0.05634,0.521,3.589889022
1559541338942,20.606,122.3,0.05634,0.521,3.589889022
1559541339003,20.667,122.2,0.05613,0.521,3.573583806
1559541339049,20.713,122.2,0.05613,0.521,3.573583806
1559541339095,20.759,122.2,0.05613,0.521,3.573583806
1559541339141,20.805,122.2,0.05613,0.521,3.573583806
1559541339204,20.868,122.2,0.05608,0.522,3.577253472
1559541339250,20.914,122.2,0.05608,0.522,3.577253472
1559541339296,20.96,122.2,0.05608,0.522,3.577253472
1559541339342,21.006,122.2,0.05608,0.522,3.577253472
1559541339403,21.067,122.2,0.05699,0.524,3.649229272
1559541339450,21.114,122.2,0.05699,0.524,3.649229272
1559541339496,21.16,122.2,0.05699,0.524,3.649229272
1559541339542,21.206,122.2,0.05699,0.524,3.649229272
1559541339603,21.267,122.3,0.05662,0.522,3.614654772
1559541339649,21.313,122.3,0.05662,0.522,3.614654772
1559541339695,21.359,122.3,0.05662,0.522,3.614654772
1559541339741,21.405,122.3,0.05662,0.522,3.614654772
1559541339803,21.467,122.3,0.05628,0.521,3.586065924
1559541339849,21.513,122.3,0.05628,0.521,3.586065924
1559541339896,21.56,122.3,0.05628,0.521,3.586065924
1559541339942,21.606,122.3,0.05628,0.521,3.586065924
1559541340003,21.667,122.3,0.05612,0.521,3.575870996
1559541340049,21.713,122.3,0.05612,0.521,3.575870996
1559541340095,21.759,122.3,0.05612,0.521,3.575870996
1559541340141,21.805,122.3,0.05612,0.521,3.575870996
1559541340204,21.868,122.2,0.05628,0.52,3.57625632
1559541340250,21.914,122.2,0.05628,0.52,3.57625632
1559541340296,21.96,122.2,0.05628,0.52,3.57625632
1559541340342,22.006,122.2,0.05628,0.52,3.57625632
1559541340403,22.067,122.3,0.05626,0.52,3.57791096
1559541340449,22.113,122.3,0.05626,0.52,3.57791096
1559541340495,22.159,122.3,0.05626,0.52,3.57791096
1559541340541,22.205,122.3,0.05626,0.52,3.57791096
1559541340604,22.268,122.3,0.05668,0.519,3.597689316
1559541340650,22.314,122.3,0.05668,0.519,3.597689316
1559541340696,22.36,122.3,0.05668,0.519,3.597689316
1559541340742,22.406,122.3,0.05668,0.519,3.597689316
1559541340803,22.467,122.3,0.05743,0.521,3.659341969
1559541340849,22.513,122.3,0.05743,0.521,3.659341969
1559541340896,22.56,122.3,0.05743,0.521,3.659341969
1559541340942,22.606,122.3,0.05743,0.521,3.659341969
1559541341003,22.667,122.3,0.05651,0.519,3.586898787
1559541341049,22.713,122.3,0.05651,0.519,3.586898787
1559541341095,22.759,122.3,0.05651,0.519,3.586898787
1559541341141,22.805,122.3,0.05651,0.519,3.586898787
1559541341203,22.867,122.3,0.05636,0.52,3.58427056
1559541341249,22.913,122.3,0.05636,0.52,3.58427056
1559541341295,22.959,122.3,0.05636,0.52,3.58427056
1559541341341,23.005,122.3,0.05636,0.52,3.58427056
1559541341404,23.068,122.3,0.05636,0.52,3.58427056
1559541341450,23.114,122.3,0.05636,0.52,3.58427056
1559541341496,23.16,122.3,0.05636,0.52,3.58427056
1559541341542,23.206,122.3,0.05636,0.52,3.58427056
1559541341604,23.268,122.3,0.05622,0.52,3.57536712
1559541341650,23.314,122.3,0.05622,0.52,3.57536712
1559541341696,23.36,122.3,0.05622,0.52,3.57536712
1559541341742,23.406,122.3,0.05622,0.52,3.57536712
1559541341803,23.467,122.3,0.05621,0.521,3.581605643
1559541341848,23.513,122.3,0.05621,0.521,3.581605643
1559541341895,23.559,122.3,0.05621,0.521,3.581605643
1559541341941,23.605,122.3,0.05621,0.521,3.581605643
1559541342003,23.667,122.3,0.05689,0.522,3.631891734
1559541342049,23.713,122.3,0.05689,0.522,3.631891734
1559541342095,23.759,122.3,0.05689,0.522,3.631891734
1559541342141,23.805,122.3,0.05689,0.522,3.631891734
1559541342203,23.867,122.3,0.05709,0.522,3.644659854
1559541342249,23.913,122.3,0.05709,0.522,3.644659854
1559541342295,23.959,122.3,0.05709,0.522,3.644659854
1559541342341,24.005,122.3,0.05709,0.522,3.644659854
1559541342402,24.066,122.3,0.05608,0.522,3.580180848
1559541342449,24.113,122.3,0.05608,0.522,3.580180848
1559541342495,24.159,122.3,0.05608,0.522,3.580180848
1559541342541,24.205,122.3,0.05608,0.522,3.580180848
1559541342603,24.267,122.3,0.05617,0.521,3.579056911
1559541342649,24.313,122.3,0.05617,0.521,3.579056911
1559541342695,24.359,122.3,0.05617,0.521,3.579056911
1559541342742,24.406,122.3,0.05617,0.521,3.579056911
1559541342803,24.467,122.3,0.05614,0.522,3.584011284
1559541342849,24.513,122.3,0.05614,0.522,3.584011284
1559541342895,24.559,122.3,0.05614,0.522,3.584011284
1559541342941,24.605,122.3,0.05614,0.522,3.584011284
1559541343003,24.667,122.3,0.05605,0.521,3.571410715
1559541343049,24.713,122.3,0.05605,0.521,3.571410715
1559541343095,24.759,122.3,0.05605,0.521,3.571410715
1559541343141,24.805,122.3,0.05605,0.521,3.571410715
1559541343203,24.867,122.3,0.05608,0.523,3.587039432
1559541343249,24.913,122.3,0.05608,0.523,3.587039432
1559541343294,24.958,122.3,0.05608,0.523,3.587039432
1559541343341,25.005,122.3,0.05608,0.523,3.587039432
1559541343403,25.067,122.3,0.05672,0.524,3.634912544
1559541343449,25.113,122.3,0.05672,0.524,3.634912544
1559541343495,25.159,122.3,0.05672,0.524,3.634912544
1559541343541,25.205,122.3,0.05672,0.524,3.634912544
1559541343603,25.267,122.3,0.05661,0.525,3.634786575
1559541343650,25.314,122.3,0.05661,0.525,3.634786575
1559541343696,25.36,122.3,0.05661,0.525,3.634786575
1559541343742,25.406,122.3,0.05661,0.525,3.634786575
1559541343803,25.467,122.3,0.05593,0.524,3.584285236
1559541343849,25.513,122.3,0.05593,0.524,3.584285236
1559541343895,25.559,122.3,0.05593,0.524,3.584285236
1559541343941,25.605,122.3,0.05593,0.524,3.584285236
1559541344003,25.667,122.2,0.05606,0.522,3.575977704
1559541344049,25.713,122.2,0.05606,0.522,3.575977704
1559541344095,25.759,122.2,0.05606,0.522,3.575977704
1559541344141,25.805,122.2,0.05606,0.522,3.575977704
1559541344202,25.866,122.2,0.0562,0.522,3.58490808
1559541344248,25.912,122.2,0.0562,0.522,3.58490808
1559541344294,25.958,122.2,0.0562,0.522,3.58490808
1559541344340,26.004,122.2,0.0562,0.522,3.58490808
1559541344403,26.067,122.3,0.05627,0.521,3.585428741
1559541344449,26.113,122.3,0.05627,0.521,3.585428741
1559541344495,26.159,122.3,0.05627,0.521,3.585428741
1559541344541,26.205,122.3,0.05627,0.521,3.585428741
1559541344603,26.267,122.3,0.05613,0.522,3.583372878
1559541344649,26.313,122.3,0.05613,0.522,3.583372878
1559541344695,26.359,122.3,0.05613,0.522,3.583372878
1559541344742,26.406,122.3,0.05613,0.522,3.583372878
1559541344803,26.467,122.3,0.05691,0.523,3.640128639
1559541344849,26.513,122.3,0.05691,0.523,3.640128639
1559541344895,26.559,122.3,0.05691,0.523,3.640128639
1559541344940,26.604,122.3,0.05691,0.523,3.640128639
1559541345003,26.667,122.3,0.05652,0.523,3.615183108
1559541345049,26.713,122.3,0.05652,0.523,3.615183108
1559541345095,26.759,122.3,0.05652,0.523,3.615183108
1559541345141,26.805,122.3,0.05652,0.523,3.615183108
1559541345202,26.866,122.3,0.05619,0.522,3.587203314
1559541345248,26.912,122.3,0.05619,0.522,3.587203314
1559541345294,26.958,122.3,0.05619,0.522,3.587203314
1559541345341,27.005,122.3,0.05619,0.522,3.587203314
1559541345403,27.067,122.2,0.05605,0.521,3.56849051
1559541345449,27.113,122.2,0.05605,0.521,3.56849051
1559541345495,27.159,122.2,0.05605,0.521,3.56849051
1559541345542,27.206,122.2,0.05605,0.521,3.56849051
1559541345603,27.267,122.3,0.05605,0.521,3.571410715
1559541345649,27.313,122.3,0.05605,0.521,3.571410715
1559541345695,27.359,122.3,0.05605,0.521,3.571410715
1559541345741,27.405,122.3,0.05605,0.521,3.571410715
1559541345802,27.466,122.3,0.05662,0.52,3.60080552
1559541345848,27.512,122.3,0.05662,0.52,3.60080552
1559541345894,27.558,122.3,0.05662,0.52,3.60080552
1559541345940,27.604,122.3,0.05662,0.52,3.60080552
1559541346002,27.666,122.3,0.05652,0.521,3.601358316
1559541346049,27.713,122.3,0.05652,0.521,3.601358316
1559541346095,27.759,122.3,0.05652,0.521,3.601358316
1559541346141,27.805,122.3,0.05652,0.521,3.601358316
1559541346203,27.867,122.3,0.0572,0.522,3.65168232
1559541346249,27.913,122.3,0.0572,0.522,3.65168232
1559541346296,27.96,122.3,0.0572,0.522,3.65168232
1559541346342,28.006,122.3,0.0572,0.522,3.65168232
1559541346403,28.067,122.3,0.0564,0.521,3.59371212
1559541346449,28.113,122.3,0.0564,0.521,3.59371212
1559541346495,28.159,122.3,0.0564,0.521,3.59371212
1559541346541,28.205,122.3,0.0564,0.521,3.59371212
1559541346602,28.266,122.3,0.05631,0.52,3.58109076
1559541346648,28.312,122.3,0.05631,0.52,3.58109076
1559541346695,28.359,122.3,0.05631,0.52,3.58109076
1559541346741,28.405,122.3,0.05631,0.52,3.58109076
1559541346803,28.467,122.3,0.05623,0.52,3.57600308
1559541346849,28.513,122.3,0.05623,0.52,3.57600308
1559541346895,28.559,122.3,0.05623,0.52,3.57600308
1559541346941,28.605,122.3,0.05623,0.52,3.57600308
1559541347002,28.666,122.3,0.05631,0.52,3.58109076
1559541347049,28.713,122.3,0.05631,0.52,3.58109076
1559541347094,28.758,122.3,0.05631,0.52,3.58109076
1559541347141,28.805,122.3,0.05631,0.52,3.58109076
1559541347203,28.867,122.2,0.05622,0.521,3.579313764
1559541347249,28.913,122.2,0.05622,0.521,3.579313764
1559541347295,28.959,122.2,0.05622,0.521,3.579313764
1559541347341,29.005,122.2,0.05622,0.521,3.579313764
1559541347403,29.067,122.2,0.0567,0.523,3.62373102
1559541347449,29.113,122.2,0.0567,0.523,3.62373102
1559541347495,29.159,122.2,0.0567,0.523,3.62373102
1559541347541,29.205,122.2,0.0567,0.523,3.62373102
1559541347602,29.266,122.3,0.05713,0.522,3.647213478
1559541347648,29.312,122.3,0.05713,0.522,3.647213478
1559541347694,29.358,122.3,0.05713,0.522,3.647213478
1559541347739,29.403,122.3,0.05713,0.522,3.647213478
1559541347803,29.467,122.3,0.05647,0.518,3.577453558
1559541347849,29.513,122.3,0.05647,0.518,3.577453558
1559541347895,29.559,122.3,0.05647,0.518,3.577453558
1559541347941,29.605,122.3,0.05647,0.518,3.577453558
1559541348002,29.666,122.3,0.05618,0.521,3.579694094
1559541348048,29.712,122.3,0.05618,0.521,3.579694094
1559541348094,29.758,122.3,0.05618,0.521,3.579694094
1559541348140,29.804,122.3,0.05618,0.521,3.579694094
1559541348202,29.866,122.3,0.05618,0.521,3.579694094
1559541348249,29.913,122.3,0.05618,0.521,3.579694094
1559541348295,29.959,122.3,0.05618,0.521,3.579694094
1559541348341,30.005,122.3,0.05618,0.521,3.579694094
1559541348402,30.066,122.3,0.05613,0.521,3.576508179
1559541348448,30.112,122.3,0.05613,0.521,3.576508179
1559541348495,30.159,122.3,0.05613,0.521,3.576508179
1559541348541,30.205,122.3,0.05613,0.521,3.576508179
1559541348602,30.266,122.3,0.05618,0.521,3.579694094
1559541348648,30.312,122.3,0.05618,0.521,3.579694094
1559541348694,30.358,122.3,0.05618,0.521,3.579694094
1559541348740,30.404,122.3,0.05618,0.521,3.579694094
1559541348803,30.467,122.4,0.05706,0.523,3.652707312
1559541348849,30.513,122.4,0.05706,0.523,3.652707312
1559541348895,30.559,122.4,0.05706,0.523,3.652707312
1559541348941,30.605,122.4,0.05706,0.523,3.652707312
1559541349003,30.667,122.3,0.0567,0.524,3.63363084
1559541349049,30.713,122.3,0.0567,0.524,3.63363084
1559541349095,30.759,122.3,0.0567,0.524,3.63363084
1559541349141,30.805,122.3,0.0567,0.524,3.63363084
1559541349202,30.866,122.3,0.05591,0.523,3.576165739
1559541349249,30.913,122.3,0.05591,0.523,3.576165739
1559541349295,30.959,122.3,0.05591,0.523,3.576165739
1559541349341,31.005,122.3,0.05591,0.523,3.576165739
1559541349402,31.066,122.3,0.05594,0.523,3.578084626
1559541349448,31.112,122.3,0.05594,0.523,3.578084626
1559541349494,31.158,122.3,0.05594,0.523,3.578084626
1559541349540,31.204,122.3,0.05594,0.523,3.578084626
1559541349602,31.267,122.3,0.05627,0.522,3.592310562
1559541349649,31.313,122.3,0.05627,0.522,3.592310562
1559541349695,31.359,122.3,0.05627,0.522,3.592310562
1559541349741,31.405,122.3,0.05627,0.522,3.592310562
1559541349802,31.466,122.3,0.05621,0.521,3.581605643
1559541349849,31.513,122.3,0.05621,0.521,3.581605643
1559541349895,31.559,122.3,0.05621,0.521,3.581605643
1559541349941,31.605,122.3,0.05621,0.521,3.581605643
1559541350002,31.666,122.3,0.05604,0.523,3.584480916
1559541350049,31.713,122.3,0.05604,0.523,3.584480916
1559541350095,31.759,122.3,0.05604,0.523,3.584480916
1559541350141,31.805,122.3,0.05604,0.523,3.584480916
1559541350202,31.866,122.3,0.05686,0.525,3.65083845
1559541350248,31.912,122.3,0.05686,0.525,3.65083845
1559541350294,31.958,122.3,0.05686,0.525,3.65083845
1559541350341,32.005,122.3,0.05686,0.525,3.65083845
1559541350402,32.066,122.3,0.05647,0.523,3.611984963
1559541350448,32.112,122.3,0.05647,0.523,3.611984963
1559541350494,32.158,122.3,0.05647,0.523,3.611984963
1559541350540,32.204,122.3,0.05647,0.523,3.611984963
1559541350602,32.266,122.3,0.05621,0.522,3.588480126
1559541350648,32.312,122.3,0.05621,0.522,3.588480126
1559541350694,32.358,122.3,0.05621,0.522,3.588480126
1559541350740,32.404,122.3,0.05621,0.522,3.588480126
1559541350803,32.467,122.3,0.0561,0.522,3.58145766
1559541350849,32.513,122.3,0.0561,0.522,3.58145766
1559541350895,32.559,122.3,0.0561,0.522,3.58145766
1559541350941,32.605,122.3,0.0561,0.522,3.58145766
1559541351002,32.666,122.3,0.05601,0.522,3.575712006
1559541351049,32.713,122.3,0.05601,0.522,3.575712006
1559541351095,32.759,122.3,0.05601,0.522,3.575712006
1559541351141,32.805,122.3,0.05601,0.522,3.575712006
1559541351202,32.866,122.3,0.05602,0.522,3.576350412
1559541351247,32.911,122.3,0.05602,0.522,3.576350412
1559541351294,32.958,122.3,0.05602,0.522,3.576350412
1559541351340,33.004,122.3,0.05602,0.522,3.576350412
1559541351402,33.066,122.3,0.05631,0.523,3.601750899
1559541351448,33.112,122.3,0.05631,0.523,3.601750899
1559541351495,33.159,122.3,0.05631,0.523,3.601750899
1559541351541,33.205,122.3,0.05631,0.523,3.601750899
1559541351602,33.266,122.3,0.05717,0.522,3.649767102
1559541351648,33.312,122.3,0.05717,0.522,3.649767102
1559541351694,33.358,122.3,0.05717,0.522,3.649767102
1559541351740,33.404,122.3,0.05717,0.522,3.649767102
1559541351802,33.466,122.3,0.05663,0.52,3.60144148
1559541351848,33.512,122.3,0.05663,0.52,3.60144148
1559541351894,33.558,122.3,0.05663,0.52,3.60144148
1559541351940,33.604,122.3,0.05663,0.52,3.60144148
1559541352001,33.666,122.3,0.05637,0.52,3.58490652
1559541352048,33.712,122.3,0.05637,0.52,3.58490652
1559541352100,33.764,122.3,0.05637,0.52,3.58490652
1559541352146,33.81,122.3,0.05637,0.52,3.58490652
1559541352202,33.866,122.3,0.05604,0.522,3.577627224
1559541352248,33.912,122.3,0.05604,0.522,3.577627224
1559541352294,33.958,122.3,0.05604,0.522,3.577627224
1559541352340,34.004,122.3,0.05604,0.522,3.577627224
1559541352402,34.066,122.3,0.05616,0.521,3.578419728
1559541352448,34.112,122.3,0.05616,0.521,3.578419728
1559541352494,34.158,122.3,0.05616,0.521,3.578419728
1559541352540,34.204,122.3,0.05616,0.521,3.578419728
1559541352602,34.266,122.3,0.05624,0.52,3.57663904
1559541352648,34.313,122.3,0.05624,0.52,3.57663904
1559541352694,34.358,122.3,0.05624,0.52,3.57663904
1559541352740,34.404,122.3,0.05624,0.52,3.57663904
1559541352802,34.466,122.4,0.05663,0.522,3.618249264
1559541352848,34.512,122.4,0.05663,0.522,3.618249264
1559541352894,34.558,122.4,0.05663,0.522,3.618249264
1559541352940,34.604,122.4,0.05663,0.522,3.618249264
1559541353002,34.666,122.3,0.05688,0.525,3.6521226
1559541353048,34.713,122.3,0.05688,0.525,3.6521226
1559541353095,34.759,122.3,0.05688,0.525,3.6521226
1559541353141,34.805,122.3,0.05688,0.525,3.6521226
1559541353202,34.866,122.3,0.05595,0.523,3.578724255
1559541353248,34.912,122.3,0.05595,0.523,3.578724255
1559541353294,34.958,122.3,0.05595,0.523,3.578724255
1559541353340,35.004,122.3,0.05595,0.523,3.578724255
1559541353402,35.066,122.3,0.05612,0.522,3.582734472
1559541353448,35.112,122.3,0.05612,0.522,3.582734472
1559541353494,35.158,122.3,0.05612,0.522,3.582734472
1559541353540,35.204,122.3,0.05612,0.522,3.582734472
1559541353602,35.266,122.3,0.05628,0.52,3.57918288
1559541353648,35.313,122.3,0.05628,0.52,3.57918288
1559541353694,35.358,122.3,0.05628,0.52,3.57918288
1559541353741,35.405,122.3,0.05628,0.52,3.57918288
1559541353802,35.466,122.3,0.05664,0.522,3.615931584
1559541353849,35.513,122.3,0.05664,0.522,3.615931584
1559541353895,35.559,122.3,0.05664,0.522,3.615931584
1559541353941,35.605,122.3,0.05664,0.522,3.615931584
1559541354002,35.666,122.3,0.05599,0.523,3.581282771
1559541354048,35.712,122.3,0.05599,0.523,3.581282771
1559541354094,35.758,122.3,0.05599,0.523,3.581282771
1559541354140,35.804,122.3,0.05599,0.523,3.581282771
1559541354202,35.866,122.3,0.05662,0.524,3.628504024
1559541354247,35.911,122.3,0.05662,0.524,3.628504024
1559541354293,35.957,122.3,0.05662,0.524,3.628504024
1559541354340,36.004,122.3,0.05662,0.524,3.628504024
1559541354402,36.066,122.3,0.05677,0.524,3.638116804
1559541354448,36.112,122.3,0.05677,0.524,3.638116804
1559541354494,36.158,122.3,0.05677,0.524,3.638116804
1559541354540,36.204,122.3,0.05677,0.524,3.638116804
1559541354601,36.265,122.3,0.05615,0.522,3.58464969
1559541354647,36.311,122.3,0.05615,0.522,3.58464969
1559541354693,36.357,122.3,0.05615,0.522,3.58464969
1559541354740,36.404,122.3,0.05615,0.522,3.58464969
1559541354802,36.466,122.3,0.05601,0.524,3.589412052
1559541354848,36.513,122.3,0.05601,0.524,3.589412052
1559541354894,36.558,122.3,0.05601,0.524,3.589412052
1559541354941,36.605,122.3,0.05601,0.524,3.589412052
1559541355002,36.666,122.3,0.05595,0.524,3.58556694
1559541355048,36.712,122.3,0.05595,0.524,3.58556694
1559541355094,36.758,122.3,0.05595,0.524,3.58556694
1559541355140,36.804,122.3,0.05595,0.524,3.58556694
1559541355201,36.865,122.3,0.05576,0.524,3.573390752
1559541355247,36.911,122.3,0.05576,0.524,3.573390752
1559541355293,36.958,122.3,0.05576,0.524,3.573390752
1559541355340,37.004,122.3,0.05576,0.524,3.573390752
1559541355402,37.066,122.3,0.05612,0.522,3.582734472
1559541355448,37.113,122.3,0.05612,0.522,3.582734472
1559541355494,37.158,122.3,0.05612,0.522,3.582734472
1559541355540,37.204,122.3,0.05612,0.522,3.582734472
1559541355601,37.265,122.3,0.05687,0.524,3.644525324
1559541355648,37.312,122.3,0.05687,0.524,3.644525324
1559541355694,37.358,122.3,0.05687,0.524,3.644525324
1559541355740,37.404,122.3,0.05687,0.524,3.644525324
1559541355801,37.465,122.3,0.05666,0.523,3.624137914
1559541355847,37.511,122.3,0.05666,0.523,3.624137914
1559541355893,37.557,122.3,0.05666,0.523,3.624137914
1559541355939,37.603,122.3,0.05666,0.523,3.624137914
1559541356002,37.666,122.3,0.05605,0.523,3.585120545
1559541356048,37.712,122.3,0.05605,0.523,3.585120545
1559541356094,37.758,122.3,0.05605,0.523,3.585120545
1559541356140,37.804,122.3,0.05605,0.523,3.585120545
1559541356201,37.865,122.3,0.05587,0.523,3.573607223
1559541356247,37.911,122.3,0.05587,0.523,3.573607223
1559541356293,37.957,122.3,0.05587,0.523,3.573607223
1559541356339,38.003,122.3,0.05587,0.523,3.573607223
1559541356402,38.066,122.3,0.056,0.523,3.5819224
1559541356448,38.112,122.3,0.056,0.523,3.5819224
1559541356494,38.158,122.3,0.056,0.523,3.5819224
1559541356540,38.204,122.3,0.056,0.523,3.5819224
1559541356601,38.266,122.3,0.05603,0.522,3.576988818
1559541356648,38.312,122.3,0.05603,0.522,3.576988818
1559541356694,38.358,122.3,0.05603,0.522,3.576988818
1559541356740,38.404,122.3,0.05603,0.522,3.576988818
1559541356801,38.465,122.3,0.05591,0.524,3.583003532
1559541356847,38.511,122.3,0.05591,0.524,3.583003532
1559541356892,38.556,122.3,0.05591,0.524,3.583003532
1559541356938,38.602,122.3,0.05591,0.524,3.583003532
1559541357001,38.665,122.3,0.05675,0.526,3.65071615
1559541357047,38.711,122.3,0.05675,0.526,3.65071615
1559541357092,38.756,122.3,0.05675,0.526,3.65071615
1559541357138,38.802,122.3,0.05675,0.526,3.65071615
1559541357202,38.866,122.3,0.05638,0.523,3.606228302
1559541357248,38.912,122.3,0.05638,0.523,3.606228302
1559541357293,38.957,122.3,0.05638,0.523,3.606228302
1559541357339,39.003,122.3,0.05638,0.523,3.606228302
1559541357401,39.065,122.3,0.05598,0.523,3.580643142
1559541357447,39.111,122.3,0.05598,0.523,3.580643142
1559541357492,39.156,122.3,0.05598,0.523,3.580643142
1559541357538,39.202,122.3,0.05598,0.523,3.580643142
1559541357602,39.266,122.3,0.0559,0.523,3.57552611
1559541357647,39.311,122.3,0.0559,0.523,3.57552611
1559541357693,39.357,122.3,0.0559,0.523,3.57552611
1559541357739,39.403,122.3,0.0559,0.523,3.57552611
1559541357802,39.466,122.3,0.05621,0.523,3.595354609
1559541357848,39.512,122.3,0.05621,0.523,3.595354609
1559541357894,39.558,122.3,0.05621,0.523,3.595354609
1559541357940,39.604,122.3,0.05621,0.523,3.595354609
1559541358002,39.666,122.3,0.05596,0.522,3.572519976
1559541358048,39.712,122.3,0.05596,0.522,3.572519976
1559541358094,39.758,122.3,0.05596,0.522,3.572519976
1559541358140,39.804,122.3,0.05596,0.522,3.572519976
1559541358201,39.865,122.3,0.05637,0.523,3.605588673
1559541358247,39.911,122.3,0.05637,0.523,3.605588673
1559541358293,39.957,122.3,0.05637,0.523,3.605588673
1559541358339,40.003,122.3,0.05637,0.523,3.605588673
1559541358401,40.065,122.3,0.05697,0.525,3.657901275
1559541358447,40.111,122.3,0.05697,0.525,3.657901275
1559541358493,40.157,122.3,0.05697,0.525,3.657901275
1559541358539,40.203,122.3,0.05697,0.525,3.657901275
1559541358602,40.266,122.3,0.05615,0.523,3.591516835
1559541358648,40.312,122.3,0.05615,0.523,3.591516835
1559541358694,40.358,122.3,0.05615,0.523,3.591516835
1559541358740,40.404,122.3,0.05615,0.523,3.591516835
1559541358801,40.465,122.3,0.05606,0.523,3.585760174
1559541358847,40.511,122.3,0.05606,0.523,3.585760174
1559541358893,40.557,122.3,0.05606,0.523,3.585760174
1559541358939,40.603,122.3,0.05606,0.523,3.585760174
1559541359002,40.666,122.3,0.05593,0.523,3.577444997
1559541359048,40.712,122.3,0.05593,0.523,3.577444997
1559541359094,40.758,122.3,0.05593,0.523,3.577444997
1559541359140,40.804,122.3,0.05593,0.523,3.577444997
1559541359201,40.865,122.3,0.05616,0.521,3.578419728
1559541359247,40.911,122.3,0.05616,0.521,3.578419728
1559541359293,40.957,122.3,0.05616,0.521,3.578419728
1559541359339,41.003,122.3,0.05616,0.521,3.578419728
1559541359401,41.065,122.3,0.0561,0.522,3.58145766
1559541359448,41.112,122.3,0.0561,0.522,3.58145766
1559541359494,41.158,122.3,0.0561,0.522,3.58145766
1559541359540,41.204,122.3,0.0561,0.522,3.58145766
1559541359601,41.265,122.3,0.05674,0.523,3.629254946
1559541359647,41.311,122.3,0.05674,0.523,3.629254946
1559541359693,41.357,122.3,0.05674,0.523,3.629254946
1559541359739,41.403,122.3,0.05674,0.523,3.629254946
1559541359802,41.466,122.3,0.05699,0.522,3.638275794
1559541359848,41.512,122.3,0.05699,0.522,3.638275794
1559541359894,41.558,122.3,0.05699,0.522,3.638275794
1559541359940,41.604,122.3,0.05699,0.522,3.638275794
1559541360001,41.665,122.3,0.05601,0.522,3.575712006
1559541360047,41.711,122.3,0.05601,0.522,3.575712006
1559541360093,41.757,122.3,0.05601,0.522,3.575712006
1559541360139,41.803,122.3,0.05601,0.522,3.575712006
1559541360202,41.866,122.3,0.05622,0.523,3.595994238
1559541360248,41.912,122.3,0.05622,0.523,3.595994238
1559541360294,41.958,122.3,0.05622,0.523,3.595994238
1559541360340,42.004,122.3,0.05622,0.523,3.595994238
1559541360401,42.065,122.3,0.05597,0.522,3.573158382
1559541360447,42.111,122.3,0.05597,0.522,3.573158382
1559541360493,42.157,122.3,0.05597,0.522,3.573158382
1559541360539,42.203,122.3,0.05597,0.522,3.573158382
1559541360602,42.266,122.3,0.05572,0.525,3.5776419
1559541360648,42.312,122.3,0.05572,0.525,3.5776419
1559541360694,42.358,122.3,0.05572,0.525,3.5776419
1559541360740,42.404,122.3,0.05572,0.525,3.5776419
1559541360801,42.465,122.3,0.05609,0.523,3.587679061
1559541360848,42.512,122.3,0.05609,0.523,3.587679061
1559541360894,42.558,122.3,0.05609,0.523,3.587679061
1559541360940,42.604,122.3,0.05609,0.523,3.587679061
1559541361001,42.665,122.3,0.05675,0.525,3.643775625
1559541361054,42.718,122.3,0.05675,0.525,3.643775625
1559541361100,42.764,122.3,0.05675,0.525,3.643775625
1559541361146,42.81,122.3,0.05675,0.525,3.643775625
1559541361201,42.865,122.3,0.05667,0.523,3.624777543
1559541361247,42.911,122.3,0.05667,0.523,3.624777543
1559541361293,42.957,122.3,0.05667,0.523,3.624777543
1559541361339,43.003,122.3,0.05667,0.523,3.624777543
1559541361402,43.066,122.3,0.05593,0.524,3.584285236
1559541361448,43.112,122.3,0.05593,0.524,3.584285236
1559541361494,43.158,122.3,0.05593,0.524,3.584285236
1559541361541,43.205,122.3,0.05593,0.524,3.584285236
1559541361601,43.265,122.3,0.05593,0.523,3.577444997
1559541361647,43.311,122.3,0.05593,0.523,3.577444997
1559541361694,43.358,122.3,0.05593,0.523,3.577444997
1559541361740,43.404,122.3,0.05593,0.523,3.577444997
1559541361801,43.465,122.3,0.05613,0.523,3.590237577
1559541361847,43.511,122.3,0.05613,0.523,3.590237577
1559541361893,43.557,122.3,0.05613,0.523,3.590237577
1559541361939,43.603,122.3,0.05613,0.523,3.590237577
1559541362001,43.665,122.3,0.05606,0.522,3.578904036
1559541362047,43.711,122.3,0.05606,0.522,3.578904036
1559541362094,43.758,122.3,0.05606,0.522,3.578904036
1559541362140,43.804,122.3,0.05606,0.522,3.578904036
1559541362201,43.865,122.3,0.05608,0.523,3.587039432
1559541362247,43.911,122.3,0.05608,0.523,3.587039432
1559541362293,43.957,122.3,0.05608,0.523,3.587039432
1559541362340,44.004,122.3,0.05608,0.523,3.587039432
1559541362401,44.065,122.3,0.05688,0.526,3.659079024
1559541362447,44.111,122.3,0.05688,0.526,3.659079024
1559541362493,44.157,122.3,0.05688,0.526,3.659079024
1559541362539,44.203,122.3,0.05688,0.526,3.659079024
1559541362601,44.265,122.3,0.0562,0.525,3.6084615
1559541362647,44.311,122.3,0.0562,0.525,3.6084615
1559541362693,44.357,122.3,0.0562,0.525,3.6084615
1559541362739,44.403,122.3,0.0562,0.525,3.6084615
1559541362801,44.465,122.3,0.05584,0.524,3.578517568
1559541362848,44.512,122.3,0.05584,0.524,3.578517568
1559541362894,44.558,122.3,0.05584,0.524,3.578517568
1559541362940,44.604,122.3,0.05584,0.524,3.578517568
1559541363001,44.665,122.3,0.05608,0.521,3.573322264
1559541363047,44.711,122.3,0.05608,0.521,3.573322264
1559541363093,44.757,122.3,0.05608,0.521,3.573322264
1559541363140,44.804,122.3,0.05608,0.521,3.573322264
1559541363201,44.865,122.3,0.05611,0.522,3.582096066
1559541363247,44.911,122.3,0.05611,0.522,3.582096066
1559541363293,44.957,122.3,0.05611,0.522,3.582096066
1559541363340,45.004,122.3,0.05611,0.522,3.582096066
1559541363401,45.065,122.3,0.056,0.522,3.5750736
1559541363446,45.11,122.3,0.056,0.522,3.5750736
1559541363493,45.157,122.3,0.056,0.522,3.5750736
1559541363539,45.203,122.3,0.056,0.522,3.5750736
1559541363601,45.265,122.3,0.05643,0.523,3.609426447
1559541363648,45.312,122.3,0.05643,0.523,3.609426447
1559541363694,45.358,122.3,0.05643,0.523,3.609426447
1559541363740,45.404,122.3,0.05643,0.523,3.609426447
1559541363801,45.465,122.3,0.05717,0.524,3.663750884
1559541363848,45.512,122.3,0.05717,0.524,3.663750884
1559541363894,45.558,122.3,0.05717,0.524,3.663750884
1559541363940,45.604,122.3,0.05717,0.524,3.663750884
1559541364001,45.665,122.3,0.05627,0.521,3.585428741
1559541364047,45.711,122.3,0.05627,0.521,3.585428741
1559541364093,45.757,122.3,0.05627,0.521,3.585428741
1559541364140,45.804,122.3,0.05627,0.521,3.585428741
1559541364201,45.865,122.3,0.05619,0.521,3.580331277
1559541364247,45.911,122.3,0.05619,0.521,3.580331277
1559541364293,45.957,122.3,0.05619,0.521,3.580331277
1559541364340,46.004,122.3,0.05619,0.521,3.580331277
1559541364401,46.065,122.3,0.05589,0.524,3.581721828
1559541364447,46.111,122.3,0.05589,0.524,3.581721828
1559541364493,46.157,122.3,0.05589,0.524,3.581721828
1559541364540,46.204,122.3,0.05589,0.524,3.581721828
1559541364601,46.265,122.3,0.0559,0.523,3.57552611
1559541364647,46.311,122.3,0.0559,0.523,3.57552611
1559541364693,46.357,122.3,0.0559,0.523,3.57552611
1559541364739,46.403,122.3,0.0559,0.523,3.57552611
1559541364800,46.464,122.3,0.05603,0.522,3.576988818
1559541364847,46.511,122.3,0.05603,0.522,3.576988818
1559541364893,46.557,122.3,0.05603,0.522,3.576988818
1559541364939,46.603,122.3,0.05603,0.522,3.576988818
1559541365001,46.665,122.3,0.05688,0.522,3.631253328
1559541365047,46.711,122.3,0.05688,0.522,3.631253328
1559541365093,46.757,122.3,0.05688,0.522,3.631253328
1559541365140,46.804,122.3,0.05688,0.522,3.631253328
1559541365201,46.865,122.3,0.05685,0.523,3.636290865
1559541365247,46.911,122.3,0.05685,0.523,3.636290865
1559541365293,46.957,122.3,0.05685,0.523,3.636290865
1559541365339,47.003,122.3,0.05685,0.523,3.636290865
1559541365400,47.064,122.3,0.0561,0.523,3.58831869
1559541365447,47.111,122.3,0.0561,0.523,3.58831869
1559541365493,47.157,122.3,0.0561,0.523,3.58831869
1559541365539,47.203,122.3,0.0561,0.523,3.58831869
1559541365601,47.265,122.3,0.0562,0.523,3.59471498
1559541365647,47.311,122.3,0.0562,0.523,3.59471498
1559541365694,47.358,122.3,0.0562,0.523,3.59471498
1559541365740,47.404,122.3,0.0562,0.523,3.59471498
1559541365801,47.465,122.3,0.05616,0.522,3.585288096
1559541365847,47.511,122.3,0.05616,0.522,3.585288096
1559541365893,47.557,122.3,0.05616,0.522,3.585288096
1559541365939,47.603,122.3,0.05616,0.522,3.585288096
1559541366000,47.664,122.3,0.05613,0.521,3.576508179
1559541366046,47.71,122.3,0.05613,0.521,3.576508179
1559541366092,47.757,122.3,0.05613,0.521,3.576508179
1559541366139,47.803,122.3,0.05613,0.521,3.576508179
1559541366201,47.865,122.3,0.0561,0.522,3.58145766
1559541366247,47.911,122.3,0.0561,0.522,3.58145766
1559541366293,47.957,122.3,0.0561,0.522,3.58145766
1559541366340,48.004,122.3,0.0561,0.522,3.58145766
1559541366401,48.065,122.3,0.0566,0.526,3.64106668
1559541366447,48.111,122.3,0.0566,0.526,3.64106668
1559541366493,48.157,122.3,0.0566,0.526,3.64106668
1559541366539,48.203,122.3,0.0566,0.526,3.64106668
1559541366600,48.264,122.3,0.05642,0.526,3.629487316
1559541366646,48.31,122.3,0.05642,0.526,3.629487316
1559541366692,48.356,122.3,0.05642,0.526,3.629487316
1559541366738,48.403,122.3,0.05642,0.526,3.629487316
1559541366801,48.465,122.3,0.0562,0.523,3.59471498
1559541366847,48.511,122.3,0.0562,0.523,3.59471498
1559541366893,48.557,122.3,0.0562,0.523,3.59471498
1559541366939,48.603,122.3,0.0562,0.523,3.59471498
1559541367000,48.664,122.3,0.0561,0.521,3.57459663
1559541367046,48.71,122.3,0.0561,0.521,3.57459663
1559541367092,48.756,122.3,0.0561,0.521,3.57459663
1559541367139,48.803,122.3,0.0561,0.521,3.57459663
1559541367200,48.864,122.3,0.05609,0.521,3.573959447
1559541367246,48.91,122.3,0.05609,0.521,3.573959447
1559541367292,48.956,122.3,0.05609,0.521,3.573959447
1559541367338,49.002,122.3,0.05609,0.521,3.573959447
1559541367401,49.065,122.3,0.05597,0.523,3.580003513
1559541367447,49.111,122.3,0.05597,0.523,3.580003513
1559541367493,49.157,122.3,0.05597,0.523,3.580003513
1559541367539,49.203,122.3,0.05597,0.523,3.580003513
1559541367600,49.264,122.3,0.0563,0.523,3.60111127
1559541367646,49.31,122.3,0.0563,0.523,3.60111127
1559541367692,49.357,122.3,0.0563,0.523,3.60111127
1559541367739,49.403,122.3,0.0563,0.523,3.60111127
1559541367800,49.464,122.3,0.05871,0.528,3.791163024
1559541367846,49.51,122.3,0.05871,0.528,3.791163024
1559541367891,49.555,122.3,0.05871,0.528,3.791163024
1559541367937,49.601,122.3,0.05871,0.528,3.791163024
1559541368000,49.664,122.3,0.05671,0.523,3.627336059
1559541368046,49.71,122.3,0.05671,0.523,3.627336059
1559541368092,49.756,122.3,0.05671,0.523,3.627336059
1559541368138,49.802,122.3,0.05671,0.523,3.627336059
1559541368200,49.864,122.3,0.0564,0.524,3.61440528
1559541368246,49.911,122.3,0.0564,0.524,3.61440528
1559541368293,49.957,122.3,0.0564,0.524,3.61440528
1559541368339,50.003,122.3,0.0564,0.524,3.61440528
1559541368400,50.064,122.3,0.05592,0.524,3.583644384
1559541368446,50.11,122.3,0.05592,0.524,3.583644384
1559541368492,50.156,122.3,0.05592,0.524,3.583644384
1559541368538,50.202,122.3,0.05592,0.524,3.583644384
1559541368601,50.265,122.3,0.05604,0.523,3.584480916
1559541368647,50.311,122.3,0.05604,0.523,3.584480916
1559541368692,50.357,122.3,0.05604,0.523,3.584480916
1559541368739,50.403,122.3,0.05604,0.523,3.584480916
1559541368800,50.464,122.3,0.0562,0.521,3.58096846
1559541368846,50.51,122.3,0.0562,0.521,3.58096846
1559541368892,50.556,122.3,0.0562,0.521,3.58096846
1559541368938,50.602,122.3,0.0562,0.521,3.58096846
1559541369000,50.664,122.3,0.05696,0.523,3.643326784
1559541369046,50.71,122.3,0.05696,0.523,3.643326784
1559541369092,50.756,122.3,0.05696,0.523,3.643326784
1559541369138,50.802,122.3,0.05696,0.523,3.643326784
1559541369200,50.864,122.3,0.05686,0.522,3.629976516
1559541369245,50.91,122.3,0.05686,0.522,3.629976516
1559541369292,50.956,122.3,0.05686,0.522,3.629976516
1559541369338,51.002,122.3,0.05686,0.522,3.629976516
1559541369400,51.064,122.3,0.05616,0.522,3.585288096
1559541369446,51.11,122.3,0.05616,0.522,3.585288096
1559541369493,51.157,122.3,0.05616,0.522,3.585288096
1559541369539,51.203,122.3,0.05616,0.522,3.585288096
1559541369600,51.264,122.3,0.05608,0.521,3.573322264
1559541369646,51.31,122.3,0.05608,0.521,3.573322264
1559541369692,51.356,122.3,0.05608,0.521,3.573322264
1559541369738,51.402,122.3,0.05608,0.521,3.573322264
1559541369801,51.465,122.3,0.05631,0.522,3.594864186
1559541369847,51.511,122.3,0.05631,0.522,3.594864186
1559541369893,51.557,122.3,0.05631,0.522,3.594864186
1559541369939,51.603,122.3,0.05631,0.522,3.594864186
1559541370000,51.664,122.3,0.05594,0.523,3.578084626
1559541370046,51.71,122.3,0.05594,0.523,3.578084626
1559541370093,51.757,122.3,0.05594,0.523,3.578084626
1559541370138,51.803,122.3,0.05594,0.523,3.578084626
1559541370200,51.864,122.3,0.05601,0.523,3.582562029
1559541370245,51.909,122.3,0.05601,0.523,3.582562029
1559541370291,51.956,122.3,0.05601,0.523,3.582562029
1559541370338,52.002,122.3,0.05601,0.523,3.582562029
1559541370400,52.064,122.3,0.05697,0.525,3.657901275
1559541370446,52.11,122.3,0.05697,0.525,3.657901275
1559541370492,52.156,122.3,0.05697,0.525,3.657901275
1559541370538,52.202,122.3,0.05697,0.525,3.657901275
1559541370600,52.264,122.3,0.05647,0.523,3.611984963
1559541370645,52.309,122.3,0.05647,0.523,3.611984963
1559541370691,52.356,122.3,0.05647,0.523,3.611984963
1559541370738,52.402,122.3,0.05647,0.523,3.611984963
1559541370800,52.464,122.3,0.05606,0.523,3.585760174
1559541370846,52.51,122.3,0.05606,0.523,3.585760174
1559541370892,52.556,122.3,0.05606,0.523,3.585760174
1559541370938,52.602,122.3,0.05606,0.523,3.585760174
1559541371000,52.664,122.3,0.05634,0.522,3.596779404
1559541371046,52.711,122.3,0.05634,0.522,3.596779404
1559541371093,52.757,122.3,0.05634,0.522,3.596779404
1559541371139,52.803,122.3,0.05634,0.522,3.596779404
1559541371200,52.864,122.3,0.05606,0.521,3.572047898
1559541371246,52.91,122.3,0.05606,0.521,3.572047898
1559541371292,52.956,122.3,0.05606,0.521,3.572047898
1559541371338,53.002,122.3,0.05606,0.521,3.572047898
1559541371399,53.063,122.3,0.056,0.522,3.5750736
1559541371445,53.109,122.3,0.056,0.522,3.5750736
1559541371491,53.155,122.3,0.056,0.522,3.5750736
1559541371538,53.202,122.3,0.056,0.522,3.5750736
1559541371600,53.264,122.3,0.05659,0.523,3.619660511
1559541371646,53.31,122.3,0.05659,0.523,3.619660511
1559541371692,53.356,122.3,0.05659,0.523,3.619660511
1559541371739,53.403,122.3,0.05659,0.523,3.619660511
1559541371800,53.464,122.3,0.05699,0.523,3.645245671
1559541371846,53.51,122.3,0.05699,0.523,3.645245671
1559541371892,53.556,122.3,0.05699,0.523,3.645245671
1559541371938,53.602,122.3,0.05699,0.523,3.645245671
1559541372000,53.664,122.4,0.05608,0.522,3.583108224
1559541372046,53.71,122.4,0.05608,0.522,3.583108224
1559541372092,53.757,122.4,0.05608,0.522,3.583108224
1559541372139,53.803,122.4,0.05608,0.522,3.583108224
1559541372200,53.864,122.3,0.05608,0.522,3.580180848
1559541372246,53.91,122.3,0.05608,0.522,3.580180848
1559541372292,53.956,122.3,0.05608,0.522,3.580180848
1559541372338,54.002,122.3,0.05608,0.522,3.580180848
1559541372400,54.064,122.3,0.0561,0.521,3.57459663
1559541372446,54.11,122.3,0.0561,0.521,3.57459663
1559541372493,54.157,122.3,0.0561,0.521,3.57459663
1559541372539,54.203,122.3,0.0561,0.521,3.57459663
1559541372600,54.264,122.3,0.05625,0.521,3.584154375
1559541372646,54.31,122.3,0.05625,0.521,3.584154375
1559541372692,54.356,122.3,0.05625,0.521,3.584154375
1559541372739,54.403,122.3,0.05625,0.521,3.584154375
1559541372800,54.464,122.3,0.05621,0.522,3.588480126
1559541372846,54.51,122.3,0.05621,0.522,3.588480126
1559541372892,54.556,122.3,0.05621,0.522,3.588480126
1559541372938,54.602,122.3,0.05621,0.522,3.588480126
1559541373000,54.664,122.3,0.0568,0.522,3.62614608
1559541373046,54.71,122.3,0.0568,0.522,3.62614608
1559541373093,54.757,122.3,0.0568,0.522,3.62614608
1559541373139,54.803,122.3,0.0568,0.522,3.62614608
1559541373200,54.864,122.3,0.05691,0.523,3.640128639
1559541373246,54.91,122.3,0.05691,0.523,3.640128639
1559541373292,54.956,122.3,0.05691,0.523,3.640128639
1559541373338,55.002,122.3,0.05691,0.523,3.640128639
1559541373400,55.064,122.3,0.05628,0.521,3.586065924
1559541373446,55.11,122.3,0.05628,0.521,3.586065924
1559541373493,55.157,122.3,0.05628,0.521,3.586065924
1559541373539,55.203,122.3,0.05628,0.521,3.586065924
1559541373600,55.264,122.3,0.05617,0.522,3.585926502
1559541373646,55.31,122.3,0.05617,0.522,3.585926502
1559541373692,55.356,122.3,0.05617,0.522,3.585926502
1559541373738,55.402,122.3,0.05617,0.522,3.585926502
1559541373799,55.463,122.3,0.05815,0.526,3.74077787
1559541373845,55.509,122.3,0.05815,0.526,3.74077787
1559541373891,55.555,122.3,0.05815,0.526,3.74077787
1559541373937,55.601,122.3,0.05815,0.526,3.74077787
1559541374000,55.664,122.3,0.06207,0.536,4.068862296
1559541374046,55.71,122.3,0.06207,0.536,4.068862296
1559541374092,55.756,122.3,0.06207,0.536,4.068862296
1559541374138,55.802,122.3,0.06207,0.536,4.068862296
1559541374199,55.863,122.3,0.05611,0.523,3.588958319
