time,freq,util
.166614375,600000,58.7302
.362117865,600000,57.6923
.557761302,600000,58.2278
.756271042,600000,57.6923
.952730261,600000,56
1.150043906,600000,56.5789
1.344232292,600000,55.4054
1.544310833,600000,56.5789
1.749954635,600000,57.3171
1.949235416,600000,56.4103
2.150999062,600000,57.1429
2.354939427,600000,56.962
2.553021562,600000,55.2632
2.746182812,600000,40.2597
2.930102135,600000,31.9444
3.115412708,600000,32.8767
3.298823020,600000,30.9859
3.482609218,600000,30
3.670851926,600000,29.5775
3.854502082,600000,32.3944
4.038890676,600000,30.9859
4.223012238,600000,29.5775
4.406863436,600000,33.3333
4.591942290,600000,30.5556
4.777102082,600000,32.8767
4.961855311,600000,31.9444
5.160216665,600000,35.5263
5.345352342,600000,33.7838
5.528361873,600000,32.8767
5.714451248,600000,31.9444
5.898728904,600000,30.9859
6.084791040,600000,33.3333
6.267467290,600000,32.3944
6.453096561,600000,30.5556
6.638886300,600000,34.2466
6.824940519,600000,31.5068
7.008504373,600000,30.9859
7.194309946,600000,30.9859
7.379405935,600000,31.9444
7.564739321,600000,32.4324
7.747639581,600000,32.3944
7.933735414,600000,30.5556
8.118476247,600000,32.8767
8.302459320,600000,30.4348
8.487256664,600000,34.6667
8.673820310,600000,30.5556
8.858128070,600000,30.9859
9.043309789,600000,30.5556
9.227854268,600000,32.8767
9.413816507,600000,32.8767
9.600374528,600000,30
9.823577601,600000,57.7778
10.025625465,600000,38.75
10.215284684,600000,33.7838
10.398276351,600000,32.8767
10.583762601,600000,30
10.769010882,600000,30.9859
10.954492184,600000,31.5068
11.140068069,600000,31.4286
11.323935465,600000,31.9444
11.508194319,600000,32.8767
11.695845829,600000,33.7838
11.879668538,600000,31.9444
12.064894631,600000,32.8767
12.247715673,600000,32.3944
12.432708329,600000,29.5775
12.621750517,600000,32.4324
12.805321819,600000,33.7838
12.987524318,600000,34.2466
13.174296975,600000,31.5068
13.358809370,600000,30.9859
13.543448381,600000,28.9855
13.728784527,600000,32.8767
13.913113172,600000,30
14.098793693,600000,33.7838
14.283489422,600000,32.4324
14.468711870,600000,30.9859
14.653310307,600000,30
14.849504422,600000,34.6667
15.042845828,600000,36.8421
15.234247963,600000,34.2105
15.418202755,600000,32.8767
15.604440932,600000,31.9444
15.788708380,600000,30.9859
15.980613588,600000,33.7838
16.164988796,600000,32.8767
16.349176192,600000,30.9859
16.532747650,600000,30
16.718266452,600000,32.8767
16.901350307,600000,30
17.086520931,600000,33.7838
17.270894577,600000,31.9444
17.456006921,600000,33.7838
17.640103223,600000,30.9859
17.826444577,600000,32.8767
18.010713952,600000,31.9444
18.195874160,600000,32.8767
18.379622650,600000,31.9444
18.563960618,600000,30.9859
18.752415670,600000,29.1667
18.937627129,600000,33.7838
19.122630827,600000,30
19.307034993,600000,32.8767
19.491325358,600000,30
19.675885097,600000,32.8767
19.858976035,600000,33.7838
20.052319576,600000,35.6164
20.236358482,600000,36
20.419717493,600000,31.9444
20.604177284,600000,32.8767
20.788491399,600000,30.9859
20.973974992,600000,31.5068
21.158407284,600000,30.9859
21.343776763,600000,30.9859
21.528109732,600000,31.9444
21.713304263,600000,31.9444
21.898656555,600000,31.9444
22.081994940,600000,31.4286
22.267095096,600000,32.4324
22.451335929,600000,30
22.636586138,600000,33.7838
22.820174679,600000,31.9444
23.003753481,600000,30.9859
23.187576919,600000,32.3944
23.371038377,600000,30.9859
23.555603689,600000,37.1795
23.738930825,600000,32.3944
23.923525512,600000,32.4324
24.107627179,600000,33.3333
24.291877752,600000,30
24.476690564,600000,30.5556
24.663557439,600000,36.3636
24.848072074,600000,30.9859
25.037614731,600000,34.6667
25.227450668,600000,32.8767
25.411635564,600000,30
25.597215876,600000,31.9444
25.780448376,600000,28.9855
25.964484001,600000,31.4286
26.149586032,600000,30
26.333793220,600000,32.8767
26.517322907,600000,32.8767
26.701600719,600000,28.9855
26.886228376,600000,32.8767
27.068003480,600000,33.3333
27.259261396,600000,30.137
27.443542490,600000,31.9444
27.632507698,600000,31.5068
27.815761657,600000,33.7838
27.998796240,600000,31.9444
28.183000823,600000,30
28.367387281,600000,32.8767
28.551530771,600000,28.9855
28.736912854,600000,31.9444
28.921946344,600000,31.9444
29.107265406,600000,31.9444
29.292518062,600000,30
29.477692281,600000,31.5068
29.663297958,600000,30.9859
29.848589052,600000,30.9859
30.038038479,600000,36.8421
30.227125301,600000,34.6667
30.412212176,600000,30.9859
30.601475145,600000,32.8947
30.785162645,600000,31.9444
30.968287541,600000,32.3944
31.153962228,600000,32.4324
31.338327749,600000,30
31.522563322,600000,31.4286
31.707553113,600000,33.3333
31.893649467,600000,30.9859
32.079710665,600000,30.9859
32.270476342,600000,31.5789
32.455306082,600000,33.7838
32.638657019,600000,31.9444
32.822973061,600000,30.9859
33.007303582,600000,31.9444
33.191669780,600000,30.9859
33.376854727,600000,31.9444
33.561062384,600000,31.9444
33.745217279,600000,35.5263
33.929989363,600000,30.9859
34.116149362,600000,36.4865
34.299584831,600000,31.9444
34.484983529,600000,31.9444
34.667805196,600000,30.9859
34.851030664,600000,30.9859
35.038194518,600000,35.1351
35.230896341,600000,34.6667
35.414760352,600000,32.3944
35.598230560,600000,31.9444
35.782452643,600000,30
35.967255508,600000,33.7838
36.151917695,600000,30
36.336897643,600000,30.5556
36.522974726,600000,30.9859
36.709740820,600000,30.5556
36.893968007,600000,32.8767
37.079400143,600000,30.9859
37.270181184,600000,32
37.455787642,600000,30.9859
37.639261705,600000,33.7838
37.825915351,600000,30.9859
38.010200767,600000,31.5068
38.195078944,600000,35.1351
38.378758632,600000,31.9444
38.565152902,600000,31.5068
38.748286913,600000,32.3944
38.932543944,600000,28.9855
39.116868058,600000,32.8767
39.301780350,600000,30.5556
39.487420506,600000,31.9444
39.673602485,600000,32.8767
39.858119569,600000,30.9859
40.046103214,600000,34.2466
40.234346391,600000,31.9444
40.418667589,600000,31.9444
40.602409516,600000,28.9855
40.787058943,600000,34.6667
40.972097589,600000,28.9855
41.157515974,600000,32.8767
41.342168683,600000,30.9859
41.526235349,600000,33.3333
41.711798110,600000,30.5556
41.897095089,600000,33.7838
42.081797068,600000,30.9859
42.271218839,600000,32.8947
42.455798838,600000,32.4324
42.639055401,600000,33.3333
42.823475713,600000,28.9855
43.008068786,600000,30.9859
43.192236078,600000,30
43.376336026,600000,32.8767
43.561031546,600000,30.9859
43.745925921,600000,32.8767
43.928245817,600000,32.8767
44.112977796,600000,30.4348
44.296188473,600000,34.6667
44.480123838,600000,31.9444
44.675618213,600000,36.8421
44.897300035,600000,57.4713
45.093908317,600000,36.3636
45.278061858,600000,31.9444
45.467554566,600000,34.6667
45.652827535,600000,30.9859
45.836416233,600000,34.2466
46.019399410,600000,32.8767
46.204197014,600000,32.8767
46.389159254,600000,30
46.574301910,600000,30.9859
46.759357066,600000,33.7838
46.944696128,600000,32.4324
47.128784618,600000,32.3944
47.314187430,600000,30.9859
47.498778732,600000,31.9444
47.684522534,600000,31.9444
47.869309722,600000,31.9444
48.056245659,600000,36
48.240127586,600000,31.9444
48.424738263,600000,32.3944
48.611473315,600000,30.5556
48.795843055,600000,33.3333
48.979130815,600000,32.8767
49.164239825,600000,31.9444
49.348579565,600000,31.9444
49.533435607,600000,30
49.725995919,600000,31.5789
49.908728888,600000,30.9859
50.105326596,600000,36
50.288449200,600000,30.9859
50.471661596,600000,30.4348
50.655399981,600000,34.6667
50.838545971,600000,31.9444
51.022419096,600000,30.9859
51.207330241,600000,33.7838
51.391315137,600000,31.4286
51.575793470,600000,31.9444
51.761460814,600000,32.8767
51.945317793,600000,34.6667
52.129174876,600000,31.9444
52.312598522,600000,28.9855
52.496338366,600000,32.8767
52.686947220,600000,35.1351
52.870206595,600000,31.9444
53.054545657,600000,32.8767
53.238240449,600000,32.3944
53.422928938,600000,30.5556
53.607255293,600000,32.8767
53.790984720,600000,30.4348
53.976675813,600000,32.4324
54.160791959,600000,32.8767
54.344975292,600000,33.3333
54.528873678,600000,30.9859
54.716301750,600000,34.2105
54.901331594,600000,32.8767
55.099160552,600000,34.6667
55.283609146,600000,30.5556
55.467546854,600000,32.3944
55.652799979,600000,29.5775
55.836960135,600000,32.8767
56.021772219,600000,30.9859
56.207783052,600000,31.9444
56.392835708,600000,30
56.577408052,600000,33.7838
56.762458885,600000,30.9859
56.947382166,600000,34.6667
57.131346072,600000,28.9855
57.315343624,600000,32.8767
57.499278208,600000,32.8767
57.683928676,600000,32.8767
57.867903624,600000,30.9859
58.052265708,600000,30.9859
58.236933312,600000,34.2466
58.421399041,600000,30.5556
58.606544561,600000,33.7838
58.789402270,600000,34.2466
58.973357634,600000,30.9859
59.158511749,600000,32.8767
59.342708415,600000,30.9859
59.526682790,600000,33.3333
59.709992894,600000,33.7838
59.894167582,600000,30.9859
60.088755134,600000,35.1351
60.277500603,600000,29.1667
60.462736123,600000,29.5775
60.652295446,600000,32.4324
60.837238206,600000,33.7838
61.023346696,600000,28.5714
61.208344560,600000,32.8767
61.394820342,600000,32.4324
61.577915290,600000,31.4286
61.764340081,600000,31.5068
61.948434404,600000,30.9859
62.134764352,600000,31.9444
62.318625706,600000,31.9444
62.503060966,600000,30
62.687044143,600000,33.7838
62.873039716,600000,28.9855
63.057172112,600000,32.8767
63.242485445,600000,28.9855
63.427437737,600000,33.3333
63.613652841,600000,30.9859
63.797693674,600000,30.9859
63.983133726,600000,30.9859
64.168051434,600000,31.9444
64.352546434,600000,30
64.537058674,600000,34.6667
64.721740913,600000,30.9859
64.907148205,600000,33.3333
65.099977840,600000,36.4865
65.290177684,600000,32.4324
65.475763048,600000,33.3333
65.659819246,600000,30.9859
65.845500496,600000,31.9444
66.028657111,600000,31.9444
66.213814923,600000,30
66.399079923,600000,30.5556
66.585326173,600000,32.8767
66.772066902,600000,32.4324
66.958096017,600000,32.8767
67.143745183,600000,31.5068
67.329928100,600000,30
67.512738829,600000,29.4118
67.698616589,600000,32.4324
67.883038568,600000,30.9859
68.069059818,600000,31.5068
68.253600079,600000,34.2466
68.439275026,600000,31.9444
68.625878203,600000,32.4324
68.808487266,600000,30.9859
68.994855183,600000,30.9859
69.177870287,600000,31.9444
69.363373828,600000,30
69.548742214,600000,30.5556
69.733945651,600000,32.3944
69.918886276,600000,30.5556
70.112540859,600000,35.6164
70.301125338,600000,32.4675
70.486158203,600000,33.7838
70.668672786,600000,32.3944
70.855049401,600000,31.5068
71.037566536,600000,32.3944
71.222432317,600000,31.9444
71.408117213,600000,32.8767
71.592736848,600000,30
71.777775129,600000,31.5068
71.964373254,600000,31.9444
72.149177942,600000,31.5068
72.332865858,600000,28.3582
72.517860181,600000,31.5068
72.708832733,600000,36.8421
72.892599973,600000,30.9859
73.076577004,600000,33.7838
73.260706170,600000,32.8767
73.445126170,600000,33.3333
73.628667368,600000,30.9859
73.812130441,600000,30.9859
73.996761795,600000,32.8767
74.181659399,600000,31.9444
74.366486326,600000,33.7838
74.550305597,600000,31.9444
74.734744243,600000,34.2466
74.918755076,600000,31.9444
75.118749555,600000,34.6154
75.302293201,600000,29.4118
75.486213618,600000,33.7838
75.679280805,600000,35.5263
75.864727888,600000,31.5068
76.048674242,600000,30.9859
76.231851169,600000,30.4348
76.416559451,600000,32.8767
76.600192263,600000,32.8767
76.785113252,600000,32.8767
76.969870440,600000,32.8767
77.158530388,600000,30.137
77.343946429,600000,30.9859
77.528184815,600000,32.8767
77.712090752,600000,30
77.896151377,600000,32.8767
78.079902679,600000,30.9859
78.264467731,600000,31.9444
78.448450231,600000,31.9444
78.634537991,600000,30
78.818164398,600000,32.3944
79.002844918,600000,30.5556
79.187643772,600000,33.7838
79.371964866,600000,30
79.556477053,600000,33.7838
79.740505387,600000,31.9444
79.925080178,600000,32.8767
80.123721220,600000,34.6667
80.307807366,600000,31.9444
80.493159709,600000,30
80.677517105,600000,33.7838
80.860443980,600000,30.9859
81.045401167,600000,32.8767
81.228537990,600000,32.3944
81.414648303,600000,30.5556
81.598149344,600000,32.8767
81.787829657,600000,29.5775
81.972865490,600000,30
82.157168563,600000,33.7838
82.342446792,600000,28.5714
82.526700542,600000,32.8767
82.711208094,600000,32.8767
82.897063823,600000,32.8767
83.081588510,600000,30
83.267359396,600000,36.3636
83.451955125,600000,28.9855
83.636576271,600000,31.9444
83.820491010,600000,32.8767
84.005664083,600000,33.3333
84.188296739,600000,31.4286
84.372905020,600000,30.9859
84.557692572,600000,30.9859
84.745220333,600000,35.0649
84.929783822,600000,30
85.124210437,600000,36.8421
85.307973145,600000,30.9859
85.491482260,600000,30.4348
85.675547468,600000,33.7838
85.860431530,600000,30
86.045546009,600000,34.2105
86.230887572,600000,33.3333
86.415700436,600000,33.7838
86.599551374,600000,30.9859
86.783590488,600000,30.9859
86.967981478,600000,30.9859
87.152141113,600000,28.9855
87.336932571,600000,31.9444
87.521322675,600000,30.9859
87.708104030,600000,30.5556
87.891669134,600000,30.4348
88.076550748,600000,31.9444
88.261510644,600000,32.4324
88.446270436,600000,34.6667
88.629789498,600000,31.4286
88.813496269,600000,30
88.997730331,600000,32.8767
89.182980956,600000,30.9859
89.368911737,600000,30.5556
89.555020383,600000,30.9859
89.740951477,600000,29.5775
89.927656529,600000,31.5068
90.129593404,600000,35.443
90.314348716,600000,31.9444
90.498906216,600000,30.9859
90.684554497,600000,31.9444
90.868322570,600000,31.9444
91.051964914,600000,30.9859
91.236249705,600000,33.7838
91.420404705,600000,30.9859
91.605103507,600000,33.7838
91.789272570,600000,30.9859
91.974197986,600000,30.9859
92.160234549,600000,31.9444
92.344694444,600000,32.8767
92.528523455,600000,31.9444
92.723407465,600000,30.5556
92.906482205,600000,36
93.091873402,600000,30.5556
93.277121840,600000,32.8767
93.463273819,600000,29.5775
93.649058819,600000,31.9444
93.833200121,600000,31.9444
94.019698454,600000,34.2466
94.203929808,600000,31.9444
94.389435329,600000,30.9859
94.575317152,600000,31.9444
94.758708558,600000,32.8767
94.944810016,600000,31.5068
95.145533454,600000,37.5
95.328361683,600000,30.9859
95.514336110,600000,30.5556
95.698939339,600000,31.9444
95.882502933,600000,30
96.066986526,600000,31.9444
96.249725693,600000,34.7222
96.433525485,600000,30.9859
96.618248609,600000,31.9444
96.803349026,600000,30.9859
96.988106318,600000,31.9444
97.172069182,600000,30
97.356945068,600000,33.7838
97.541864651,600000,31.9444
97.726371422,600000,33.7838
97.910305640,600000,30.9859
98.094971682,600000,31.9444
98.279249182,600000,32.8767
98.463968140,600000,31.9444
98.648325952,600000,30.9859
98.832571004,600000,30
99.017631525,600000,33.7838
99.202006994,600000,30
99.387077358,600000,32.8767
99.571470796,600000,30
99.760257410,600000,30.137
99.944899129,600000,32.8767
100.137584285,600000,35.6164
100.320556316,600000,30.9859
100.505051629,600000,31.9444
100.688746368,600000,30.9859
100.872626264,600000,30.4348
101.057869493,600000,33.3333
101.246389337,600000,35.0649
101.431439597,600000,31.9444
101.615326108,600000,33.7838
101.798476785,600000,32.8767
101.983050014,600000,31.9444
102.167001107,600000,33.7838
102.351244805,600000,30
102.535932878,600000,32.8767
102.724670274,600000,34.2105
102.908415951,600000,31.9444
103.093349857,600000,30.9859
103.278614232,600000,30.9859
103.462854024,600000,30
103.648008763,600000,32.4324
103.832512565,600000,30.9859
104.016100117,600000,34.2466
104.202173971,600000,32.4324
104.386706732,600000,32.8767
104.571460117,600000,31.9444
104.757146679,600000,32.8767
104.941174440,600000,28.9855
105.135163033,600000,35.1351
105.319559179,600000,31.9444
105.503766783,600000,30.9859
105.692187304,600000,30.5556
105.880236210,600000,32.8767
106.064428918,600000,33.7838
106.248151106,600000,31.4286
106.431550220,600000,30
106.616513449,600000,34.2466
106.800592564,600000,32.8767
106.984878918,600000,32.8767
107.169557772,600000,33.7838
107.353965585,600000,31.9444
107.539316626,600000,30
107.723328345,600000,31.9444
107.908264959,600000,30.9859
108.092125688,600000,28.9855
108.276919959,600000,32.8767
108.460509386,600000,31.9444
108.645387667,600000,32.8767
108.830683813,600000,30.9859
109.015642303,600000,33.7838
109.199281209,600000,30.9859
109.383898761,600000,31.9444
109.567748032,600000,30.9859
109.751232146,600000,30
109.935474490,600000,34.2466
110.127746469,600000,36
110.313341365,600000,31.9444
110.498301260,600000,33.7838
110.682306573,600000,31.9444
110.865935844,600000,32.8767
111.049292406,600000,33.3333
111.233091260,600000,30
111.416559073,600000,32.8767
111.601958343,600000,32.8767
111.787357250,600000,32.8767
111.972272249,600000,30.9859
112.156110114,600000,35.1351
112.339127458,600000,31.9444
112.523058864,600000,30
112.719258395,600000,32.8947
112.903735322,600000,30.9859
113.087737509,600000,30.9859
113.271794853,600000,31.4286
113.457172093,600000,34.6667
113.641095009,600000,30.9859
113.825830061,600000,33.7838
114.009947665,600000,32.8767
114.194295530,600000,30.9859
114.378515999,600000,30.9859
114.562499176,600000,31.9444
114.746443394,600000,34.2466
114.930390373,600000,30.5556
115.117528967,600000,36.4865
115.307897144,600000,31.9444
115.491186623,600000,28.9855
115.675801779,600000,32.8767
115.858964123,600000,31.4286
116.042220894,600000,30
116.228565529,600000,30
116.413175737,600000,30
116.598145894,600000,31.9444
116.783226935,600000,31.9444
116.967569227,600000,32.8767
117.152686466,600000,30.9859
117.336446570,600000,31.9444
117.519800997,600000,31.4286
117.705974695,600000,30.9859
117.889494539,600000,31.9444
118.073942143,600000,30.9859
118.258449174,600000,31.9444
118.442811934,600000,30.9859
118.627100372,600000,32.8767
118.810721570,600000,30.9859
118.995215372,600000,32.8767
119.180763236,600000,32.8767
119.363712195,600000,31.9444
119.548482924,600000,30.9859
119.733070319,600000,30
119.916546049,600000,32.8767
120.100680059,600000,31.4286
120.295353600,600000,38.4615
120.478273861,600000,32.8767
120.666502142,600000,31.5068
120.851618600,600000,30.9859
121.036378183,600000,32.8767
121.220924746,600000,32.8767
121.405147558,600000,32.8767
121.590306569,600000,32.8767
121.775210006,600000,31.9444
121.958508964,600000,32.8767
122.146108443,600000,30.5556
122.336253808,600000,29.1667
122.520261152,600000,30.9859
122.706887089,600000,31.5068
122.891396047,600000,30.9859
123.077302245,600000,32.8767
123.263818651,600000,29.5775
123.449803703,600000,30.5556
123.635533026,600000,34.6667
123.819037193,600000,33.3333
124.004866099,600000,31.5068
124.188013339,600000,30.9859
124.373520370,600000,31.9444
124.558393338,600000,31.9444
124.745405474,600000,32.4324
124.927753703,600000,34.2466
125.114658078,600000,31.9444
125.308842869,600000,35.5263
125.491973390,600000,31.4286
125.677011046,600000,31.9444
125.862689796,600000,30.5556
126.047688129,600000,33.7838
126.232316619,600000,30.9859
126.417386411,600000,33.7838
126.603686931,600000,30.5556
126.790322088,600000,28.9855
126.975198546,600000,31.5068
127.158379900,600000,32.3944
127.344363129,600000,31.5068
127.529909327,600000,29.5775
127.713336827,600000,31.4286
127.897808233,600000,31.9444
128.082970889,600000,30.5556
128.268311827,600000,32.3944
128.455059639,600000,31.5068
128.638333441,600000,32.8767
128.824581774,600000,31.9444
129.008240003,600000,31.9444
129.192322243,600000,32.8767
129.375320837,600000,36
129.558021670,600000,30.9859
129.743752347,600000,32.8767
129.926923545,600000,32.3944
130.111133024,600000,31.9444
130.304698701,600000,37.6623
130.487593649,600000,32.3944
130.672142607,600000,30.9859
130.857304117,600000,32.4324
131.041945315,600000,30
131.228380784,600000,31.9444
131.411690575,600000,30
131.597782867,600000,32.8767
131.783680419,600000,30.5556
131.970396565,600000,29.5775
132.156014013,600000,33.7838
132.338988440,600000,31.9444
132.524404846,600000,31.9444
132.718857867,600000,37.9747
132.905478023,600000,32.8767
133.088205835,600000,34.6667
133.275141929,600000,31.5068
133.458176981,600000,30.9859
133.645212554,600000,32.8767
133.828961772,600000,31.9444
134.015253231,600000,32.4324
134.199146772,600000,32.3944
134.383773803,600000,30.9859
134.569076616,600000,30.5556
134.755685678,600000,32.8767
134.939315834,600000,30.9859
135.127094741,600000,36
135.317664220,600000,33.7838
135.501261043,600000,30.9859
135.689720470,600000,30.5556
135.874999897,600000,32.8767
136.058381511,600000,31.9444
136.247480105,600000,32.8767
136.431388855,600000,30.9859
136.618285365,600000,31.5068
136.805779844,600000,33.7838
136.989458073,600000,31.9444
137.174837552,600000,33.7838
137.358277709,600000,31.4286
137.542551979,600000,30.9859
137.726524219,600000,34.6667
137.910424844,600000,30.9859
138.095128021,600000,32.8767
138.278194948,600000,30.9859
138.461568906,600000,30
138.646745781,600000,35.1351
138.831352552,600000,30
139.016576718,600000,33.3333
139.200182031,600000,31.4286
139.384427343,600000,30.9859
139.567914531,600000,31.9444
139.752210103,600000,30.9859
139.937703958,600000,34.6667
140.122612343,600000,30.9859
140.315821770,600000,38.961
140.499168541,600000,32.8767
140.683870572,600000,30
140.870813488,600000,30.5556
141.055751561,600000,33.7838
141.239463124,600000,31.9444
141.423548592,600000,33.3333
141.607788749,600000,30.9859
141.792884373,600000,31.9444
141.976273957,600000,34.2466
142.159987811,600000,30.9859
142.344610050,600000,33.7838
142.528431821,600000,30.9859
142.712773175,600000,30
142.898594477,600000,31.5068
143.083094581,600000,30.9859
143.269925363,600000,30
143.455322602,600000,32.8767
143.639309789,600000,32.8767
143.824346560,600000,31.9444
144.008944893,600000,31.9444
144.194668331,600000,31.5068
144.378561352,600000,28.9855
144.563836143,600000,31.9444
144.750716404,600000,30.9859
144.934809893,600000,32.8767
145.119004893,600000,33.7838
145.310743643,600000,37.3333
145.494904632,600000,33.3333
145.678001299,600000,30.9859
145.862279945,600000,30.9859
146.046236143,600000,33.7838
146.235145309,600000,34.2105
146.419587653,600000,32.8767
146.604748330,600000,31.9444
146.789056976,600000,30.9859
146.973729476,600000,31.9444
147.157554476,600000,31.9444
147.342230882,600000,31.9444
147.526837496,600000,31.9444
147.712558798,600000,30.9859
147.897156350,600000,33.7838
148.080159423,600000,30
148.264429684,600000,32.8767
148.448224058,600000,31.4286
148.631444110,600000,30
148.817143850,600000,32.3944
149.001416298,600000,30.5556
149.190037964,600000,32.4324
149.373981975,600000,31.9444
149.558707808,600000,31.9444
149.742892131,600000,30
149.927293797,600000,32.8767
150.110844162,600000,30.4348
150.305870360,600000,38.4615
150.489323068,600000,30.9859
150.675676245,600000,31.9444
150.859244839,600000,32.8767
151.045347860,600000,31.9444
151.228821037,600000,31.9444
151.413863849,600000,30.9859
151.598434005,600000,30.9859
151.782715359,600000,30
151.967619682,600000,31.5068
152.152283692,600000,32.8767
152.337085724,600000,35.1351
152.521512234,600000,30.9859
152.705646921,600000,34.2466
152.897982494,600000,34.2105
153.081704109,600000,30
153.266114890,600000,32.8767
153.449308588,600000,31.9444
153.635106400,600000,32.8767
153.819836296,600000,33.7838
154.005872963,600000,33.8028
154.189205150,600000,32.8767
154.390044004,600000,44.1558
154.575401869,600000,33.7838
154.759162285,600000,31.9444
154.944319108,600000,31.9444
155.129144160,600000,30.9859
155.330736972,600000,33.7662
155.516308691,600000,31.5068
155.701362233,600000,30.9859
155.886464004,600000,32.8767
156.071464108,600000,30.9859
156.256736243,600000,32.4324
156.442397493,600000,31.9444
156.627153222,600000,35.5263
156.815457753,600000,34.6667
156.999634628,600000,31.9444
157.185648847,600000,32.8767
157.368998638,600000,30.9859
157.555332753,600000,32.4324
157.738014159,600000,32.3944
157.923579367,600000,32.8767
158.108530461,600000,31.5068
158.293510565,600000,34.2466
158.477726190,600000,30.9859
158.663814263,600000,32.4324
158.855466242,600000,31.5789
159.037821346,600000,34.2466
159.222050356,600000,30
159.407172596,600000,33.3333
159.593453117,600000,30.9859
159.779469731,600000,31.5068
159.965455044,600000,32.8767
160.151486658,600000,33.3333
160.346026814,600000,34.2105
160.529848064,600000,30.9859
160.714362127,600000,30.9859
160.900138793,600000,30.9859
161.085417647,600000,33.7838
161.270116501,600000,31.4286
161.453544106,600000,33.7838
161.638262595,600000,30.9859
161.822282908,600000,30
162.006678949,600000,33.7838
162.190256866,600000,31.9444
162.374560564,600000,31.9444
162.558769886,600000,30
162.744403845,600000,32.3944
162.928845772,600000,30.9859
163.113461449,600000,30.9859
163.298575407,600000,31.5068
163.483550615,600000,31.9444
163.668596501,600000,30
163.853882490,600000,30
164.038684313,600000,31.9444
164.227979000,600000,31.5068
164.411478479,600000,30
164.596057802,600000,32.8767
164.782452698,600000,31.9444
164.969319104,600000,33.7838
165.159124729,600000,36.7089
165.349657281,600000,32.3944
165.535322594,600000,32.4324
165.720542177,600000,32.8767
165.905994729,600000,32.8767
166.088944156,600000,31.9444
166.274174989,600000,30
166.465428687,600000,32.4324
166.650049364,600000,30.9859
166.834948687,600000,32.8767
167.017881551,600000,33.3333
167.205911603,600000,32.4324
167.389904312,600000,31.9444
167.576242124,600000,31.5068
167.762016447,600000,30.9859
167.947373739,600000,31.5068
168.132931238,600000,30.9859
168.317965770,600000,31.9444
168.504892905,600000,32.4324
168.688982905,600000,30.9859
168.882809728,600000,32.4675
169.068431655,600000,30.9859
169.254402592,600000,30.9859
169.437212123,600000,33.7838
169.623403269,600000,28.5714
169.809012852,600000,31.9444
169.995086915,600000,30.5556
170.189459415,600000,37.6623
170.373730300,600000,31.4286
170.558435925,600000,30.5556
170.744437696,600000,31.9444
170.929117175,600000,30.5556
171.114639362,600000,31.9444
171.297387591,600000,33.3333
171.483222591,600000,29.5775
171.668327279,600000,32.4324
171.855063216,600000,33.7838
172.037648320,600000,33.3333
172.223839101,600000,30.5556
172.410055976,600000,31.5068
172.595281758,600000,32.8767
172.785881497,600000,37.6623
172.970449101,600000,33.3333
173.156401757,600000,31.5068
173.341434257,600000,31.9444
173.527703059,600000,31.9444
173.713057851,600000,30.5556
173.903387174,600000,32
174.088492538,600000,31.9444
174.275142226,600000,31.5068
174.457698007,600000,34.2466
174.643821601,600000,30.5556
174.828470455,600000,31.4286
175.013853788,600000,30.5556
175.208529465,600000,36
175.392257434,600000,32.3944
175.576200871,600000,33.7838
175.759785142,600000,30.9859
175.943748319,600000,30.9859
176.127456704,600000,32.8767
176.312900610,600000,32.8767
176.496464985,600000,32.3944
176.680824256,600000,30.9859
176.869952381,600000,29.5775
177.055734204,600000,33.7838
177.239445193,600000,33.3333
177.424363787,600000,32.8767
177.608853683,600000,30.9859
177.793050454,600000,31.4286
177.976565766,600000,32.8767
178.162287537,600000,31.9444
178.346596339,600000,32.8767
178.529482120,600000,32.3944
178.713842693,600000,31.9444
178.898471182,600000,30.5556
179.081958786,600000,31.4286
179.266851859,600000,31.9444
179.451335922,600000,30.9859
179.635655453,600000,33.7838
179.819330192,600000,30.9859
180.003211182,600000,31.9444
180.200401026,600000,37.1795
180.384891494,600000,32.8767
180.568723630,600000,30.9859
180.755390869,600000,31.9444
180.942472275,600000,30
181.127713265,600000,33.7838
181.311560817,600000,28.9855
181.496350400,600000,35.5263
181.680866285,600000,35.1351
181.866278108,600000,33.3333
182.049426389,600000,31.4286
182.237169983,600000,31.5068
182.422079098,600000,29.5775
182.606993264,600000,32.8767
182.791153108,600000,30.9859
182.976013056,600000,31.9444
183.161005295,600000,31.9444
183.345473212,600000,34.6667
183.529299930,600000,33.7838
183.715205712,600000,34.2466
183.899356128,600000,33.7838
184.085038628,600000,32.8767
184.269161545,600000,30.9859
184.453133472,600000,28.9855
184.637675399,600000,32.8767
184.823262013,600000,32.8767
185.009619305,600000,33.3333
185.200185034,600000,36.9863
185.385412013,600000,34.6667
185.568975190,600000,31.9444
185.753838575,600000,31.9444
185.938005242,600000,30.9859
186.122021804,600000,30.9859
186.306602325,600000,32.8767
186.490842169,600000,30.9859
186.675463419,600000,33.7838
186.860082846,600000,32.3944
187.045527012,600000,33.3333
187.229915450,600000,30.9859
187.414758471,600000,33.7838
187.598879616,600000,30.9859
187.783669356,600000,30.9859
187.968772377,600000,31.9444
188.153824981,600000,30.5556
188.340191543,600000,30.9859
188.523910762,600000,32.3944
188.707916491,600000,30.9859
188.894919408,600000,31.9444
189.080292220,600000,31.4286
189.263379616,600000,31.9444
189.447904668,600000,31.5068
189.632022845,600000,31.4286
189.817231699,600000,34.6667
190.001023261,600000,31.9444
190.187781126,600000,36.4865
190.377539563,600000,34.6667
190.561745969,600000,30
190.746423157,600000,32.8767
190.930519980,600000,31.9444
191.114804146,600000,32.8767
191.299371178,600000,30.9859
191.483820136,600000,31.9444
191.668276334,600000,31.4286
191.852061490,600000,31.9444
192.036109511,600000,33.7838
192.221142844,600000,30.9859
192.406397896,600000,32.4324
192.589778990,600000,31.4286
192.779870604,600000,36.8421
192.968311437,600000,30.5556
193.155774979,600000,33.7838
193.340703468,600000,30
193.525152218,600000,32.8767
193.708625187,600000,31.9444
193.893772479,600000,30.9859
194.079952531,600000,30.9859
194.265156697,600000,31.9444
194.448771801,600000,30.9859
194.633573676,600000,30.9859
194.817222062,600000,36
195.000881228,600000,30
195.187675759,600000,35.0649
195.380427895,600000,32.3944
195.564768728,600000,32.8767
195.751384561,600000,31.9444
195.935944926,600000,32.8767
196.119673155,600000,32.8767
196.303450394,600000,31.9444
196.487552113,600000,31.9444
196.678765603,600000,32.4324
196.865146540,600000,34.2466
197.051557894,600000,30.9859
197.237656748,600000,33.7838
197.423294873,600000,31.4286
197.609882008,600000,32.4324
197.794873988,600000,31.4286
197.980479040,600000,30.9859
198.165422894,600000,33.7838
198.348286071,600000,33.3333
198.532398206,600000,30.9859
198.717729612,600000,34.6667
198.901795602,600000,30
199.086270081,600000,33.7838
199.269085654,600000,32.3944
199.454252268,600000,30.5556
199.638291799,600000,33.3333
199.823078987,600000,30.9859
200.006122945,600000,33.3333
200.190756174,600000,35.1351
200.385249768,600000,36.3636
200.569007059,600000,30.9859
200.754669716,600000,32.8767
200.938728830,600000,30.9859
201.125503570,600000,31.4286
201.314492580,600000,33.7838
201.502619819,600000,32.8767
201.689203153,600000,32.4324
201.877404090,600000,31.9444
202.062617267,600000,30
202.247387059,600000,34.6667
202.432809871,600000,29.5775
202.617545652,600000,31.9444
202.801950809,600000,30
202.986732788,600000,31.9444
203.172575392,600000,31.9444
203.358361485,600000,32.8767
203.544852735,600000,30.5556
203.728154246,600000,33.3333
203.913223673,600000,30.5556
204.098102787,600000,31.9444
204.283202266,600000,30.9859
204.468648516,600000,30.5556
204.653576641,600000,31.9444
204.840806433,600000,28.5714
205.026650651,600000,36
205.220851901,600000,37.3333
205.406821224,600000,33.7838
205.592557110,600000,33.3333
205.776361380,600000,32.8767
205.962428724,600000,33.7838
206.151339453,600000,30.5556
206.340237213,600000,31.5068
206.526056380,600000,35.5263
206.714551797,600000,30.5556
206.898946901,600000,31.9444
207.083699765,600000,30.9859
207.268313776,600000,30
207.452615442,600000,30.9859
207.636716640,600000,33.7838
207.822053984,600000,32.8767
208.007533932,600000,32.8767
208.193549504,600000,32.4324
208.378486067,600000,31.9444
208.564448411,600000,31.9444
208.748498931,600000,30.9859
208.932921379,600000,30.5556
209.120971744,600000,30.9859
209.312565650,600000,28.5714
209.497493306,600000,31.9444
209.684611587,600000,31.9444
209.868860650,600000,32.8767
210.055646014,600000,32.8767
210.252336066,600000,35.1351
210.437053045,600000,34.6667
210.620331118,600000,31.9444
210.807632941,600000,30
210.990780597,600000,31.9444
211.175067472,600000,33.3333
211.359350909,600000,31.9444
211.544462264,600000,30.5556
211.728124138,600000,30.4348
211.913477420,600000,30.5556
212.098810024,600000,30.9859
212.287722159,600000,29.5775
212.472672628,600000,29.5775
212.656483305,600000,33.7838
212.839747576,600000,31.4286
213.024958565,600000,32.4324
213.208332523,600000,30.4348
213.401189919,600000,33.7838
213.586785023,600000,31.9444
213.777591794,600000,33.3333
213.963872888,600000,33.3333
214.153603825,600000,33.7838
214.338895023,600000,31.9444
214.525627367,600000,33.7838
214.710461794,600000,30.9859
214.894921846,600000,31.9444
215.079098356,600000,30.9859
215.273097887,600000,35.6164
215.458038043,600000,32.8767
215.641235647,600000,30
215.826681324,600000,32.8767
216.010698043,600000,32.8767
216.195086481,600000,32.8767
216.378160803,600000,32.8767
216.564906116,600000,31.5068
216.750985491,600000,31.9444
216.936094970,600000,32.8767
217.119597261,600000,32.8767
217.304522991,600000,32.8767
217.492683511,600000,32.3944
217.682151897,600000,30.9859
217.867099605,600000,34.2466
218.052762001,600000,32.8571
218.240692261,600000,34.2466
218.427565178,600000,32.8767
218.611733146,600000,30.9859
218.796591948,600000,32.8767
218.981210334,600000,31.9444
219.166298563,600000,34.6667
219.350301740,600000,31.9444
219.534534761,600000,33.7838
219.719413979,600000,31.9444
219.903071479,600000,30
220.087201739,600000,32.8767
220.283861219,600000,35.5263
220.467425281,600000,33.3333
220.657205333,600000,29.1667
220.841415958,600000,28.9855
221.026088666,600000,32.8767
221.209703510,600000,34.2466
221.395025333,600000,32.4324
221.579908353,600000,31.9444
221.764642051,600000,32.8767
221.948339812,600000,33.7838
222.137315957,600000,32.8767
222.322240332,600000,30.9859
222.506432728,600000,34.2466
222.691131582,600000,30.9859
222.878043561,600000,31.9444
223.064879551,600000,32.8767
223.252208665,600000,31.9444
223.439929290,600000,30.9859
223.625763821,600000,33.7838
223.811030696,600000,28.9855
223.996582207,600000,32.3944
224.183015332,600000,31.5068
224.371389082,600000,31.9444
224.558357363,600000,32.8767
224.745331009,600000,33.7838
224.929550904,600000,31.9444
225.113606217,600000,34.2466
225.309431737,600000,35.5263
225.493390644,600000,31.4286
225.682000019,600000,33.3333
225.867576685,600000,33.3333
226.052400018,600000,30.5556
226.237446633,600000,31.9444
226.422780435,600000,30
226.605917310,600000,32.8767
226.789374393,600000,33.3333
226.979415435,600000,31.5068
227.163465643,600000,32.3944
227.350477830,600000,30.5556
227.535161060,600000,32.8767
227.721337778,600000,30.4348
227.909741841,600000,30.5556
228.093571841,600000,31.4286
228.279212413,600000,31.9444
228.464271372,600000,32.8767
228.649899705,600000,30.9859
228.840893819,600000,31.5068
229.027536215,600000,32.4324
229.213230746,600000,31.9444
229.400082257,600000,32.8767
229.585843975,600000,33.3333
229.771881580,600000,33.7838
229.959406840,600000,31.5068
230.145566163,600000,31.9444
230.345505954,600000,37.6623
230.529403923,600000,31.9444
230.720521787,600000,33.7662
230.905617517,600000,34.6667
231.088827152,600000,30.9859
231.272606214,600000,30
231.457028558,600000,34.2466
231.640997568,600000,31.9444
231.826196214,600000,35.5263
232.009183818,600000,31.4286
232.192576162,600000,30
232.376677568,600000,33.7838
232.559936162,600000,32.8767
232.743691422,600000,31.4286
232.927990016,600000,31.9444
233.117029339,600000,35.8974
233.305623089,600000,34.6667
233.489447307,600000,31.9444
233.677017359,600000,32.8767
233.866182672,600000,31.0811
234.054325953,600000,33.7838
234.240280588,600000,33.7838
234.426858921,600000,32.8767
234.612710432,600000,30.9859
234.804378348,600000,32.4324
234.989692567,600000,30
235.176826473,600000,30
235.377308609,600000,37.5
235.565522567,600000,33.3333
235.755417515,600000,32
235.941247254,600000,31.9444
236.127220327,600000,31.5068
236.312622931,600000,30.4348
236.497297514,600000,33.7838
236.684399650,600000,31.5068
236.869573296,600000,29.5775
237.055571473,600000,32.8767
237.238307879,600000,31.9444
237.425082462,600000,31.5068
237.608058608,600000,32.3944
237.794976889,600000,32.8767
237.978024493,600000,30.9859
238.162132045,600000,30
238.348222305,600000,32.4324
238.533912253,600000,31.9444
238.719314024,600000,30
238.906117982,600000,32.4324
239.098251784,600000,34.2105
239.288219440,600000,33.7838
239.481502357,600000,33.7838
239.675574440,600000,34.2105
239.862922826,600000,31.4286
240.053193607,600000,31.5068
240.241061784,600000,36
240.430693138,600000,31.9444
240.614809180,600000,32.8767
240.803182982,600000,31.5068
240.986916106,600000,33.3333
241.169914179,600000,31.9444
241.353785638,600000,30.9859
241.538138763,600000,30.9859
241.722202617,600000,31.9444
241.906074075,600000,34.2466
242.089563085,600000,32.8767
242.278200689,600000,30.5556
242.461720221,600000,30
242.645926158,600000,32.8767
242.829052668,600000,31.4286
243.013197147,600000,29.5775
243.198060376,600000,32.8767
243.382797564,600000,30
243.568138293,600000,31.4286
243.756439699,600000,32.8767
243.942032095,600000,31.9444
244.128786001,600000,35.5263
244.315692980,600000,33.3333
244.503738293,600000,30.5556
244.692043345,600000,30.9859
244.879278397,600000,30.9859
245.064653917,600000,31.9444
245.259236001,600000,38.961
245.446070167,600000,33.7838
245.632231157,600000,30.9859
245.820485740,600000,32.4324
246.007805948,600000,36.3636
246.195715636,600000,34.6667
246.382357511,600000,30.5556
246.568264646,600000,31.9444
246.760448500,600000,31.5068
246.949275010,600000,31.5068
247.137779385,600000,34.6667
247.325439646,600000,32.8767
247.511454177,600000,31.5068
247.697630791,600000,31.9444
247.883316260,600000,30.9859
248.069650687,600000,31.9444
248.260953500,600000,31.5068
248.448424281,600000,31.9444
248.636290374,600000,34.2105
248.825077718,600000,32.8767
249.011146572,600000,30.9859
249.195371364,600000,33.7838
249.378917145,600000,31.9444
249.563340322,600000,30
249.747850374,600000,31.4286
249.931152301,600000,30.9859
250.115076780,600000,32.8767
250.309033603,600000,36.8421
250.493323447,600000,30
250.677163447,600000,31.9444
250.861341311,600000,30
251.046242873,600000,31.9444
251.232393030,600000,31.9444
251.415840530,600000,34.6667
251.599400790,600000,33.3333
251.783333186,600000,30.9859
251.967854019,600000,31.9444
252.156468029,600000,32.4324
252.343684540,600000,31.9444
252.538090425,600000,32.8947
252.729429956,600000,32.8767
252.922806206,600000,31.0811
253.113137091,600000,31.9444
253.305706883,600000,35.0649
253.499455841,600000,33.7662
253.691054383,600000,30.5556
253.881105685,600000,33.7838
254.070990529,600000,32.4324
254.265566258,600000,31.5068
254.451648185,600000,30
254.635929122,600000,33.7838
254.818717403,600000,32.3944
255.002984591,600000,30
255.188136986,600000,30.9859
255.384409070,600000,39.5062
255.567987872,600000,31.9444
255.753079538,600000,32.8767
255.937829070,600000,31.9444
256.122003392,600000,30
256.306758809,600000,33.7838
256.492292090,600000,34.6667
256.676680892,600000,31.9444
256.860175632,600000,33.7838
257.043623444,600000,32.3944
257.230129017,600000,31.5068
257.418390840,600000,31.4286
257.603474381,600000,29.5775
257.787421256,600000,34.2466
257.975949590,600000,33.7838
258.164943652,600000,36.3636
258.353225162,600000,30.5556
258.541716308,600000,30.5556
258.729520110,600000,32.3944
258.916438808,600000,32.4324
259.103572350,600000,31.9444
259.289336100,600000,32.8767
259.476530422,600000,32.8767
259.664859016,600000,32.4324
259.851425058,600000,30.9859
260.040173755,600000,30.9859
260.228397349,600000,34.2105
260.424244432,600000,33.8028
260.611341724,600000,30.9859
260.796956828,600000,34.6667
260.981547661,600000,31.4286
261.169687140,600000,34.2105
261.358918859,600000,31.5068
261.547648963,600000,33.3333
261.738261515,600000,33.7838
261.925689171,600000,32.8767
262.112026411,600000,30
262.298778025,600000,31.9444
262.484839588,600000,32.8767
262.669902244,600000,31.9444
262.854700109,600000,32.8767
263.038329952,600000,31.9444
263.222258077,600000,30.9859
263.408745942,600000,31.9444
263.593027452,600000,30
263.777377244,600000,33.7838
263.961236462,600000,30
264.145705837,600000,34.6667
264.329629795,600000,30.9859
264.513629587,600000,30
264.697935889,600000,31.9444
264.883319587,600000,30.9859
265.067709431,600000,31.9444
265.262790316,600000,31.0811
265.451620785,600000,32.3944
265.639642399,600000,30.5556
265.827635472,600000,34.6667
266.013795889,600000,30.9859
266.201225732,600000,30
266.389535211,600000,33.3333
266.577613232,600000,32.8767
266.766581565,600000,32.4324
266.955514638,600000,32.8767
267.142365784,600000,30.5556
267.330277190,600000,31.9444
267.521013648,600000,31.0811
267.707643336,600000,32.8767
267.898482763,600000,31.5068
268.085942242,600000,34.2105
268.272075627,600000,30.9859
268.466357138,600000,33.7662
268.658902294,600000,33.3333
268.850046356,600000,32.4324
269.041109325,600000,32.8767
269.232784221,600000,30.5556
269.421720783,600000,31.9444
269.607204012,600000,32.4324
269.792095991,600000,30
269.976773283,600000,31.9444
270.162410262,600000,30.5556
270.363138804,600000,35.0649
270.547842866,600000,32.8767
270.733010053,600000,30
270.917818908,600000,32.8767
271.103807814,600000,30
271.288269064,600000,30.5556
271.473817293,600000,30.9859
271.659570991,600000,30.9859
271.844731355,600000,31.5068
272.030027449,600000,30.9859
272.216288542,600000,33.3333
272.402334063,600000,31.9444
272.586676251,600000,33.7838
272.771926146,600000,32.8767
272.957057605,600000,32.4324
273.147990573,600000,33.7838
273.340040886,600000,31.9444
273.531139479,600000,33.3333
273.723774115,600000,31.5068
273.920904427,600000,32.8947
274.116558646,600000,34.6667
274.304194219,600000,32.4324
274.492039844,600000,31.9444
274.679430729,600000,31.9444
274.866915833,600000,33.3333
275.055208385,600000,30.9859
275.243064531,600000,30.5556
275.456290364,600000,38.5542
275.645016354,600000,32.4324
275.831826041,600000,30
276.020550260,600000,30.5556
276.207909218,600000,34.6667
276.396799478,600000,33.3333
276.582793801,600000,31.9444
276.770012447,600000,31.9444
276.955281874,600000,33.7838
277.140886405,600000,30.5556
277.327012863,600000,32.8767
277.511918697,600000,30.9859
277.696951665,600000,32.8767
277.881225780,600000,30.9859
278.066963905,600000,33.7838
278.251324790,600000,30.9859
278.437055311,600000,32.8767
278.621531769,600000,30.9859
278.807197655,600000,32.4324
278.991640571,600000,30
279.176028852,600000,33.7838
279.358762915,600000,31.4286
279.544832029,600000,34.6667
279.730360258,600000,30
279.921357237,600000,31.5068
280.108423956,600000,31.9444
280.305211821,600000,35.1351
280.491402602,600000,31.9444
280.678955831,600000,30.9859
280.866700258,600000,32.4324
281.053520570,600000,32.8767
281.242396820,600000,30.5556
281.430553539,600000,30.9859
281.618771508,600000,32.8767
281.804847914,600000,33.7838
281.993304424,600000,31.9444
282.178973226,600000,30.9859
282.365390257,600000,32.8767
282.553454789,600000,30.5556
282.739260153,600000,30
282.929965726,600000,30.5556
283.114460413,600000,31.4286
283.300325101,600000,30
283.486577392,600000,31.9444
283.672064371,600000,31.9444
283.858968798,600000,33.7838
284.045368278,600000,33.7838
284.230226350,600000,33.3333
284.423838173,600000,32.8947
284.612027236,600000,30.9859
284.800599371,600000,33.7838
284.989246194,600000,31.9444
285.177696715,600000,34.2466
285.377837965,600000,39.2405
285.569199423,600000,31.5068
285.759974683,600000,32.8767
285.951010256,600000,32.8767
286.143160881,600000,30.5556
286.333414266,600000,31.5068
286.523352183,600000,30.9859
286.715519422,600000,31.5068
286.905657599,600000,32.8767
287.097147860,600000,35.8974
287.291225516,600000,33.3333
287.485250099,600000,35.1351
287.676694057,600000,34.2105
287.862757339,600000,30
288.045977859,600000,33.7838
288.230515047,600000,31.9444
288.414733172,600000,31.9444
288.599327442,600000,30.9859
288.784762963,600000,32.8767
288.967885255,600000,32.3944
289.152015776,600000,30.9859
289.336591401,600000,32.8767
289.521145775,600000,31.5068
289.706158119,600000,33.7838
289.890462494,600000,30.9859
290.073670515,600000,33.3333
290.259160411,600000,31.9444
290.456454213,600000,36.3636
290.639533900,600000,31.9444
290.824894473,600000,31.9444
291.007511192,600000,31.9444
291.193221139,600000,30.9859
291.379270098,600000,32.8767
291.567549264,600000,32.4324
291.756271608,600000,34.6667
291.945767181,600000,34.6667
292.132883431,600000,30
292.318576139,600000,33.7838
292.505817129,600000,33.3333
292.694159264,600000,31.9444
292.879893743,600000,30.9859
293.066614316,600000,33.3333
293.252101243,600000,30.5556
293.443442128,600000,32.8767
293.630683951,600000,30.9859
293.816515357,600000,32.8767
294.003046607,600000,30.9859
294.189322128,600000,30.9859
294.378168378,600000,31.5068
294.565485878,600000,33.7838
294.752950305,600000,30.9859
294.938846919,600000,33.7838
295.124580096,600000,30.4348
295.325779002,600000,35.0649
295.512574679,600000,30.5556
295.701030096,600000,30
295.889380513,600000,33.3333
296.077253429,600000,31.9444
296.265859262,600000,29.5775
296.452731242,600000,30.9859
296.640018429,600000,32.8767
296.826488273,600000,32.8767
297.011992491,600000,30.9859
297.199106970,600000,30.5556
297.384972387,600000,32.3944
297.572732127,600000,30.5556
297.758848533,600000,33.3333
297.945589679,600000,36.3636
298.133693012,600000,31.5068
298.319397543,600000,30.9859
298.506842126,600000,31.9444
298.693834053,600000,32.4324
298.880038480,600000,30.9859
299.068642907,600000,30
299.255388480,600000,33.7838
299.442484105,600000,30.9859
299.628499209,600000,32.8767
299.815956188,600000,33.7838
300.002065042,600000,30.9859
300.189885303,600000,30.9859
300.394519417,600000,32
300.587290042,600000,33.3333
300.779200719,600000,33.7838
300.971067438,600000,30.5556
301.161301084,600000,30.5556
301.351347021,600000,30.9859
301.542704781,600000,32.4324
301.733702229,600000,30
301.923129000,600000,30.9859
302.108302802,600000,33.7838
302.293233583,600000,31.4286
302.476679000,600000,33.7838
302.660645041,600000,30.9859
302.844233895,600000,31.9444
303.028731552,600000,30.9859
303.213310093,600000,30.9859
303.397686604,600000,32.8767
303.582728687,600000,30
303.766405614,600000,34.2466
303.950021395,600000,35.1351
304.135134624,600000,33.3333
304.320039624,600000,30.9859
304.504765249,600000,30.9859
304.689349259,600000,31.9444
304.874576811,600000,32.8767
305.058897801,600000,30
305.243395405,600000,30.9859
305.448225144,600000,38.2716
305.637083634,600000,32.8767
305.825998217,600000,30.9859
306.015804103,600000,32.8767
306.205982019,600000,35.0649
306.393904311,600000,32.4324
306.579924519,600000,30.9859
306.770439311,600000,31.5068
306.959626602,600000,33.7838
307.148513737,600000,33.3333
307.335122852,600000,33.7838
307.520931967,600000,30.9859
307.708613841,600000,33.7838
307.895554675,600000,32.8767
308.082126706,600000,30.5556
308.271766497,600000,31.9444
308.459441758,600000,31.9444
308.646247956,600000,34.6667
308.832056497,600000,30.9859
309.019043945,600000,33.7838
309.206352018,600000,33.3333
309.390242747,600000,32.3944
309.577424518,600000,31.5068
309.762420872,600000,30.4348
309.949744778,600000,32.8767
310.139196028,600000,35.0649
310.338063163,600000,36.3636
310.526701184,600000,33.7838
310.713762799,600000,31.5068
310.900916340,600000,30
311.085806496,600000,32.8767
311.271701653,600000,31.4286
311.459720246,600000,31.9444
311.643836652,600000,32.3944
311.829090559,600000,30
312.015317434,600000,36
312.199623892,600000,31.9444
312.385262642,600000,32.8767
312.572024985,600000,31.9444
312.757945454,600000,32.8767
312.944905037,600000,34.2466
313.130909829,600000,30.5556
313.317457068,600000,34.2466
313.502099412,600000,30
313.688353839,600000,32.8767
313.874556756,600000,32.8767
314.060100245,600000,31.4286
314.246407329,600000,31.9444
314.439854360,600000,30.137
314.627256183,600000,33.7838
314.813280557,600000,32.8767
315.000409932,600000,31.5068
315.186879464,600000,32.3944
315.389641234,600000,38.2716
315.575550297,600000,32.8767
315.760414828,600000,32.8767
315.948673213,600000,34.2466
316.135522744,600000,31.9444
316.320925921,600000,30.9859
316.509629151,600000,31.9444
316.697265505,600000,33.3333
316.887722275,600000,32.8767
317.074720973,600000,33.7838
317.258593057,600000,30
317.446914879,600000,31.5068
317.638251233,600000,31.5068
317.822120296,600000,30
318.006095608,600000,32.8767
318.190568421,600000,32.8767
318.374730348,600000,31.9444
318.558840191,600000,31.9444
318.743714618,600000,31.9444
318.932357014,600000,30.5556
319.117331285,600000,34.6667
319.302707900,600000,29.5775
319.486608472,600000,32.8767
319.670539774,600000,33.3333
319.854385399,600000,32.8767
320.037171128,600000,33.7838
320.222537795,600000,28.9855
320.432460139,600000,33.3333
320.617422847,600000,34.6667
320.807910034,600000,34.6667
320.996362482,600000,35.1351
321.184385399,600000,31.9444
321.376035347,600000,30.9859
321.563959409,600000,32.8767
321.753958524,600000,33.7838
321.946703263,600000,35.0649
322.133159617,600000,33.3333
322.320439200,600000,30.9859
322.506472742,600000,34.6667
322.691030607,600000,30.9859
322.877654565,600000,31.9444
323.065864929,600000,33.7838
323.252432377,600000,30.9859
323.438552013,600000,33.3333
323.627274929,600000,34.2105
323.815799408,600000,32.4324
324.004171231,600000,31.9444
324.190372064,600000,30.9859
324.375888731,600000,32.8767
324.564325502,600000,33.7838
324.749043679,600000,30.9859
324.939367793,600000,32.4324
325.125994199,600000,35.5263
325.312773991,600000,33.3333
325.510793366,600000,32.4324
325.697282637,600000,31.9444
325.883160553,600000,31.9444
326.069339824,600000,34.6667
326.256586178,600000,31.9444
326.445280032,600000,33.7838
326.631203001,600000,33.7838
326.817661386,600000,33.7838
327.002476230,600000,31.9444
327.186769719,600000,33.3333
327.373614146,600000,36.3636
327.561768626,600000,30.5556
327.749265605,600000,33.7838
327.934782896,600000,34.2466
328.120842063,600000,31.9444
328.306349615,600000,34.2466
328.491002844,600000,32.8767
328.678510448,600000,33.7838
328.863069146,600000,32.3944
329.048626750,600000,31.9444
329.234604510,600000,32.8767
329.421678260,600000,30
329.608109041,600000,32.8767
329.794831698,600000,33.3333
329.980131958,600000,34.2466
330.167355031,600000,32.4324
330.366194562,600000,37.1795
330.555399301,600000,33.7838
330.741158676,600000,30.9859
330.930068885,600000,31.5068
331.115457791,600000,32.8767
331.300039353,600000,31.4286
331.489641749,600000,32.4324
331.680478936,600000,31.0811
331.866133936,600000,34.2466
332.053648988,600000,33.3333
332.239059665,600000,32.8767
332.423933676,600000,31.9444
332.609165394,600000,30.9859
332.793622113,600000,30.9859
332.978248519,600000,32.8767
333.163330186,600000,30.9859
333.348004509,600000,30.9859
333.533772217,600000,30.5556
333.718356279,600000,31.9444
333.902881227,600000,32.3944
334.089724248,600000,32.3944
334.273639040,600000,31.9444
334.458843987,600000,30.9859
334.650134560,600000,33.3333
334.841480914,600000,31.5068
335.032236956,600000,30.9859
335.222116643,600000,32.4324
335.425569977,600000,38.4615
335.619411591,600000,32.8947
335.810366539,600000,30.9859
336.000690601,600000,31.9444
336.192983935,600000,30.5556
336.385623466,600000,32.4324
336.576553362,600000,34.2105
336.767321539,600000,35.5263
336.957262424,600000,36
337.146210601,600000,36.3636
337.335623205,600000,32.8767
337.529548622,600000,34.6154
337.720327893,600000,30
337.910189351,600000,31.9444
338.100359611,600000,31.5068
338.289684038,600000,32.8767
338.476177163,600000,31.9444
338.662571850,600000,31.9444
338.850506902,600000,32.8767
339.036595652,600000,34.6667
339.224272215,600000,30.9859
339.410696850,600000,31.9444
339.598470861,600000,31.5068
339.785866694,600000,35.5263
339.972485079,600000,30
340.157769089,600000,32.8767
340.357052683,600000,35.0649
340.545410652,600000,34.2466
340.732012943,600000,30.9859
340.919929298,600000,31.5068
341.106216225,600000,33.7838
341.294671277,600000,31.9444
341.480686329,600000,30.5556
341.675265235,600000,36
341.860004401,600000,32.3944
342.046638047,600000,32.4324
342.234456120,600000,33.7838
342.422368099,600000,29.5775
342.609198203,600000,31.9444
342.794572682,600000,30.9859
342.978584661,600000,31.4286
343.162007109,600000,31.9444
343.346016588,600000,32.8767
343.529014817,600000,33.3333
343.712677005,600000,30
343.896900026,600000,33.7838
344.080933098,600000,30.9859
344.265477942,600000,34.6667
344.454488411,600000,30.5556
344.638094869,600000,31.9444
344.821772317,600000,30
345.005277994,600000,35.1351
345.188672265,600000,31.9444
345.388415546,600000,32.4324
345.581136952,600000,32.8947
345.768616900,600000,31.5068
345.959806744,600000,31.5068
346.147449452,600000,33.7838
346.334246900,600000,29.5775
346.520598775,600000,30
346.711271483,600000,30.5556
346.898911795,600000,31.5068
347.087176587,600000,32.8767
347.275362316,600000,32.4324
347.463822472,600000,32.8767
347.652266795,600000,31.5068
347.840858930,600000,35.1351
348.029688461,600000,32.8767
348.215524555,600000,31.5068
348.406159295,600000,32.4324
348.597772836,600000,34.2105
348.793952367,600000,31.0811
348.984833044,600000,30.5556
349.175760180,600000,32.8767
349.366370180,600000,35.5263
349.558808461,600000,35.8974
349.752141950,600000,31.0811
349.944702732,600000,30.5556
350.137052836,600000,34.2105
350.335589919,600000,35.0649
350.535260544,600000,34.2105
350.728369033,600000,36.7089
350.918794294,600000,33.3333
351.110248929,600000,31.9444
351.304770439,600000,30.137
351.498422939,600000,35.0649
351.690496273,600000,30.5556
351.885046220,600000,31.0811
352.078329710,600000,35.8974
352.269788929,600000,31.5068
352.460705439,600000,31.5068
352.653289970,600000,30.5556
352.844238147,600000,30.9859
353.035460751,600000,30.5556
353.224701376,600000,30.9859
353.417448928,600000,35.0649
353.608835959,600000,32.8767
353.801200543,600000,30.5556
353.993411063,600000,31.5068
354.181811636,600000,30.5556
354.369839136,600000,32.8767
354.555394709,600000,32.8767
354.741981688,600000,30.9859
354.929152782,600000,34.6667
355.115583146,600000,34.6667
355.301264657,600000,31.9444
355.502258875,600000,38.2716
355.689037781,600000,31.9444
355.876451896,600000,33.7838
356.063852261,600000,32.8767
356.250208667,600000,30
356.439422833,600000,33.7838
356.626260073,600000,32.8767
356.812440906,600000,30.9859
356.999510333,600000,34.2105
357.186648510,600000,32.8767
357.375249760,600000,33.3333
357.562771583,600000,30
357.749438666,600000,32.8767
357.941681426,600000,33.7662
358.129940020,600000,31.5068
358.317396426,600000,32.8767
358.502691947,600000,30
358.689204395,600000,31.9444
358.876218197,600000,33.7838
359.063205436,600000,31.5068
359.251101478,600000,30
359.441883405,600000,32.4324
359.629297103,600000,31.5068
359.816974342,600000,34.6667
360.004863249,600000,31.9444
360.191643769,600000,30.5556
360.389683353,600000,34.6667
360.575981738,600000,32.3944
360.761871425,600000,30
360.948732467,600000,32.8767
361.136411269,600000,34.6667
361.324762154,600000,30.5556
361.513429758,600000,30
361.702597415,600000,29.5775
361.890227258,600000,32.4324
362.076430487,600000,31.9444
362.263028248,600000,30.9859
362.454592310,600000,32.4324
362.642319862,600000,31.9444
362.829575435,600000,33.3333
363.018117883,600000,33.3333
363.206124445,600000,34.6667
363.391895070,600000,31.5068
363.577686372,600000,34.6667
363.763953924,600000,30.9859
363.952461424,600000,30.9859
364.140185747,600000,33.7838
364.325393820,600000,34.6667
364.509375955,600000,32.8767
364.694543716,600000,32.8767
364.877516945,600000,31.9444
365.062789965,600000,30
365.246983611,600000,32.8767
365.448398299,600000,35.8974
365.631973194,600000,30.9859
365.817543403,600000,31.9444
366.001105694,600000,30.9859
366.185615382,600000,32.8767
366.369012465,600000,31.4286
366.559438246,600000,29.7297
366.744229861,600000,32.8767
366.931651423,600000,28.9855
367.121764496,600000,31.5068
367.309844912,600000,33.3333
367.499819339,600000,30.9859
367.689372412,600000,31.9444
367.878065121,600000,31.9444
368.066634183,600000,33.7838
368.255173245,600000,33.7838
368.448065954,600000,35.0649
368.637401370,600000,33.7838
368.829911579,600000,30.5556
369.018873506,600000,32.8767
369.207508349,600000,33.7838
369.398300641,600000,36.3636
369.588563037,600000,32.4324
369.779164339,600000,30.9859
369.969918557,600000,30.9859
370.160340901,600000,30
370.348701578,600000,34.6667
370.545413661,600000,38.75
370.731146317,600000,30.9859
370.918295276,600000,32.8767
371.105463869,600000,32.8767
371.291460692,600000,31.9444
371.480505692,600000,32.8767
371.671723088,600000,32.8947
371.859303296,600000,31.9444
372.044473661,600000,30.9859
372.229665379,600000,30.9859
372.416699806,600000,34.6667
372.603159546,600000,33.7838
372.788255744,600000,32.3944
372.976636837,600000,32.8767
373.162133973,600000,31.9444
373.349595639,600000,33.3333
373.536103087,600000,33.7838
373.722237202,600000,31.9444
373.907141577,600000,34.2466
374.093018295,600000,31.9444
374.278218504,600000,32.8767
374.465980587,600000,32.8767
374.652823920,600000,31.9444
374.837967462,600000,32.8767
375.023630847,600000,31.4286
375.211093868,600000,29.5775
375.413619961,600000,32.8947
375.600291159,600000,31.9444
375.787416420,600000,33.7838
375.975975117,600000,32.8767
376.163349805,600000,30.5556
376.351044232,600000,30.9859
376.538788294,600000,32.4324
376.729166263,600000,31.5068
376.917693034,600000,35.0649
377.106206836,600000,34.2105
377.293450638,600000,32.8767
377.481104804,600000,31.9444
377.668055169,600000,31.9444
377.855848086,600000,34.2105
378.042607252,600000,30.9859
378.234408815,600000,32.8767
378.420715064,600000,29.5775
378.609202929,600000,32.8767
378.796418762,600000,35.0649
378.984870689,600000,34.6667
379.172631575,600000,30.9859
379.362459543,600000,30.5556
379.549777460,600000,33.7838
379.736629126,600000,34.2105
379.924694283,600000,32.8767
380.113159439,600000,30.5556
380.299434178,600000,30
380.504907616,600000,35.5263
380.694529803,600000,32.8767
380.885665011,600000,31.5068
381.074647459,600000,32.8767
381.266541522,600000,35.0649
381.456097303,600000,36.3636
381.648703865,600000,33.3333
381.842625897,600000,31.5068
382.032640896,600000,32.8767
382.222544751,600000,31.5068
382.412340063,600000,30.9859
382.605657563,600000,33.3333
382.795157563,600000,31.5068
382.984709646,600000,32.8767
383.177179750,600000,36.7089
383.369699386,600000,34.2105
383.559609281,600000,31.9444
383.749604437,600000,31.9444
383.941019906,600000,30.5556
384.130009281,600000,30.9859
384.314482406,600000,30.9859
384.499056781,600000,31.9444
384.683129437,600000,30
384.872619385,600000,32.4324
385.057228031,600000,34.6667
385.242272093,600000,30.5556
385.447048499,600000,34.1772
385.630877926,600000,32.8767
385.815089280,600000,35.5263
385.997792874,600000,31.9444
386.183122666,600000,30.9859
386.367993186,600000,32.8767
386.552668551,600000,30.9859
386.737808238,600000,32.8767
386.921276103,600000,32.8767
387.105700999,600000,35.5263
387.290426051,600000,30.9859
387.474691832,600000,32.8767
387.661829332,600000,31.9444
387.855101363,600000,33.7662
388.042296050,600000,30
388.228377613,600000,33.7838
388.415139540,600000,32.8767
388.600808602,600000,30
388.785831363,600000,34.6667
388.970903863,600000,30
389.157333498,600000,32.8767
389.343674539,600000,31.4286
389.529804331,600000,30
389.717114487,600000,33.7838
389.901304591,600000,28.9855
390.087454435,600000,31.9444
390.274544904,600000,33.7838
390.476235268,600000,39.5062
390.661877768,600000,32.8767
390.850417456,600000,31.9444
391.036601414,600000,32.8767
391.221536883,600000,32.3944
391.406152143,600000,33.7838
391.590663237,600000,31.4286
391.778658341,600000,30.9859
391.963396466,600000,31.9444
392.149084122,600000,35.1351
392.334583757,600000,31.4286
392.527039799,600000,29.1667
392.713140788,600000,32.8767
392.899984069,600000,30.9859
393.086041101,600000,32.8767
393.271172142,600000,31.9444
393.458543132,600000,30.9859
393.644606413,600000,32.8767
393.830214173,600000,31.4286
394.020339225,600000,34.6667
394.207684069,600000,33.7838
394.391811985,600000,31.4286
394.578067402,600000,31.9444
394.761733027,600000,31.9444
394.948546777,600000,32.8767
395.133014225,600000,31.4286
395.324342454,600000,32
395.522170423,600000,34.2466
395.709748964,600000,31.9444
395.895550266,600000,33.7838
396.081920839,600000,30
396.270137037,600000,30.5556
396.458152297,600000,34.2466
396.648236360,600000,32.4324
396.840746724,600000,35.5263
397.030462974,600000,31.9444
397.219775526,600000,30.5556
397.409925682,600000,32.8767
397.608612713,600000,27.3973
397.799551776,600000,30.9859
397.990252817,600000,31.5068
398.180313442,600000,30.9859
398.373830578,600000,33.3333
398.562347869,600000,31.9444
398.750827453,600000,33.7838
398.940961671,600000,31.9444
399.129507140,600000,33.7838
399.320811307,600000,31.5068
399.511436567,600000,31.9444
399.699899796,600000,30.5556
399.894306879,600000,32.4324
400.084500369,600000,31.9444
400.272869275,600000,30.9859
400.480066202,600000,35.443
400.668923546,600000,32.8767
400.862846150,600000,28.169
401.051790993,600000,31.9444
401.241558337,600000,31.9444
401.436829222,600000,34.2105
401.627769899,600000,33.3333
401.818836201,600000,31.9444
402.007888233,600000,33.7838
402.193932243,600000,33.7838
402.378724691,600000,32.3944
402.565180368,600000,33.7838
402.751528545,600000,31.9444
402.939743180,600000,34.2466
403.125517711,600000,34.6667
403.311044586,600000,30.9859
403.497766044,600000,32.8767
403.684833128,600000,33.7838
403.869721461,600000,30.9859
404.057479638,600000,31.9444
404.242117398,600000,30.4348
404.428616305,600000,31.9444
404.615599638,600000,32.8767
404.800849377,600000,32.3944
404.988072554,600000,29.5775
405.173869533,600000,33.3333
405.359692919,600000,30.9859
405.554922867,600000,36.4865
405.740846408,600000,30.9859
405.931518648,600000,29.5775
406.118506564,600000,33.7838
406.305042398,600000,32.4324
406.490075939,600000,31.9444
406.674368179,600000,31.9444
406.858805210,600000,30.9859
407.043189168,600000,30
407.227432918,600000,31.9444
407.412304949,600000,32.3944
407.597166147,600000,34.6667
407.781435678,600000,30
407.966820470,600000,33.3333
408.150317032,600000,32.8767
408.337936824,600000,35.1351
408.521865209,600000,30.9859
408.705424220,600000,34.6667
408.891327084,600000,33.3333
409.076195001,600000,31.9444
409.261368178,600000,31.4286
409.447234376,600000,32.8767
409.634326355,600000,33.7838
409.820455730,600000,30
410.007840990,600000,32.8767
410.193315365,600000,30.9859
410.378895209,600000,32.3944
410.574183281,600000,37.6623
410.761316927,600000,32.8767
410.949351406,600000,33.7838
411.135797604,600000,33.7838
411.321769219,600000,30
411.507539896,600000,34.2466
411.693042500,600000,29.5775
411.879727916,600000,32.3944
412.066279791,600000,32.8767
412.251646874,600000,30.9859
412.437933072,600000,35.1351
412.626055468,600000,34.2466
412.816603489,600000,35.0649
413.011101353,600000,35.0649
413.201558124,600000,29.5775
413.394427082,600000,31.9444
413.583794009,600000,30.5556
413.776549530,600000,34.2105
413.967995415,600000,36.3636
414.156978176,600000,31.9444
414.348104947,600000,33.3333
414.538799061,600000,32.8767
414.730430103,600000,30.5556
414.918317759,600000,32.3944
415.108013957,600000,33.7838
415.298512550,600000,34.6667
415.494623384,600000,38.6667
415.684340467,600000,31.9444
415.873984009,600000,30.9859
416.060567602,600000,30.4348
416.249132915,600000,30.9859
416.442264894,600000,29.5775
416.633019894,600000,33.7838
416.822283175,600000,31.9444
417.012279685,600000,33.7838
417.201792914,600000,32.8767
417.391216873,600000,31.9444
417.582700414,600000,29.5775
417.772470102,600000,30.9859
417.960207393,600000,32.3944
418.148844841,600000,33.3333
418.333974372,600000,30.9859
418.521480935,600000,32.4324
418.708359632,600000,32.3944
418.894229528,600000,32.8767
419.080071924,600000,31.9444
419.267527445,600000,30.5556
419.459237184,600000,33.3333
419.645319788,600000,33.7838
419.831009215,600000,30
420.019683174,600000,31.9444
420.205867913,600000,34.6667
420.390634163,600000,32.3944
420.588148278,600000,36.8421
420.773717184,600000,31.9444
420.961163329,600000,28.9855
421.147347340,600000,33.7838
421.332270934,600000,30.4348
421.517139058,600000,35.1351
421.702855413,600000,30.9859
421.889848225,600000,30.9859
422.076535985,600000,30.9859
422.263579423,600000,32.4324
422.450710412,600000,30.4348
422.638690308,600000,33.3333
422.826524683,600000,34.6667
423.012305412,600000,31.9444
423.197782027,600000,34.2466
423.385299006,600000,31.0811
423.572050412,600000,30.9859
423.759811349,600000,31.9444
423.951257703,600000,28.169
424.138447964,600000,33.7838
424.324694162,600000,32.8767
424.511759422,600000,27.9412
424.698359266,600000,30.9859
424.884546505,600000,30.9859
425.071883276,600000,31.5068
425.259904942,600000,32.8767
425.457127390,600000,36.8421
425.642261192,600000,32.3944
425.829782807,600000,31.5068
426.015523067,600000,32.3944
426.202783275,600000,30.5556
426.389938588,600000,32.8767
426.576948692,600000,32.8767
426.763173067,600000,30
426.950582494,600000,31.4286
427.137915567,600000,33.3333
427.324609890,600000,30
427.509999785,600000,30
427.695090150,600000,33.7838
427.879118639,600000,31.9444
428.063453275,600000,31.9444
428.248770827,600000,31.9444
428.434388847,600000,33.7838
428.618796868,600000,30.9859
428.802385097,600000,30.4348
428.986672754,600000,31.9444
429.170851556,600000,31.9444
429.354914837,600000,34.6667
429.538612910,600000,30.9859
429.723037024,600000,30.9859
429.911073795,600000,31.5068
430.095965930,600000,33.7838
430.285011451,600000,33.7838
430.481500513,600000,40.2597
430.670619211,600000,31.9444
430.860818065,600000,31.5068
431.050643899,600000,30
431.238463690,600000,31.9444
431.429862128,600000,32.8767
431.617387961,600000,33.3333
431.804567805,600000,34.2466
431.991922023,600000,30.9859
432.179290200,600000,31.4286
432.369743638,600000,30.9859
432.559664731,600000,30
432.750543325,600000,30.5556
432.938777283,600000,30.4348
433.125757439,600000,34.2466
433.314613325,600000,30.9859
433.503864679,600000,30.9859
433.694481658,600000,29.5775
433.889387283,600000,30.6667
434.078534470,600000,31.9444
434.266461866,600000,33.7838
434.456948637,600000,34.2105
434.643775720,600000,30.9859
434.830500147,600000,30.5556
435.018096553,600000,32.8767
435.205085355,600000,33.7838
435.391225043,600000,30.9859
435.591904886,600000,35.5263
435.777868168,600000,32.8767
435.964702855,600000,35.5263
436.149822490,600000,31.4286
436.336516240,600000,34.6667
436.525599678,600000,31.5068
436.711198740,600000,30.9859
436.895808532,600000,34.2466
437.080865511,600000,30.9859
437.266689105,600000,33.3333
437.454570615,600000,35.5263
437.640338271,600000,32.8767
437.826923844,600000,36.3636
438.011894052,600000,30
438.198215719,600000,32.8767
438.382397698,600000,31.4286
438.574986656,600000,32.4324
438.761256239,600000,31.9444
438.949631031,600000,32.3944
439.136561656,600000,33.7838
439.323070093,600000,30
439.509858114,600000,30.9859
439.694894260,600000,31.4286
439.880478739,600000,31.9444
440.067244885,600000,32.8767
440.253470614,600000,30
440.450087072,600000,36.8421
440.638398947,600000,33.7838
440.825149572,600000,32.8767
441.010181759,600000,31.9444
441.196241291,600000,31.9444
441.383254676,600000,31.9444
441.569408009,600000,31.9444
441.757013894,600000,32.8767
441.943913217,600000,34.2466
442.129024832,600000,33.7838
442.316883894,600000,36.3636
442.505407696,600000,35.0649
442.693268634,600000,30.5556
442.879395092,600000,30
443.066639727,600000,32.8767
443.253239779,600000,32.8767
443.440351863,600000,31.9444
443.627501081,600000,33.7838
443.813308946,600000,30
443.999915664,600000,30
444.186309831,600000,33.3333
444.375078216,600000,33.7838
444.567239883,600000,34.2105
444.757434154,600000,34.2105
444.949913112,600000,31.5068
445.141071706,600000,30.9859
445.332848476,600000,32.4324
445.535070247,600000,36.8421
445.725191237,600000,31.9444
445.919659778,600000,32
446.110217174,600000,30.9859
446.302902539,600000,30.137
446.495413372,600000,33.7838
