time,freq,util
.092251979,1200000,34.2857
.193122917,1200000,30.7692
.294577292,1200000,31.7073
.395881146,1200000,34.1463
.497527812,1200000,28.9474
.599806719,1200000,26.3158
.701292864,1200000,30.7692
.803178229,1200000,30.7692
.907187916,1200000,31.7073
1.009316614,1200000,28.9474
1.110359427,1200000,32.5
1.212006614,1200000,28.2051
1.313402291,1200000,30.7692
1.415222864,1200000,35.7143
1.516718020,1200000,37.2093
1.617826197,1200000,30.7692
1.720108020,1200000,30
1.821317447,1200000,30.7692
1.923246510,1200000,32.5
2.024981510,1200000,31.7073
2.126279218,1200000,35.7143
2.227804374,1200000,30.7692
2.330228385,1200000,30.7692
2.433461770,1200000,30
2.535414270,1200000,32.5
2.637550572,1200000,31.7073
2.740237134,1200000,30.7692
2.842253020,1200000,28.2051
2.943777551,1200000,30.7692
3.045240884,1200000,34.1463
3.146616561,1200000,32.5
3.247933593,1200000,30.7692
3.350127134,1200000,31.7073
3.451723697,1200000,30.7692
3.553722342,1200000,28.9474
3.655404322,1200000,30.7692
3.757152394,1200000,31.7073
3.859378488,1200000,30.7692
3.961874165,1200000,32.5
4.063017707,1200000,30.7692
4.164312811,1200000,31.7073
4.265384373,1200000,28.9474
4.366554373,1200000,34.1463
4.467529998,1200000,30.7692
4.569307082,1200000,27.027
4.670036873,1200000,32.5
4.771612915,1200000,28.9474
4.873163071,1200000,30.7692
4.973810727,1200000,32.5
5.087369998,1200000,41.3043
5.189586040,1200000,28.2051
5.291404373,1200000,35.7143
5.393493540,1200000,32.5
5.495107133,1200000,30.7692
5.597038227,1200000,33.3333
5.698705987,1200000,34.1463
5.799851196,1200000,32.5
5.901283592,1200000,32.5
6.002700883,1200000,30.7692
6.103782394,1200000,34.1463
6.205073175,1200000,28.9474
6.306191300,1200000,31.7073
6.408085310,1200000,30.7692
6.510190102,1200000,32.5
6.612576195,1200000,30
6.713957029,1200000,32.5
6.815293800,1200000,34.1463
6.918888122,1200000,31.7073
7.020205883,1200000,32.5
7.122114997,1200000,30.7692
7.223848591,1200000,30.7692
7.325529737,1200000,28.2051
7.427260518,1200000,30.7692
7.529273487,1200000,28.9474
7.630702445,1200000,34.1463
7.732536560,1200000,31.7073
7.833925153,1200000,32.5
7.935411403,1200000,28.9474
8.037693851,1200000,31.7073
8.139321716,1200000,28.9474
8.240865049,1200000,34.1463
8.342901247,1200000,30.7692
8.446966820,1200000,33.3333
8.548088903,1200000,32.5
8.650075882,1200000,26.3158
8.751808903,1200000,28.9474
8.853416559,1200000,28.9474
8.954689840,1200000,30.7692
9.056096507,1200000,34.1463
9.157635361,1200000,28.2051
9.260301403,1200000,30.7692
9.362589632,1200000,30
9.463860621,1200000,34.1463
9.565481507,1200000,28.9474
9.667165778,1200000,35.7143
9.768804528,1200000,28.9474
9.870270725,1200000,32.5
9.972597340,1200000,31.7073
10.087366611,1200000,37.7778
10.189522548,1200000,26.3158
10.291379319,1200000,34.1463
10.392913902,1200000,28.9474
10.493938954,1200000,32.5
10.595577183,1200000,28.2051
10.697259631,1200000,32.5
10.800009423,1200000,30.7692
10.901661350,1200000,30
11.003257235,1200000,30.7692
11.104896246,1200000,32.5
11.206759683,1200000,37.2093
11.312061246,1200000,31.7073
11.414445360,1200000,30.7692
11.515515725,1200000,32.5
11.617094162,1200000,34.1463
11.718646350,1200000,32.5
11.819951402,1200000,32.5
11.921602235,1200000,30
12.023748902,1200000,30.7692
12.125440412,1200000,30.7692
12.227001922,1200000,33.3333
12.328549058,1200000,30.7692
12.430247235,1200000,32.5
12.532426402,1200000,32.5
12.633472287,1200000,30.7692
12.735547964,1200000,31.7073
12.837451037,1200000,32.5
12.940473433,1200000,32.5
13.042019162,1200000,30
13.143527860,1200000,28.9474
13.245111662,1200000,32.5
13.346434943,1200000,32.5
13.447649422,1200000,30.7692
13.550034943,1200000,28.2051
13.651827911,1200000,30.7692
13.753724839,1200000,28.9474
13.855522026,1200000,30
13.957488120,1200000,32.5
14.059253745,1200000,28.9474
14.160797651,1200000,32.5
14.262630047,1200000,31.7073
14.363951870,1200000,34.1463
14.466072442,1200000,34.1463
14.567539213,1200000,30.7692
14.668829942,1200000,28.9474
14.770410411,1200000,32.5
14.872700671,1200000,31.7073
14.974467651,1200000,34.1463
15.090272182,1200000,36.9565
15.191680046,1200000,30.7692
15.294207755,1200000,30
15.395984577,1200000,32.5
15.497141192,1200000,28.9474
15.599607702,1200000,28.9474
15.701552702,1200000,33.3333
15.803655879,1200000,32.5
15.905365723,1200000,32.5
16.007193796,1200000,34.1463
16.108590358,1200000,30.7692
16.210348483,1200000,31.7073
16.312108848,1200000,30.7692
16.413868692,1200000,32.5
16.516292285,1200000,30
16.617945931,1200000,30.7692
16.719742806,1200000,28.9474
16.821641244,1200000,30.7692
16.923417650,1200000,30
17.025860202,1200000,30.7692
17.127444056,1200000,32.5
17.229184577,1200000,28.2051
17.330337285,1200000,32.5
17.434160150,1200000,30
17.536168275,1200000,32.5
17.637837025,1200000,30.7692
17.739893066,1200000,30
17.841720983,1200000,30.7692
17.943744733,1200000,28.9474
18.045043639,1200000,30.7692
18.146681712,1200000,33.3333
18.248445306,1200000,30.7692
18.350206191,1200000,32.5
18.452027076,1200000,30.7692
18.553635618,1200000,30
18.655229785,1200000,32.5
18.756948847,1200000,32.5
18.858309472,1200000,32.5
18.962101347,1200000,30
19.063894784,1200000,30.7692
19.165599628,1200000,28.2051
19.267426295,1200000,34.1463
19.369461972,1200000,27.027
19.471032180,1200000,34.1463
19.572423065,1200000,30.7692
19.674092909,1200000,30
19.775687232,1200000,30.7692
19.876998065,1200000,32.5
19.978474315,1200000,32.5
20.094449472,1200000,34.7826
20.195418013,1200000,32.5
20.297528794,1200000,30.7692
20.405902284,1200000,28.5714
20.507135409,1200000,32.5
20.609173065,1200000,28.2051
20.710732857,1200000,32.5
20.812371867,1200000,30.7692
20.913439575,1200000,30.7692
21.014955252,1200000,32.5
21.116505409,1200000,34.8837
21.217404836,1200000,32.5
21.319763429,1200000,27.027
21.421410877,1200000,32.5
21.523288846,1200000,30
21.624268013,1200000,32.5
21.725368481,1200000,30.7692
21.826874523,1200000,35.7143
21.929651085,1200000,30.7692
22.030735252,1200000,34.1463
22.132452127,1200000,30.7692
22.233548794,1200000,30
22.336291189,1200000,34.1463
22.437741919,1200000,30.7692
22.539616658,1200000,28.9474
22.641040668,1200000,34.8837
22.742614679,1200000,28.9474
22.843895460,1200000,34.1463
22.945877335,1200000,28.9474
23.047119887,1200000,31.7073
23.149305564,1200000,28.9474
23.251044627,1200000,34.1463
23.352425147,1200000,32.5
23.453702439,1200000,30.7692
23.555460668,1200000,30.7692
23.657577543,1200000,31.7073
23.760031345,1200000,30.7692
23.861767126,1200000,30.7692
23.963497595,1200000,28.2051
24.065305772,1200000,34.1463
24.167099835,1200000,32.5
24.269124626,1200000,28.2051
24.370545928,1200000,32.5
24.471849105,1200000,32.5
24.573326501,1200000,28.9474
24.675811553,1200000,33.3333
24.777143845,1200000,34.1463
24.879137855,1200000,28.9474
24.980682907,1200000,34.1463
25.091883793,1200000,37.2093
25.193539261,1200000,30.7692
25.295667334,1200000,31.7073
25.402744261,1200000,30
25.503933792,1200000,31.7073
25.605476813,1200000,28.9474
25.707183324,1200000,34.1463
25.809496292,1200000,27.027
25.910017698,1200000,32.5
26.011707751,1200000,30
26.113629417,1200000,28.9474
26.215428219,1200000,30.7692
26.316966448,1200000,31.7073
26.421936969,1200000,32.5
26.523479521,1200000,28.2051
26.625159157,1200000,30.7692
26.727054000,1200000,34.1463
26.829311969,1200000,28.2051
26.930715875,1200000,34.1463
27.031993844,1200000,30.7692
27.133376396,1200000,28.9474
27.235308427,1200000,31.7073
27.337028948,1200000,35.7143
27.439417437,1200000,27.027
27.540669260,1200000,34.1463
27.642389312,1200000,30
27.743422073,1200000,32.5
27.845114677,1200000,30.7692
27.948202750,1200000,32.5
28.049433843,1200000,25
28.150656448,1200000,34.8837
28.251776239,1200000,28.9474
28.353621864,1200000,28.9474
28.455177645,1200000,32.5
28.556827489,1200000,32.5
28.658441447,1200000,30
28.759687854,1200000,30.7692
28.860851552,1200000,32.5
28.961954572,1200000,30.7692
29.063386708,1200000,28.9474
29.164639572,1200000,30.7692
29.266377958,1200000,34.1463
29.368744572,1200000,31.7073
29.470741708,1200000,34.1463
29.571792333,1200000,30.7692
29.673169260,1200000,28.9474
29.774499937,1200000,32.5
29.876030718,1200000,34.1463
29.977306395,1200000,32.5
30.092101655,1200000,36.3636
30.193502436,1200000,32.5
30.295133374,1200000,33.3333
30.396509572,1200000,32.5
30.497380405,1200000,32.5
30.598820457,1200000,30.7692
30.700416811,1200000,31.7073
30.802197697,1200000,30.7692
30.905416290,1200000,31.7073
31.006647072,1200000,34.1463
31.108074676,1200000,30.7692
31.209964571,1200000,30.7692
31.311832749,1200000,30.7692
31.413455978,1200000,28.9474
31.515569415,1200000,33.3333
31.617603738,1200000,32.5
31.720133425,1200000,28.2051
31.822205509,1200000,30.7692
31.923844936,1200000,32.5
32.025416446,1200000,28.2051
32.126922384,1200000,35.7143
32.228395613,1200000,32.5
32.329872279,1200000,30.7692
32.432737540,1200000,32.5
32.534480404,1200000,33.3333
32.636371029,1200000,34.1463
32.737452696,1200000,32.5
32.838789206,1200000,28.9474
32.940354206,1200000,32.5
33.042077800,1200000,30
33.143961133,1200000,32.5
33.245906081,1200000,32.5
33.347458894,1200000,30
33.449643633,1200000,27.027
33.550854987,1200000,34.1463
33.653097591,1200000,28.9474
33.754832070,1200000,31.7073
33.856396081,1200000,34.1463
33.959616029,1200000,28.9474
34.061342279,1200000,33.3333
34.162841185,1200000,34.1463
34.264180977,1200000,32.5
34.365835352,1200000,30.7692
34.467363633,1200000,28.2051
34.569894987,1200000,30.7692
34.671454570,1200000,32.5
34.772917695,1200000,32.5
34.874420508,1200000,31.7073
34.975921185,1200000,32.5
35.089767278,1200000,36.3636
35.191202435,1200000,32.5
35.292647070,1200000,30.7692
35.394525559,1200000,35.7143
35.496827434,1200000,34.1463
35.598434257,1200000,32.5
35.700308372,1200000,34.1463
35.801911288,1200000,31.7073
35.903241549,1200000,28.9474
36.004837903,1200000,30.7692
36.106178372,1200000,34.1463
36.207546340,1200000,32.5
36.309765872,1200000,28.2051
36.411670403,1200000,32.5
36.513350351,1200000,30.7692
36.615066132,1200000,32.5
36.716566236,1200000,34.8837
36.817939569,1200000,30.7692
36.922615298,1200000,30
37.023965559,1200000,32.5
37.125340611,1200000,30.7692
37.226534100,1200000,34.1463
37.328219882,1200000,31.7073
37.430201496,1200000,32.5
37.532259725,1200000,30.7692
37.633641340,1200000,32.5
37.735203215,1200000,31.7073
37.837314361,1200000,32.5
37.939540663,1200000,28.9474
38.040922746,1200000,31.7073
38.142324673,1200000,30.7692
38.243829204,1200000,30.7692
38.345265558,1200000,30.7692
38.447608058,1200000,32.5
38.549797121,1200000,28.2051
38.651793892,1200000,30.7692
38.753301860,1200000,30.7692
38.855034777,1200000,32.5
38.956402433,1200000,34.8837
39.057775506,1200000,30.7692
39.159708996,1200000,28.9474
39.261562954,1200000,30.7692
39.363628631,1200000,30
39.465241652,1200000,32.5
39.567053631,1200000,34.1463
39.668807381,1200000,30.7692
39.770300037,1200000,31.7073
39.872311599,1200000,30.7692
39.975892537,1200000,31.7073
40.089913526,1200000,34.8837
40.192808474,1200000,31.5789
40.294043058,1200000,32.5
40.395421547,1200000,30.7692
40.497303735,1200000,31.7073
40.604415714,1200000,29.2683
40.705849620,1200000,32.5
40.807263526,1200000,32.5
40.909926130,1200000,27.027
41.011608370,1200000,31.7073
41.113486807,1200000,32.5
41.215408474,1200000,35.7143
41.317043682,1200000,30
41.422342901,1200000,28.2051
41.527178578,1200000,34.1463
41.629155401,1200000,28.9474
41.730236078,1200000,31.7073
41.831949307,1200000,28.9474
41.933673369,1200000,28.9474
42.035283213,1200000,32.5
42.136446599,1200000,33.3333
42.237525869,1200000,30.7692
42.339743786,1200000,27.027
42.441919723,1200000,30.7692
42.543368369,1200000,28.2051
42.645219671,1200000,32.5
42.746768630,1200000,34.1463
42.848656963,1200000,30
42.950481234,1200000,32.5
43.051530869,1200000,32.5
43.152790609,1200000,34.1463
43.254080869,1200000,32.5
43.356189567,1200000,32.5
43.457738317,1200000,31.7073
43.559686858,1200000,28.9474
43.661300973,1200000,30.7692
43.762913473,1200000,30.7692
43.864409619,1200000,34.8837
43.965944202,1200000,34.1463
44.067511025,1200000,30.7692
44.170085400,1200000,30
44.271530504,1200000,28.9474
44.373518994,1200000,32.5
44.475720973,1200000,32.5
44.577200504,1200000,31.7073
44.680029879,1200000,30.7692
44.781959879,1200000,32.5
44.883471389,1200000,28.2051
44.985311337,1200000,30.7692
45.099435087,1200000,34.8837
45.200598889,1200000,32.5
45.301963420,1200000,30.7692
45.403444879,1200000,27.027
45.505338368,1200000,31.7073
45.607060608,1200000,31.7073
45.708444670,1200000,30.7692
45.810251910,1200000,32.5
45.912271545,1200000,30.7692
46.013526910,1200000,30.7692
46.115257639,1200000,32.5
46.216646909,1200000,31.7073
46.318439149,1200000,32.5
46.420630451,1200000,32.5
46.522456128,1200000,32.5
46.623571649,1200000,31.7073
46.725495868,1200000,28.9474
46.827397586,1200000,34.1463
46.929898628,1200000,26.3158
47.031193107,1200000,32.5
47.133101753,1200000,28.9474
47.234932326,1200000,30.7692
47.336478992,1200000,34.8837
47.438342013,1200000,30.7692
47.540243471,1200000,32.5
47.642083940,1200000,30.7692
47.743474357,1200000,30.7692
47.844908576,1200000,30
47.946448159,1200000,35.7143
48.047877898,1200000,30.7692
48.149847846,1200000,30.7692
48.251810919,1200000,30
48.353056805,1200000,28.9474
48.454891700,1200000,32.5
48.556295867,1200000,34.1463
48.657749513,1200000,30.7692
48.759641596,1200000,30
48.861179565,1200000,35.7143
48.963316700,1200000,28.9474
49.065335450,1200000,32.5
49.166714773,1200000,34.1463
49.268739825,1200000,30
49.370422950,1200000,32.5
49.472143992,1200000,30.7692
49.573260242,1200000,30.7692
49.675074773,1200000,32.5
49.776405606,1200000,34.8837
49.877703627,1200000,30.7692
49.980000606,1200000,30.7692
50.091312533,1200000,37.2093
50.192880658,1200000,32.5
50.294388887,1200000,32.5
50.395986700,1200000,35.7143
50.497973991,1200000,30
50.599771856,1200000,28.9474
50.701440502,1200000,32.5
50.803845658,1200000,30.7692
50.905469981,1200000,30.7692
51.007089668,1200000,36.3636
51.108317585,1200000,32.5
51.209940762,1200000,32.5
51.311837220,1200000,32.5
51.413599460,1200000,30.7692
51.515358470,1200000,31.7073
51.616487845,1200000,34.1463
51.718118001,1200000,30.7692
51.820216595,1200000,32.5
51.922556959,1200000,30.7692
52.023652168,1200000,33.3333
52.125116074,1200000,30.7692
52.226086074,1200000,32.5
52.327949251,1200000,30.7692
52.430182428,1200000,32.5
52.532191542,1200000,31.7073
52.633430292,1200000,30.7692
52.734868626,1200000,32.5
52.836218938,1200000,35.7143
52.937821647,1200000,30
53.040006699,1200000,28.9474
53.141960865,1200000,28.9474
53.243516907,1200000,30.7692
53.345463261,1200000,30
53.450221750,1200000,31.7073
53.552237740,1200000,28.9474
53.653682427,1200000,30.7692
53.755484459,1200000,30
53.857214511,1200000,34.1463
53.959144615,1200000,28.9474
54.060752063,1200000,32.5
54.162620500,1200000,30
54.264109146,1200000,34.1463
54.365502792,1200000,30.7692
54.467137844,1200000,35.7143
54.569243521,1200000,28.2051
54.670632688,1200000,32.5
54.772413729,1200000,30.7692
54.873584667,1200000,32.5
54.977396021,1200000,34.8837
55.089972375,1200000,38.6364
55.191237531,1200000,28.9474
55.292900500,1200000,31.7073
55.394390500,1200000,34.1463
55.496010083,1200000,32.5
55.597491645,1200000,30.7692
55.699312531,1200000,28.9474
55.800906854,1200000,31.7073
55.902740604,1200000,32.5
56.004461541,1200000,32.5
56.106258677,1200000,34.1463
56.207540656,1200000,30.7692
56.309534301,1200000,26.3158
56.411114770,1200000,36.5854
56.512443260,1200000,30.7692
56.613920864,1200000,31.7073
56.715546437,1200000,28.9474
56.816991905,1200000,35.7143
56.918172478,1200000,32.5
57.020224249,1200000,32.5
57.121762426,1200000,30
57.223224770,1200000,28.9474
57.324015186,1200000,32.5
57.425668624,1200000,30.7692
57.527097166,1200000,32.5
57.628869041,1200000,31.7073
57.730616072,1200000,32.5
57.832591697,1200000,30.7692
57.936385499,1200000,33.3333
58.038899457,1200000,30.7692
58.140523572,1200000,31.7073
58.242783103,1200000,32.5
58.344367165,1200000,34.1463
58.446015186,1200000,31.7073
58.547196124,1200000,30.7692
58.649727582,1200000,30.7692
58.751413832,1200000,32.5
58.853377061,1200000,31.7073
58.955408623,1200000,30.7692
59.056649300,1200000,34.1463
59.158331123,1200000,33.3333
59.260085967,1200000,30.7692
59.362238467,1200000,28.9474
59.464343311,1200000,35.7143
59.565927581,1200000,31.7073
59.667311071,1200000,30.7692
59.769479717,1200000,30.7692
59.871479040,1200000,34.8837
59.973835758,1200000,30.7692
60.090269404,1200000,33.3333
60.192119925,1200000,30.7692
60.294144665,1200000,31.7073
60.395885289,1200000,32.5
60.497294456,1200000,30.7692
60.599679456,1200000,28.2051
60.701758623,1200000,32.5
60.803910498,1200000,30.7692
60.907626487,1200000,30
61.014171227,1200000,25.641
61.115818675,1200000,30.7692
61.217165706,1200000,30.7692
61.318857268,1200000,28.2051
61.421773414,1200000,30.7692
61.523705810,1200000,28.2051
61.625164872,1200000,32.5
61.726759247,1200000,34.1463
61.828631799,1200000,30.7692
61.930450393,1200000,31.7073
62.031845341,1200000,30.7692
62.133372841,1200000,28.9474
62.235043987,1200000,30.7692
62.336848830,1200000,34.8837
62.439829299,1200000,35.7143
62.541629403,1200000,30.7692
62.643790705,1200000,28.2051
62.745419768,1200000,28.9474
62.847299039,1200000,34.1463
62.949965289,1200000,30
63.051461747,1200000,30.7692
63.153633466,1200000,30.7692
63.255411851,1200000,30
63.357280184,1200000,34.1463
63.459586070,1200000,28.9474
63.560879507,1200000,31.7073
63.662456590,1200000,32.5
63.763536069,1200000,30.7692
63.865465653,1200000,30.7692
63.967808986,1200000,34.1463
64.069121382,1200000,26.3158
64.169889715,1200000,32.5
64.271006434,1200000,30.7692
64.372754611,1200000,32.5
64.473888725,1200000,34.1463
64.575011798,1200000,28.9474
64.676681902,1200000,35.7143
64.778410548,1200000,30
64.879984038,1200000,32.5
64.981685965,1200000,28.9474
65.095076173,1200000,36.3636
65.196677006,1200000,34.1463
65.298296590,1200000,31.7073
65.400404975,1200000,32.5
65.502172840,1200000,32.5
65.603509923,1200000,27.027
65.705533308,1200000,31.7073
65.807166850,1200000,35.7143
65.909219454,1200000,28.9474
66.012187839,1200000,33.3333
66.113751329,1200000,30
66.215428464,1200000,30.7692
66.317185756,1200000,34.1463
66.420272579,1200000,30
66.522219662,1200000,32.5
66.623964193,1200000,30.7692
66.726112839,1200000,28.2051
66.827335391,1200000,32.5
66.930243099,1200000,32.5
67.031853985,1200000,30.7692
67.134042943,1200000,30
67.235736589,1200000,34.1463
67.337576954,1200000,33.3333
67.439764506,1200000,30.7692
67.541732006,1200000,34.1463
67.643772370,1200000,28.9474
67.745397735,1200000,28.2051
67.846691589,1200000,34.1463
67.948673307,1200000,32.5
68.050964297,1200000,31.7073
68.153413568,1200000,30.7692
68.255067057,1200000,34.1463
68.356466589,1200000,34.1463
68.458459193,1200000,30.7692
68.560182161,1200000,31.7073
68.661858359,1200000,28.9474
68.763284661,1200000,30.7692
68.865342318,1200000,34.1463
68.967351536,1200000,33.3333
69.069425807,1200000,27.027
69.170996067,1200000,34.1463
69.272259088,1200000,32.5
69.373551484,1200000,30.7692
69.475257630,1200000,30
69.576423776,1200000,35.7143
69.677864244,1200000,30.7692
69.779530598,1200000,30.7692
69.880742369,1200000,34.1463
69.982843880,1200000,28.9474
70.092205025,1200000,41.3043
70.193351223,1200000,34.1463
70.295235338,1200000,32.5
70.396363307,1200000,34.1463
70.497750390,1200000,30.7692
70.599939817,1200000,30
70.701347421,1200000,30.7692
70.802788879,1200000,30.7692
70.904648098,1200000,32.5
71.005954973,1200000,32.5
71.108047994,1200000,28.9474
71.209889817,1200000,30
71.311828358,1200000,30.7692
71.414022004,1200000,30.7692
71.515509660,1200000,32.5
71.616708514,1200000,35.7143
71.718338983,1200000,30.7692
71.823375181,1200000,30
71.924948254,1200000,32.5
72.026516275,1200000,37.2093
72.128186431,1200000,30.7692
72.230112629,1200000,31.7073
72.331900806,1200000,28.9474
72.433454504,1200000,28.9474
72.535107733,1200000,34.1463
72.636777108,1200000,33.3333
72.738308306,1200000,32.5
72.839809660,1200000,32.5
72.942058149,1200000,30.7692
73.043475337,1200000,30.7692
73.145289139,1200000,32.5
73.247210337,1200000,31.7073
73.349993253,1200000,28.9474
73.451713826,1200000,30
73.553036066,1200000,32.5
73.654234399,1200000,32.5
73.755888461,1200000,30.7692
73.857019295,1200000,30.7692
73.959594399,1200000,30
74.061049555,1200000,34.1463
74.162235805,1200000,32.5
74.263644295,1200000,32.5
74.365337107,1200000,32.5
74.469399555,1200000,33.3333
74.570718305,1200000,32.5
74.672479294,1200000,30
74.773436065,1200000,32.5
74.874663409,1200000,34.1463
74.976110753,1200000,34.1463
75.080169242,1200000,32.5
75.188462836,1200000,35.7143
75.290254555,1200000,32.5
75.392000388,1200000,32.5
75.493417888,1200000,30.7692
75.595369346,1200000,30
75.697069086,1200000,35.7143
75.798589607,1200000,30.7692
75.899640075,1200000,30.7692
76.002953200,1200000,30
76.104260179,1200000,32.5
76.206523773,1200000,32.5
76.307652731,1200000,32.5
76.410015960,1200000,30.7692
76.511732627,1200000,30.7692
76.613390960,1200000,30
76.715183617,1200000,30.7692
76.816702419,1200000,32.5
76.918296950,1200000,32.5
77.020228981,1200000,31.7073
77.121501273,1200000,28.9474
77.222949293,1200000,32.5
77.324144033,1200000,32.5
77.426256950,1200000,28.9474
77.527410700,1200000,30.7692
77.629292262,1200000,27.027
77.730584762,1200000,34.1463
77.832314866,1200000,30
77.933592002,1200000,30.7692
78.035372522,1200000,32.5
78.136939293,1200000,34.1463
78.237852679,1200000,30.7692
78.339510178,1200000,30
78.440218772,1200000,34.1463
78.542151428,1200000,28.9474
78.643635230,1200000,32.5
78.745145387,1200000,34.1463
78.846576324,1200000,34.1463
78.948894449,1200000,31.7073
79.050352209,1200000,32.5
79.151682157,1200000,28.9474
79.253488928,1200000,28.9474
79.355291480,1200000,34.1463
79.457953668,1200000,30
79.559921272,1200000,30.7692
79.661799918,1200000,30.7692
79.763010022,1200000,30
79.864100542,1200000,34.1463
79.965916740,1200000,30.7692
80.067496167,1200000,28.9474
80.184345334,1200000,31.8182
80.285845178,1200000,32.5
80.387170542,1200000,28.9474
80.488827261,1200000,28.9474
80.589933980,1200000,32.5
80.691732053,1200000,30.7692
80.793212365,1200000,30.7692
80.894449188,1200000,30
80.995942886,1200000,32.5
81.097665177,1200000,28.9474
81.199587157,1200000,27.027
81.300484292,1200000,32.5
81.402464396,1200000,31.7073
81.503614240,1200000,32.5
81.605328979,1200000,31.7073
81.706833146,1200000,32.5
81.808252885,1200000,32.5
81.910053615,1200000,32.5
82.012214552,1200000,32.5
82.113446219,1200000,32.5
82.215068719,1200000,30
82.317008562,1200000,37.2093
82.418752104,1200000,32.5
82.520068198,1200000,32.5
82.621716739,1200000,30.7692
82.723627573,1200000,28.2051
82.824879343,1200000,32.5
82.926250802,1200000,35.7143
83.027084031,1200000,34.1463
83.128567677,1200000,30.7692
83.229815645,1200000,32.5
83.331691218,1200000,31.7073
83.434961270,1200000,30.7692
83.536593874,1200000,34.1463
83.638130958,1200000,32.5
83.739757572,1200000,30
83.841219864,1200000,30.7692
83.942666218,1200000,30.7692
84.043607312,1200000,32.5
84.144957416,1200000,30.7692
84.246405124,1200000,34.1463
84.347899968,1200000,31.7073
84.449836530,1200000,28.9474
84.551269759,1200000,30.7692
84.653058874,1200000,32.5
84.754907416,1200000,32.5
84.856671166,1200000,33.3333
84.958715853,1200000,32.5
85.060273353,1200000,32.5
85.173412415,1200000,34.8837
85.275446582,1200000,32.5
85.376945020,1200000,34.1463
85.478548665,1200000,31.7073
85.580111478,1200000,32.5
85.681774394,1200000,30.7692
85.783363457,1200000,28.9474
85.884985176,1200000,28.9474
85.986695644,1200000,34.8837
86.087820540,1200000,30.7692
86.189803613,1200000,28.9474
86.291657155,1200000,30.7692
86.393363561,1200000,30
86.495422311,1200000,34.1463
86.601899915,1200000,33.3333
86.703578769,1200000,28.9474
86.805608613,1200000,28.2051
86.907190331,1200000,30.7692
87.009851634,1200000,26.3158
87.112028300,1200000,30.7692
87.213622988,1200000,30.7692
87.315538300,1200000,30
87.417222988,1200000,34.1463
87.519873404,1200000,26.3158
87.621840696,1200000,30.7692
87.723786008,1200000,30.7692
87.825806425,1200000,30
87.930085539,1200000,30
88.031461164,1200000,28.9474
88.133319185,1200000,30.7692
88.234651633,1200000,30.7692
88.336229341,1200000,34.1463
88.437780435,1200000,31.7073
88.539985800,1200000,30.7692
88.641921685,1200000,30.7692
88.743614497,1200000,28.2051
88.845631529,1200000,32.5
88.946956529,1200000,30.7692
89.049147987,1200000,30
89.150833716,1200000,34.1463
89.252481320,1200000,30.7692
89.353482726,1200000,30.7692
89.455196528,1200000,35.7143
89.557254653,1200000,30.7692
89.660111789,1200000,30
89.761971372,1200000,30.7692
89.863564132,1200000,28.9474
89.965019080,1200000,31.7073
90.066270747,1200000,34.1463
90.182022934,1200000,34.0909
90.282902518,1200000,28.9474
90.384011007,1200000,32.5
90.485633351,1200000,30.7692
90.587157101,1200000,34.1463
90.688914809,1200000,30
90.790411059,1200000,32.5
90.892293038,1200000,30.7692
90.994229497,1200000,30.7692
91.095707465,1200000,32.5
91.197811319,1200000,30
91.300279236,1200000,30.7692
91.401954653,1200000,32.5
91.503703871,1200000,28.2051
91.610477778,1200000,30
91.712090330,1200000,30
91.813536059,1200000,28.9474
91.915244496,1200000,34.1463
92.017300798,1200000,31.7073
92.119974027,1200000,27.027
92.221400798,1200000,30.7692
92.322446215,1200000,30.7692
92.423547048,1200000,30
92.525649183,1200000,30.7692
92.627168767,1200000,32.5
92.729425694,1200000,30.7692
92.831133038,1200000,33.3333
92.933413037,1200000,30.7692
93.035485329,1200000,30.7692
93.137655746,1200000,30
93.239878819,1200000,28.9474
93.341808923,1200000,30.7692
93.443429235,1200000,30
93.544937464,1200000,32.5
93.646768350,1200000,37.2093
93.748889287,1200000,28.2051
93.850868870,1200000,32.5
93.952419391,1200000,32.5
94.053824600,1200000,32.5
94.155738350,1200000,30.7692
94.257111943,1200000,30.7692
94.358941631,1200000,28.2051
94.459880172,1200000,32.5
94.561721110,1200000,30.7692
94.663704131,1200000,30.7692
94.765687828,1200000,31.7073
94.867136422,1200000,32.5
94.969556005,1200000,28.9474
95.071471578,1200000,31.7073
95.188486995,1200000,34.7826
95.290225276,1200000,32.5
95.392160068,1200000,30.7692
95.495376057,1200000,30
95.597207203,1200000,32.5
95.699827828,1200000,28.2051
95.801859130,1200000,30.7692
95.903918713,1200000,30.7692
96.005648818,1200000,28.2051
96.106968505,1200000,30.7692
96.209414286,1200000,30.7692
96.310542203,1200000,32.5
96.411888453,1200000,30
96.513354807,1200000,30.7692
96.620614182,1200000,29.2683
96.721894078,1200000,30
96.823226109,1200000,30.7692
96.924672203,1200000,32.5
97.026860380,1200000,37.2093
97.127765536,1200000,30.7692
97.229807307,1200000,28.2051
97.331849702,1200000,32.5
97.433590692,1200000,30.7692
97.535268817,1200000,32.5
97.637020588,1200000,33.3333
97.738879286,1200000,28.9474
97.840238192,1200000,32.5
97.941502359,1200000,28.9474
98.043738817,1200000,28.2051
98.145382358,1200000,28.9474
98.247130588,1200000,30.7692
98.349325015,1200000,28.2051
98.451384650,1200000,34.1463
98.553550431,1200000,28.9474
98.655383035,1200000,31.7073
98.757091994,1200000,35.7143
98.858911525,1200000,28.9474
98.960660171,1200000,32.5
99.062298764,1200000,30
99.163722827,1200000,30.7692
99.265223139,1200000,32.5
99.367043348,1200000,32.5
99.468935639,1200000,28.2051
99.570157775,1200000,32.5
99.672136160,1200000,30.7692
99.774087410,1200000,30.7692
99.875811316,1200000,30
99.980353451,1200000,30
100.081896160,1200000,28.9474
100.205186681,1200000,36
100.306321524,1200000,34.1463
100.407644024,1200000,30.7692
100.509744753,1200000,27.027
100.611363139,1200000,30.7692
100.712992670,1200000,33.3333
100.814428503,1200000,32.5
100.915900274,1200000,30.7692
101.016972461,1200000,32.5
101.119257097,1200000,28.2051
101.220516784,1200000,32.5
101.322183295,1200000,30.7692
101.423575326,1200000,30.7692
101.525254597,1200000,30.7692
101.627002826,1200000,34.1463
101.728771732,1200000,30.7692
101.830571367,1200000,32.5
101.932607774,1200000,31.7073
102.040877930,1200000,35.5556
102.142110065,1200000,30.7692
102.244433294,1200000,32.5
102.347971732,1200000,35.7143
102.455230117,1200000,35.7143
102.559989961,1200000,34.1463
102.667388190,1200000,31.7073
102.770922825,1200000,33.3333
102.872322930,1200000,32.5
102.974376107,1200000,34.1463
103.075687773,1200000,30.7692
103.177340586,1200000,34.1463
103.278205690,1200000,32.5
103.379532877,1200000,28.9474
103.480942461,1200000,34.8837
103.582030429,1200000,30.7692
103.683499856,1200000,30.7692
103.784938450,1200000,30.7692
103.885812981,1200000,35.7143
103.987619804,1200000,30.7692
104.089448294,1200000,28.2051
104.190913971,1200000,32.5
104.292527096,1200000,30.7692
104.394460585,1200000,32.5
104.495887669,1200000,34.1463
104.597406002,1200000,27.027
104.699381158,1200000,28.2051
104.800337668,1200000,32.5
104.901789127,1200000,28.9474
105.003406158,1200000,28.9474
105.106837356,1200000,34.1463
105.219912199,1200000,30.9524
105.321223137,1200000,32.5
105.422657720,1200000,32.5
105.523673345,1200000,35.7143
105.624755689,1200000,28.9474
105.726310845,1200000,33.3333
105.827685064,1200000,30.7692
105.930045480,1200000,32.5
106.032366887,1200000,30.7692
106.133547512,1200000,30.7692
106.235038970,1200000,28.2051
106.336131470,1200000,34.1463
106.438716053,1200000,32.5
106.540387928,1200000,32.5
106.642147043,1200000,30.7692
106.743576105,1200000,30.7692
106.845031313,1200000,30.7692
106.946654282,1200000,34.8837
107.048680428,1200000,34.1463
107.150228970,1200000,32.5
107.251850428,1200000,30.7692
107.353441209,1200000,30.7692
107.456464334,1200000,34.8837
107.558139334,1200000,30.7692
107.660183813,1200000,32.5
107.762167615,1200000,28.2051
107.863495688,1200000,30.7692
107.965199803,1200000,32.5
108.067011261,1200000,34.1463
108.168213969,1200000,34.8837
108.270181886,1200000,32.5
108.371255584,1200000,28.9474
108.472800896,1200000,30.7692
108.575122771,1200000,35.7143
108.676439802,1200000,31.7073
108.777822094,1200000,30.7692
108.879732406,1200000,28.9474
108.983473604,1200000,28.2051
109.085212719,1200000,32.5
109.186411573,1200000,35.7143
109.287735167,1200000,30.7692
109.389456260,1200000,28.9474
109.490265792,1200000,32.5
109.591864125,1200000,28.2051
109.693468396,1200000,28.9474
109.794875062,1200000,32.5
109.896293916,1200000,35.7143
109.997657458,1200000,32.5
110.099952302,1200000,32.5
110.212662406,1200000,36.3636
110.313491000,1200000,35.7143
110.415016781,1200000,31.7073
110.517137822,1200000,34.1463
110.619531885,1200000,28.9474
110.721549385,1200000,30
110.822645739,1200000,32.5
110.923668864,1200000,30.7692
111.025418708,1200000,30.7692
111.127267822,1200000,34.1463
111.229995478,1200000,28.2051
111.332105530,1200000,28.9474
111.433531468,1200000,28.2051
111.535340010,1200000,30.7692
111.636988187,1200000,35.7143
111.738814489,1200000,32.5
111.845093707,1200000,31.8182
111.948264489,1200000,34.1463
112.049729020,1200000,30
112.151603030,1200000,32.5
112.253455582,1200000,30.7692
112.355344957,1200000,33.3333
112.456715113,1200000,32.5
112.558064072,1200000,32.5
112.659963863,1200000,32.5
112.761730374,1200000,30.7692
112.863515790,1200000,30
112.965109749,1200000,30.7692
113.066644228,1200000,35.7143
113.167943446,1200000,34.1463
113.269748915,1200000,28.9474
113.371266936,1200000,30
113.473560061,1200000,32.5
113.575017144,1200000,32.5
113.676655894,1200000,35.7143
113.778482040,1200000,30
113.880320998,1200000,34.1463
113.982129436,1200000,28.9474
114.083687248,1200000,28.9474
114.185311831,1200000,31.7073
114.287666206,1200000,30.7692
114.389963342,1200000,26.3158
114.491801102,1200000,30.7692
114.593670113,1200000,28.9474
114.695260477,1200000,36.3636
114.796844435,1200000,35.7143
114.898018758,1200000,30.7692
115.002626571,1200000,30
115.107470269,1200000,34.1463
115.221488498,1200000,31.8182
115.322966258,1200000,32.5
115.424212144,1200000,33.3333
115.525394487,1200000,28.9474
115.626973393,1200000,35.7143
115.728891883,1200000,32.5
115.830548550,1200000,32.5
115.932773602,1200000,30
116.034385633,1200000,34.1463
116.135820997,1200000,32.5
116.237803445,1200000,28.2051
116.339989851,1200000,30.7692
116.442246206,1200000,28.9474
116.544159695,1200000,32.5
116.646598289,1200000,31.7073
116.747691622,1200000,30.7692
116.850039643,1200000,32.5
116.951956622,1200000,28.9474
117.053443705,1200000,30.7692
117.154966778,1200000,30
117.256295789,1200000,35.7143
117.357452612,1200000,30.7692
117.459767403,1200000,27.027
117.561396309,1200000,30.7692
117.662507872,1200000,34.8837
117.763557820,1200000,30.7692
117.865240788,1200000,32.5
117.968144903,1200000,32.5
118.069691413,1200000,28.9474
118.171072663,1200000,33.3333
118.272622976,1200000,32.5
118.373569069,1200000,34.1463
118.475111674,1200000,32.5
118.576563236,1200000,34.1463
118.677599538,1200000,30.7692
118.779893496,1200000,30
118.881700788,1200000,30.7692
118.983136153,1200000,30.7692
119.084166725,1200000,32.5
119.185546777,1200000,30.7692
119.287214434,1200000,31.7073
119.388862454,1200000,28.9474
119.491596517,1200000,34.1463
119.593027767,1200000,30.7692
119.695008756,1200000,31.7073
119.796455892,1200000,34.1463
119.897895631,1200000,30.7692
120.000124850,1200000,32.5
120.102030788,1200000,30
120.215408965,1200000,37.7778
120.317072142,1200000,35.7143
120.418553860,1200000,30.7692
120.520257714,1200000,31.7073
120.622264225,1200000,30.7692
120.724163912,1200000,34.1463
120.825936412,1200000,30
120.927378756,1200000,28.9474
121.030934381,1200000,34.1463
121.133410527,1200000,30
121.234626777,1200000,32.5
121.335963652,1200000,32.5
121.437474120,1200000,34.1463
121.540043547,1200000,30
121.642126360,1200000,28.9474
121.744070735,1200000,30.7692
121.846101933,1200000,31.7073
121.948183704,1200000,30
122.050052870,1200000,32.5
122.152045891,1200000,30.7692
122.254244641,1200000,30
122.356090735,1200000,32.5
122.458103651,1200000,30.7692
122.560183964,1200000,30.7692
122.662480162,1200000,33.3333
122.764085318,1200000,32.5
122.865836516,1200000,28.9474
122.967762141,1200000,30
123.070264224,1200000,32.5
123.172607036,1200000,30
123.274153911,1200000,34.1463
123.376071359,1200000,32.5
123.477854380,1200000,28.2051
123.580169640,1200000,32.5
123.682160370,1200000,30.7692
123.783781411,1200000,30
123.885542244,1200000,30.7692
123.990488442,1200000,31.7073
124.092821671,1200000,32.5
124.194170265,1200000,31.7073
124.295983963,1200000,30.7692
124.397574380,1200000,30.7692
124.499828703,1200000,28.2051
124.601925786,1200000,30.7692
124.703846411,1200000,30.7692
124.806278494,1200000,28.2051
124.908237713,1200000,30.7692
125.010136775,1200000,32.5
125.112999848,1200000,30.7692
125.224440109,1200000,36.3636
125.325871411,1200000,34.1463
125.427578338,1200000,30
125.529638650,1200000,30.7692
125.631425056,1200000,32.5
125.732864483,1200000,34.1463
125.833782973,1200000,34.1463
125.934442087,1200000,30.7692
126.036353494,1200000,34.1463
126.137312816,1200000,32.5
126.239361931,1200000,28.2051
126.341389848,1200000,35.7143
126.443395316,1200000,28.9474
126.545166775,1200000,28.2051
126.646624795,1200000,32.5
126.748284795,1200000,30.7692
126.850104743,1200000,32.5
126.953522712,1200000,31.7073
127.054931827,1200000,32.5
127.156169483,1200000,34.1463
127.258068910,1200000,32.5
127.360069170,1200000,30.7692
127.461860785,1200000,28.2051
127.563166462,1200000,30.7692
127.664410368,1200000,32.5
127.766159274,1200000,35.7143
127.867135628,1200000,30.7692
127.968444326,1200000,30.7692
128.069852087,1200000,32.5
128.171314795,1200000,30
128.272685264,1200000,32.5
128.373839378,1200000,34.1463
128.477095628,1200000,30.7692
128.578910368,1200000,30
128.680925107,1200000,34.1463
128.783247138,1200000,28.2051
128.884989586,1200000,32.5
128.986355003,1200000,38.6364
129.088054482,1200000,30.7692
129.190364847,1200000,30
129.292669169,1200000,30.7692
129.394876357,1200000,31.7073
129.496516096,1200000,35.7143
129.597879326,1200000,30.7692
129.700198336,1200000,30
129.802327503,1200000,30.7692
129.904028336,1200000,30.7692
130.006429950,1200000,34.1463
130.108012919,1200000,30
130.221740680,1200000,34.8837
130.322437815,1200000,32.5
130.423950315,1200000,32.5
130.525413752,1200000,28.9474
130.626693231,1200000,35.7143
130.728117294,1200000,30.7692
130.829964221,1200000,31.7073
130.931472346,1200000,30.7692
131.032976669,1200000,32.5
131.133804533,1200000,32.5
131.235188752,1200000,30.7692
131.336968648,1200000,33.3333
131.438500627,1200000,32.5
131.540605887,1200000,37.2093
131.642410262,1200000,30.7692
131.743860158,1200000,32.5
131.845288648,1200000,30.7692
131.946476200,1200000,34.1463
132.047963752,1200000,30
132.149677033,1200000,30.7692
132.252799585,1200000,35
132.354055106,1200000,32.5
132.455544689,1200000,30.7692
132.557069272,1200000,34.8837
132.658515002,1200000,32.5
132.759818804,1200000,30.7692
132.861394481,1200000,32.5
132.965712970,1200000,31.7073
133.067353699,1200000,32.5
133.168847918,1200000,28.2051
133.270312918,1200000,32.5
133.371899897,1200000,30.7692
133.473484220,1200000,30.7692
133.575121459,1200000,32.5
133.676802762,1200000,33.3333
133.778576511,1200000,30.7692
133.880015366,1200000,32.5
133.981462189,1200000,30.7692
134.083008022,1200000,28.9474
134.184654532,1200000,33.3333
134.286049168,1200000,32.5
134.387778126,1200000,28.9474
134.491473334,1200000,33.3333
134.592971251,1200000,30.7692
134.694500938,1200000,34.1463
134.795712761,1200000,34.1463
134.897377709,1200000,30.7692
134.998803907,1200000,28.2051
135.100482084,1200000,32.5
135.214773386,1200000,36.3636
135.315597553,1200000,32.5
135.417735834,1200000,34.1463
135.520299115,1200000,30
135.622593750,1200000,32.5
135.724096302,1200000,33.3333
135.826097813,1200000,32.5
135.927349011,1200000,30.7692
136.030541719,1200000,30
136.132471771,1200000,30.7692
136.233912448,1200000,30.7692
136.335618750,1200000,28.9474
136.437352292,1200000,33.3333
136.540140313,1200000,32.5
136.642345625,1200000,28.2051
136.744198698,1200000,30.7692
136.845840677,1200000,30.7692
136.947639375,1200000,28.2051
137.050133177,1200000,30.7692
137.152026771,1200000,28.9474
137.253722500,1200000,30
137.354811614,1200000,31.5789
137.459719218,1200000,34.8837
137.561243281,1200000,33.3333
137.663927291,1200000,30.7692
137.765783593,1200000,30
137.867451458,1200000,32.5
137.969743645,1200000,28.9474
138.071089114,1200000,34.1463
138.172547551,1200000,30.7692
138.274040676,1200000,34.8837
138.375550520,1200000,28.9474
138.477090051,1200000,35.7143
138.578600103,1200000,32.5
138.680412083,1200000,32.5
138.782232083,1200000,30
138.883892916,1200000,30.7692
138.986373489,1200000,30.7692
139.088003749,1200000,30.7692
139.189903957,1200000,28.2051
139.292271457,1200000,28.9474
139.394291457,1200000,31.7073
139.496955988,1200000,32.5
139.598823749,1200000,30
139.701363957,1200000,34.1463
139.802978593,1200000,32.5
139.904962811,1200000,33.3333
140.006665207,1200000,35.7143
140.108343072,1200000,32.5
140.221703228,1200000,37.7778
140.323572655,1200000,30.7692
140.425454217,1200000,32.5
140.527728957,1200000,31.7073
140.630139061,1200000,30.7692
140.732379426,1200000,30.7692
140.833699686,1200000,30.7692
140.935536144,1200000,30
141.037210936,1200000,32.5
141.139198123,1200000,30.7692
141.240433696,1200000,32.5
141.341967186,1200000,30
141.443986821,1200000,30.7692
141.546361821,1200000,32.5
141.647644581,1200000,30
141.749858175,1200000,27.027
141.852235988,1200000,28.9474
141.953847185,1200000,31.7073
142.057896977,1200000,30
142.160342862,1200000,30.7692
142.262234217,1200000,30.7692
142.364161144,1200000,31.7073
142.466245414,1200000,31.7073
142.568019946,1200000,30.7692
142.669653539,1200000,28.9474
142.772027654,1200000,33.3333
142.873895623,1200000,30.7692
142.975080779,1200000,27.027
143.076462029,1200000,35.7143
143.178611560,1200000,31.7073
143.281307185,1200000,35.7143
143.382692654,1200000,32.5
143.484551039,1200000,34.1463
143.585916872,1200000,31.7073
143.687347758,1200000,28.9474
143.788911091,1200000,28.9474
143.890917133,1200000,34.1463
143.993346716,1200000,31.7073
144.094954112,1200000,30.7692
144.196398018,1200000,34.1463
144.298217341,1200000,30
144.400272914,1200000,32.5
144.502302809,1200000,30.7692
144.604067809,1200000,30
144.705915101,1200000,32.5
144.807736247,1200000,28.9474
144.909854320,1200000,26.3158
145.012425257,1200000,32.5
145.114100830,1200000,30.7692
145.228645257,1200000,36.9565
145.330342080,1200000,32.5
145.432051872,1200000,30.7692
145.533670986,1200000,28.2051
145.635673799,1200000,30.7692
145.737407392,1200000,32.5
145.839414996,1200000,28.2051
145.940869111,1200000,34.1463
146.042904319,1200000,28.9474
146.144431246,1200000,32.5
146.245929111,1200000,33.3333
146.347005257,1200000,30.7692
146.448626975,1200000,32.5
146.551429319,1200000,37.2093
146.653347027,1200000,34.1463
146.755500621,1200000,30
146.857474475,1200000,30.7692
146.959710361,1200000,28.9474
147.061376246,1200000,34.8837
147.162930361,1200000,30.7692
147.264525673,1200000,34.1463
147.366452079,1200000,33.3333
147.468016558,1200000,30.7692
147.570666454,1200000,30.7692
147.672339319,1200000,30.7692
147.774183537,1200000,30
147.875825204,1200000,30.7692
147.978268954,1200000,32.5
148.080740725,1200000,32.5
148.182626610,1200000,30
148.283745308,1200000,34.1463
148.385372391,1200000,30.7692
148.487473745,1200000,31.7073
148.589576818,1200000,27.027
148.691248537,1200000,34.1463
148.792488589,1200000,30.7692
148.893700464,1200000,34.1463
148.995754110,1200000,28.2051
149.097234006,1200000,30.7692
149.199885204,1200000,30.7692
149.302373953,1200000,30
149.403621922,1200000,30.7692
149.505774787,1200000,32.5
149.607264266,1200000,32.5
149.709147703,1200000,27.027
149.810413120,1200000,32.5
149.911650932,1200000,31.7073
150.013546349,1200000,28.9474
150.115609162,1200000,30.7692
150.233716141,1200000,31.1111
150.335130828,1200000,30.7692
150.436487495,1200000,32.5
150.538447651,1200000,30.7692
150.640538588,1200000,31.7073
150.741945255,1200000,32.5
150.843750828,1200000,28.9474
150.945845828,1200000,28.2051
151.049417026,1200000,28.9474
151.151287390,1200000,31.7073
151.253059317,1200000,34.1463
151.354706609,1200000,34.1463
151.456203171,1200000,34.1463
151.558469473,1200000,28.2051
151.659962182,1200000,32.5
151.761391817,1200000,30.7692
151.863335203,1200000,30.7692
151.964682494,1200000,31.7073
152.066748067,1200000,34.1463
152.169196973,1200000,28.9474
152.270333588,1200000,31.7073
152.371921921,1200000,30.7692
152.476320306,1200000,31.7073
152.578418015,1200000,32.5
152.685027546,1200000,30.9524
152.786114577,1200000,35.7143
152.887214942,1200000,32.5
152.989477494,1200000,28.2051
153.090706817,1200000,32.5
153.192131296,1200000,30.7692
153.293889629,1200000,28.9474
153.395571817,1200000,28.9474
153.497538327,1200000,30
153.599886139,1200000,27.027
153.701884785,1200000,30
153.803443171,1200000,28.9474
153.905449629,1200000,30.7692
154.007118431,1200000,35.7143
154.109388066,1200000,28.9474
154.211223483,1200000,34.8837
154.312977962,1200000,28.9474
154.414491191,1200000,34.1463
154.515788222,1200000,32.5
154.617146347,1200000,30
154.720173274,1200000,28.9474
154.822091191,1200000,30
154.923502649,1200000,28.9474
155.025570201,1200000,30.7692
155.127273639,1200000,31.7073
155.240037076,1200000,38.6364
155.340440930,1200000,32.5
155.442061972,1200000,30.7692
155.543703639,1200000,32.5
155.645985774,1200000,32.5
155.747270930,1200000,30.7692
155.850159211,1200000,26.3158
155.951555305,1200000,30.7692
156.053489003,1200000,30
156.155182128,1200000,32.5
156.256980409,1200000,32.5
156.360017597,1200000,28.2051
156.461452128,1200000,30.7692
156.563425357,1200000,30.7692
156.665025565,1200000,28.2051
156.766739992,1200000,35.7143
156.868617805,1200000,30.7692
156.970715253,1200000,34.1463
157.072322596,1200000,30
157.173641971,1200000,30.7692
157.275242700,1200000,34.1463
157.376777336,1200000,34.1463
157.478756294,1200000,32.5
157.579805825,1200000,31.7073
157.687164679,1200000,30.9524
157.788686190,1200000,31.7073
157.890030148,1200000,32.5
157.992085096,1200000,28.9474
158.093695304,1200000,30.7692
158.195403586,1200000,31.7073
158.297388013,1200000,32.5
158.399762908,1200000,26.3158
158.502211085,1200000,30.7692
158.603476502,1200000,28.9474
158.705140825,1200000,35.7143
158.806236346,1200000,34.1463
158.907405721,1200000,30.7692
159.008765773,1200000,30.7692
159.110600773,1200000,31.7073
159.212112387,1200000,30.7692
159.313627179,1200000,30.7692
159.415288533,1200000,30.7692
159.517998012,1200000,31.7073
159.620087283,1200000,28.9474
159.721881345,1200000,30
159.823672960,1200000,30.7692
159.925302022,1200000,32.5
160.027256762,1200000,34.1463
160.131538689,1200000,28.2051
160.244307751,1200000,38.6364
160.345663012,1200000,34.1463
160.447061033,1200000,30.7692
160.548883220,1200000,30.7692
160.650734730,1200000,31.7073
160.753215876,1200000,30.7692
160.855226449,1200000,34.1463
160.956829522,1200000,31.7073
161.058274782,1200000,32.5
161.159803741,1200000,30.7692
161.261015407,1200000,28.9474
161.362265720,1200000,32.5
161.463373949,1200000,28.9474
161.566312959,1200000,34.8837
161.667120668,1200000,31.5789
161.768442595,1200000,31.7073
161.869999105,1200000,32.5
161.971333063,1200000,30.7692
162.072666605,1200000,30.7692
162.173729001,1200000,34.1463
162.275277282,1200000,30.7692
162.376841917,1200000,34.8837
162.480970303,1200000,32.5
162.582420094,1200000,30.7692
162.684198584,1200000,30.7692
162.785665719,1200000,35.7143
162.887671813,1200000,32.5
162.989881448,1200000,28.2051
163.091206917,1200000,30.7692
163.192741500,1200000,30.7692
163.293568636,1200000,34.1463
163.395064104,1200000,28.9474
163.496246292,1200000,35.7143
163.597854677,1200000,30.7692
163.699815563,1200000,30
163.801170042,1200000,32.5
163.902763583,1200000,30.7692
164.004593010,1200000,32.5
164.105974781,1200000,31.7073
164.207251656,1200000,30.7692
164.308784104,1200000,28.9474
164.410252541,1200000,32.5
164.512216396,1200000,30.7692
164.613612750,1200000,28.9474
164.715268271,1200000,32.5
164.816828270,1200000,33.3333
164.918780770,1200000,30.7692
165.020111083,1200000,32.5
165.121850666,1200000,28.9474
165.235776239,1200000,37.7778
165.337626135,1200000,28.2051
165.439746135,1200000,28.9474
165.541507124,1200000,30.7692
165.643747906,1200000,30
165.745406395,1200000,28.9474
165.847725458,1200000,33.3333
165.949800978,1200000,27.027
166.052325562,1200000,32.5
166.154165249,1200000,31.7073
166.256057385,1200000,32.5
166.358119103,1200000,28.9474
166.460243270,1200000,30
166.562554989,1200000,30.7692
166.663679728,1200000,32.5
166.765451916,1200000,32.5
166.867181968,1200000,31.7073
166.969311811,1200000,28.9474
167.070680613,1200000,32.5
167.172205353,1200000,30.7692
167.273714936,1200000,30
167.375572280,1200000,28.9474
167.477447332,1200000,32.5
167.579320509,1200000,28.9474
167.680549728,1200000,32.5
167.787240144,1200000,28.5714
167.888896082,1200000,30
167.990236498,1200000,32.5
168.091853425,1200000,28.9474
168.193683113,1200000,28.9474
168.295266394,1200000,32.5
168.396976863,1200000,33.3333
168.499633425,1200000,28.9474
168.601521238,1200000,32.5
168.703415873,1200000,30
168.805303477,1200000,34.1463
168.907282696,1200000,32.5
169.010931654,1200000,30
169.111896081,1200000,30.7692
169.213554154,1200000,28.9474
169.315391029,1200000,30
169.417183373,1200000,35.7143
169.519788008,1200000,26.3158
169.621536967,1200000,30.7692
169.723512800,1200000,30.7692
169.824506914,1200000,34.1463
169.926032227,1200000,32.5
170.027094987,1200000,28.2051
170.128504987,1200000,32.5
170.242340664,1200000,34.8837
170.343638320,1200000,30.7692
170.444979779,1200000,28.9474
170.547736758,1200000,34.8837
170.649182279,1200000,27.027
170.750836654,1200000,32.5
170.852793581,1200000,30.7692
