time,freq,util
.103611823,1200000,42.1053
.205055625,1200000,34.1463
.307122552,1200000,28.9474
.409233854,1200000,32.5
.511263802,1200000,31.7073
.613077761,1200000,30.7692
.715202396,1200000,32.5
.817542500,1200000,30
.919530781,1200000,32.5
1.021764323,1200000,34.1463
1.124298281,1200000,30
1.226656719,1200000,34.1463
1.328479323,1200000,32.5
1.430981562,1200000,30
1.533042812,1200000,32.5
1.635442864,1200000,32.5
1.737300521,1200000,30
1.839336510,1200000,32.5
1.942412916,1200000,34.1463
2.045571145,1200000,30
2.147444531,1200000,30.7692
2.248878072,1200000,37.2093
2.351429791,1200000,31.7073
2.453424270,1200000,32.5
2.555384166,1200000,32.5
2.657416406,1200000,30
2.758959947,1200000,32.5
2.860815624,1200000,32.5
2.962755260,1200000,28.9474
3.064971666,1200000,30
3.167156041,1200000,30.7692
3.269072603,1200000,30.7692
3.370992187,1200000,32.5
3.475257603,1200000,31.7073
3.577330311,1200000,30.7692
3.679421509,1200000,31.7073
3.781548228,1200000,34.1463
3.883884530,1200000,30.7692
3.986559426,1200000,31.7073
4.088604322,1200000,28.9474
4.190656197,1200000,28.2051
4.292860624,1200000,30.7692
4.395296092,1200000,30.7692
4.497422394,1200000,30
4.598909374,1200000,32.5
4.701005103,1200000,32.5
4.803036092,1200000,30
4.906459321,1200000,30.7692
5.011547759,1200000,34.1463
5.119578905,1200000,34.1463
5.221560571,1200000,35.7143
5.323429790,1200000,32.5
5.425217498,1200000,31.7073
5.527656040,1200000,30.7692
5.630219842,1200000,34.1463
5.731798540,1200000,33.3333
5.833641821,1200000,30.7692
5.936070727,1200000,34.1463
6.038728175,1200000,30
6.140917758,1200000,30.7692
6.242554894,1200000,30.7692
6.345592758,1200000,30
6.448562446,1200000,28.9474
6.550936196,1200000,30
6.652764060,1200000,28.9474
6.755223227,1200000,32.5
6.857486091,1200000,30
6.958878175,1200000,30.7692
7.081542029,1200000,40.4255
7.203610571,1200000,40.4255
7.306337133,1200000,32.5
7.408779060,1200000,28.9474
7.511556404,1200000,30
7.616120883,1200000,32.5
7.725153070,1200000,32.5581
7.826822862,1200000,30.7692
7.929032914,1200000,30.7692
8.031276872,1200000,34.1463
8.134082289,1200000,30
8.237549008,1200000,32.5
8.343843539,1200000,41.3043
8.460192758,1200000,34.7826
8.562300310,1200000,30.7692
8.665956195,1200000,30
8.768407237,1200000,28.9474
8.870897497,1200000,31.7073
8.974955882,1200000,30.7692
9.077694997,1200000,30.7692
9.181720934,1200000,37.7778
9.284760153,1200000,28.2051
9.387334059,1200000,32.5
9.488787549,1200000,30.7692
9.597016663,1200000,29.2683
9.700175101,1200000,35.7143
9.802022809,1200000,35.7143
9.903625413,1200000,32.5
10.006529215,1200000,35.7143
10.118428642,1200000,34.8837
10.222457705,1200000,37.2093
10.324534580,1200000,27.027
10.427072028,1200000,31.7073
10.529299059,1200000,30.7692
10.631355986,1200000,33.3333
10.734455673,1200000,28.9474
10.837295986,1200000,30.7692
10.941272496,1200000,33.3333
11.043391507,1200000,32.5
11.148538173,1200000,34.8837
11.250696298,1200000,31.7073
11.352873381,1200000,32.5
11.455092704,1200000,32.5
11.557257079,1200000,30
11.659624683,1200000,32.5
11.761422808,1200000,34.1463
11.864360048,1200000,28.2051
11.967123590,1200000,30.7692
12.069072912,1200000,30.7692
12.174360256,1200000,30.9524
12.276999892,1200000,34.1463
12.384357912,1200000,33.3333
12.486505725,1200000,34.1463
12.589029058,1200000,28.2051
12.691789006,1200000,34.1463
12.793848381,1200000,30
12.896375360,1200000,32.5
12.998335620,1200000,30.7692
13.100977235,1200000,30
13.207074006,1200000,28.2051
13.308972860,1200000,30.7692
13.411296089,1200000,33.3333
13.513681558,1200000,34.1463
13.616212339,1200000,35.7143
13.718864891,1200000,26.3158
13.828877755,1200000,41.8605
13.958503901,1200000,51.0638
14.061536349,1200000,31.7073
14.165795672,1200000,34.1463
14.269491870,1200000,28.2051
14.371685047,1200000,34.1463
14.473617078,1200000,30.7692
14.576005203,1200000,34.1463
14.678046036,1200000,30
14.780715568,1200000,32.5
14.882843380,1200000,32.5
14.985169161,1200000,28.2051
15.101615307,1200000,38.2979
15.205679474,1200000,30
15.308206088,1200000,28.9474
15.411146922,1200000,35.7143
15.513596244,1200000,32.5
15.615419786,1200000,31.7073
15.718155984,1200000,30.7692
15.822021401,1200000,36.3636
15.925345619,1200000,28.9474
16.027152130,1200000,30
16.130146765,1200000,35.7143
16.232267702,1200000,34.1463
16.334887025,1200000,30
16.437521088,1200000,32.5
16.539047182,1200000,34.1463
16.640483796,1200000,28.2051
16.742147025,1200000,34.1463
16.844779890,1200000,28.9474
16.947275567,1200000,34.1463
17.048531296,1200000,32.5
17.150719421,1200000,30
17.253064265,1200000,30.7692
17.354928171,1200000,30
17.457198692,1200000,30.7692
17.558790150,1200000,30.7692
17.660927181,1200000,30
17.762679421,1200000,32.5
17.865376869,1200000,30.7692
17.967567077,1200000,31.7073
18.069533379,1200000,34.1463
18.171623379,1200000,34.1463
18.275285618,1200000,31.7073
18.377313587,1200000,30.7692
18.481151139,1200000,31.7073
18.582743795,1200000,30.7692
18.693238587,1200000,29.5455
18.795650774,1200000,32.5
18.898577493,1200000,28.2051
19.000922858,1200000,30.7692
19.102842858,1200000,28.9474
19.205318274,1200000,31.7073
19.308009420,1200000,32.5
19.410119785,1200000,33.3333
19.512163535,1200000,32.5
19.614412910,1200000,28.2051
19.716528014,1200000,34.1463
19.818457909,1200000,30.7692
19.921078222,1200000,34.1463
20.025198639,1200000,32.5
20.137663899,1200000,32.5581
20.239731295,1200000,34.1463
20.341573638,1200000,33.3333
20.443433118,1200000,30.7692
20.546166503,1200000,34.1463
20.648417492,1200000,28.2051
20.750910617,1200000,30.7692
20.852785097,1200000,30
20.955883742,1200000,32.5
21.058693690,1200000,28.2051
21.160854992,1200000,30.7692
21.262451242,1200000,28.9474
21.365995044,1200000,31.7073
21.468680878,1200000,28.9474
21.571108169,1200000,28.2051
21.672906086,1200000,30.7692
21.775446659,1200000,32.5
21.877533065,1200000,31.7073
21.979058013,1200000,34.1463
22.080684419,1200000,30.7692
22.183311294,1200000,32.5
22.285350304,1200000,31.7073
22.387459315,1200000,30.7692
22.489227075,1200000,32.5
22.591509158,1200000,31.7073
22.693147544,1200000,30.7692
22.795392700,1200000,30.7692
22.898684523,1200000,30
23.000553064,1200000,28.9474
23.102772648,1200000,30.7692
23.205674731,1200000,31.7073
23.308247596,1200000,30.7692
23.410376971,1200000,32.5
23.512206866,1200000,33.3333
23.614666398,1200000,27.027
23.717406189,1200000,30.7692
23.819096866,1200000,30
23.920605981,1200000,32.5
24.022410616,1200000,34.1463
24.125133272,1200000,30
24.227069106,1200000,30.7692
24.339109731,1200000,47.7273
24.464815408,1200000,55.3191
24.570168793,1200000,36.5854
24.672296606,1200000,32.5
24.774715980,1200000,28.2051
24.876860668,1200000,30.7692
24.978888637,1200000,30.7692
25.094938845,1200000,32.5581
25.197415720,1200000,30.7692
25.299175459,1200000,31.7073
25.401547699,1200000,34.1463
25.503497022,1200000,31.7073
25.606035459,1200000,34.1463
25.708379261,1200000,32.5
25.810730980,1200000,31.7073
25.913080095,1200000,30.7692
26.014797438,1200000,32.5
26.117475928,1200000,28.9474
26.218766397,1200000,31.7073
26.320837490,1200000,30.7692
26.422425928,1200000,32.5
26.524972594,1200000,28.2051
26.627602594,1200000,28.9474
26.729090667,1200000,34.1463
26.831710928,1200000,31.7073
26.933371657,1200000,30.7692
27.035444782,1200000,31.7073
27.137883323,1200000,28.9474
27.239867802,1200000,32.5
27.341431136,1200000,34.8837
27.443865771,1200000,30.7692
27.546380563,1200000,34.1463
27.647892646,1200000,30.7692
27.749283479,1200000,34.1463
27.850748323,1200000,30
27.953055354,1200000,30.7692
28.055409052,1200000,30.7692
28.157420042,1200000,30
28.258829469,1200000,30.7692
28.360607021,1200000,28.9474
28.462206708,1200000,32.5
28.565697854,1200000,31.7073
28.667719364,1200000,30.7692
28.770860302,1200000,34.1463
28.876424156,1200000,31.7073
28.979687854,1200000,32.5
29.081672750,1200000,33.3333
29.184329573,1200000,30.7692
29.286375041,1200000,32.5
29.388883895,1200000,30
29.490706864,1200000,30.7692
29.592509052,1200000,30.7692
29.695278999,1200000,30
29.798057593,1200000,30.7692
29.920042645,1200000,53.0612
30.058255666,1200000,52.9412
30.160426551,1200000,30
30.262139520,1200000,32.5
30.364990822,1200000,30.7692
30.468422697,1200000,28.2051
30.570703166,1200000,30.7692
30.672675874,1200000,28.2051
30.775015145,1200000,30.7692
30.877507384,1200000,32.5
30.979296864,1200000,33.3333
31.081502749,1200000,34.1463
31.182956447,1200000,30.7692
31.285264624,1200000,31.7073
31.387318738,1200000,32.5
31.488995874,1200000,32.5
31.591271186,1200000,34.1463
31.693138165,1200000,30
31.795393530,1200000,32.5
31.897932228,1200000,28.9474
31.999738478,1200000,33.3333
32.101987644,1200000,37.2093
32.204444936,1200000,28.9474
32.307041655,1200000,31.7073
32.408835300,1200000,30.7692
32.511156030,1200000,31.7073
32.612853842,1200000,30.7692
32.715026967,1200000,32.5
32.816998009,1200000,31.7073
32.918862123,1200000,30.7692
33.020738321,1200000,30.7692
33.123075352,1200000,28.9474
33.225309259,1200000,30
33.327733321,1200000,30.7692
33.429774675,1200000,32.5
33.532124258,1200000,37.2093
33.634951029,1200000,28.2051
33.737244675,1200000,30.7692
33.838866862,1200000,30
33.941054571,1200000,28.9474
34.049407539,1200000,29.2683
34.152021289,1200000,32.5
34.266225612,1200000,34.0909
34.368119675,1200000,28.9474
34.470143112,1200000,33.3333
34.572462591,1200000,34.1463
34.675273529,1200000,30
34.777663893,1200000,30.7692
34.879399727,1200000,31.7073
34.981677279,1200000,35.7143
35.092613685,1200000,39.5349
35.194811341,1200000,28.9474
35.314165872,1200000,55.5556
35.434374206,1200000,47.7273
35.536827487,1200000,32.5
35.638961289,1200000,32.5
35.741171966,1200000,30
35.843679205,1200000,30
35.946337330,1200000,34.1463
36.048052799,1200000,28.9474
36.150240247,1200000,34.1463
36.252415403,1200000,31.7073
36.355003111,1200000,30.7692
36.458496393,1200000,28.2051
36.560732174,1200000,30.7692
36.662843111,1200000,30
36.765073007,1200000,30.7692
36.867183424,1200000,28.9474
36.968810143,1200000,30
37.071532070,1200000,34.1463
37.173278163,1200000,30.7692
37.275732330,1200000,31.7073
37.377224361,1200000,30.7692
37.478716861,1200000,32.5
37.580949517,1200000,30.7692
37.682792069,1200000,30
37.785188423,1200000,30.7692
37.887598163,1200000,30.7692
37.990755142,1200000,31.7073
38.092523059,1200000,32.5
38.195120402,1200000,32.5
38.297429413,1200000,28.2051
38.399097746,1200000,34.1463
38.500968423,1200000,30.7692
38.603660819,1200000,33.3333
38.705677538,1200000,32.5
38.807565923,1200000,30.7692
38.909112746,1200000,34.1463
39.010946392,1200000,33.3333
39.113475558,1200000,30
39.215431079,1200000,32.5
39.317445298,1200000,30.7692
39.421350506,1200000,34.8837
39.526765558,1200000,34.1463
39.635477641,1200000,30
39.737678214,1200000,30.7692
39.839514725,1200000,32.5
39.941114516,1200000,35.7143
40.052517537,1200000,35.5556
40.159613318,1200000,33.3333
40.261384672,1200000,34.1463
40.363232485,1200000,32.5
40.465537641,1200000,31.7073
40.578681912,1200000,50
40.701176860,1200000,55.3191
40.805662016,1200000,35
40.909468578,1200000,30
41.011398058,1200000,34.1463
41.113352641,1200000,32.5
41.215519099,1200000,31.7073
41.318162172,1200000,30.7692
41.420404568,1200000,30
41.522297745,1200000,32.5
41.625353734,1200000,28.9474
41.727364203,1200000,30
41.829087745,1200000,32.5
41.931171443,1200000,32.5
42.033335609,1200000,31.7073
42.135551078,1200000,32.5
42.237531703,1200000,30.7692
42.339530245,1200000,31.7073
42.441171495,1200000,36.5854
42.543565713,1200000,31.7073
42.646469880,1200000,34.1463
42.753270244,1200000,34.8837
42.862937797,1200000,34.8837
42.972546442,1200000,34.8837
43.075853421,1200000,34.1463
43.177352848,1200000,32.5
43.279214671,1200000,32.5
43.381435557,1200000,32.5
43.483366963,1200000,31.7073
43.587150973,1200000,34.1463
43.688696025,1200000,30
43.790879463,1200000,30.7692
43.892648942,1200000,28.9474
43.995062640,1200000,30.7692
44.097525869,1200000,30
44.199015869,1200000,32.5
44.301099202,1200000,32.5
44.402441494,1200000,32.5
44.504960192,1200000,30.7692
44.607246390,1200000,30
44.708598473,1200000,32.5
44.813169254,1200000,32.5
44.929730973,1200000,33.3333
45.030919931,1200000,35.7143
45.151872587,1200000,32.6087
45.257430400,1200000,28.2051
45.363428629,1200000,34.8837
45.471274618,1200000,34.1463
45.577735712,1200000,31.7073
45.679495452,1200000,34.1463
45.781214202,1200000,34.1463
45.886514045,1200000,38.0952
46.009667691,1200000,56.25
46.126987170,1200000,43.1818
46.228997379,1200000,30.7692
46.330405764,1200000,28.9474
46.432970556,1200000,30.7692
46.535263420,1200000,30
46.637438055,1200000,32.5
46.740741076,1200000,38.6364
46.844973055,1200000,33.3333
46.947612951,1200000,30
47.049880816,1200000,34.1463
47.152170972,1200000,34.1463
47.253916649,1200000,28.2051
47.356123836,1200000,32.5
47.458297951,1200000,30.7692
47.560530399,1200000,30
47.662610451,1200000,32.5
47.764838784,1200000,28.9474
47.867056232,1200000,30
47.969259097,1200000,30.7692
48.071237013,1200000,32.5
48.174120867,1200000,31.7073
48.276491597,1200000,32.5
48.378420659,1200000,28.9474
48.482751336,1200000,33.3333
48.585067013,1200000,30
48.687440190,1200000,30.7692
48.789183992,1200000,32.5
48.891528836,1200000,31.7073
48.993911023,1200000,30.7692
49.096464148,1200000,32.5
49.198660607,1200000,28.2051
49.300990554,1200000,32.5
49.403735138,1200000,28.9474
49.506230502,1200000,33.3333
49.608755242,1200000,28.9474
49.710933158,1200000,28.9474
49.812647377,1200000,28.2051
49.915799721,1200000,30.7692
50.017523367,1200000,32.5
50.130908679,1200000,38.6364
50.232590346,1200000,30.7692
50.345804408,1200000,40.4255
50.450507794,1200000,31.7073
50.552706387,1200000,30.7692
50.655325866,1200000,30
50.757069981,1200000,30.7692
50.859144512,1200000,30.7692
50.962109460,1200000,33.3333
51.064842741,1200000,28.9474
51.167160033,1200000,30
51.268644043,1200000,30.7692
51.386351283,1200000,53.3333
51.508067324,1200000,56
51.610243210,1200000,34.1463
51.712160501,1200000,32.5
51.815521283,1200000,28.2051
51.917661543,1200000,32.5
52.020468210,1200000,34.8837
52.122581283,1200000,34.1463
52.225483626,1200000,28.2051
52.327792585,1200000,30.7692
52.430259772,1200000,34.8837
52.532602741,1200000,32.5
52.635405970,1200000,30
52.737781699,1200000,30.7692
52.840239199,1200000,35.7143
52.945680918,1200000,32.5581
53.048385188,1200000,30.7692
53.150760813,1200000,30
53.253094095,1200000,34.1463
53.355239772,1200000,32.5
53.457758938,1200000,30
53.560046230,1200000,34.1463
53.662145449,1200000,34.8837
53.765450344,1200000,32.5
53.867744459,1200000,32.5
53.969735292,1200000,31.7073
54.071619042,1200000,35.7143
54.173488834,1200000,32.5
54.276274667,1200000,33.3333
54.378725032,1200000,28.9474
54.482978365,1200000,31.7073
54.585878938,1200000,30.7692
54.688127636,1200000,30
54.789606177,1200000,34.1463
54.891512375,1200000,34.1463
54.993393469,1200000,31.7073
55.106923625,1200000,37.2093
55.208598261,1200000,30.7692
55.310748469,1200000,30.7692
55.412870448,1200000,30
55.515522479,1200000,32.5
55.625089510,1200000,34.8837
55.730551802,1200000,33.3333
55.836292687,1200000,31.7073
55.940401229,1200000,35.7143
56.045462114,1200000,30.7692
56.147208469,1200000,30.7692
56.248679406,1200000,31.7073
56.350790239,1200000,30.7692
56.452988000,1200000,32.5
56.562346437,1200000,41.8605
56.681816958,1200000,57.4468
56.792526802,1200000,40.4762
56.894876177,1200000,28.9474
56.997495916,1200000,31.7073
57.099124249,1200000,30.7692
57.201000083,1200000,32.5
57.302794510,1200000,28.2051
57.406360551,1200000,34.1463
57.508235083,1200000,30.7692
57.610566541,1200000,30
57.712321333,1200000,34.1463
57.814962478,1200000,31.7073
57.917196332,1200000,32.5
58.018504301,1200000,30.7692
58.120526124,1200000,30.7692
58.222516072,1200000,28.2051
58.324952114,1200000,30.7692
58.427419718,1200000,31.7073
58.528703363,1200000,32.5
58.630877478,1200000,30.7692
58.732268728,1200000,34.1463
58.835153572,1200000,28.2051
58.938493259,1200000,30.7692
59.039793051,1200000,32.5
59.141842790,1200000,33.3333
59.244219613,1200000,30.7692
59.345588103,1200000,35.7143
59.447358780,1200000,31.7073
59.549017790,1200000,32.5
59.650910811,1200000,28.9474
59.758337582,1200000,26.8293
59.860839300,1200000,30
59.962846488,1200000,28.9474
60.069169821,1200000,38.6364
60.175930134,1200000,34.1463
60.277712790,1200000,30.7692
60.379096279,1200000,34.1463
60.482152113,1200000,32.5
60.584651019,1200000,30
60.686493519,1200000,32.5
60.795699977,1200000,33.3333
60.899423363,1200000,30
61.003126800,1200000,32.5
61.107148727,1200000,31.7073
61.209859560,1200000,32.5
61.313380758,1200000,33.3333
61.417134300,1200000,30.7692
61.520108883,1200000,34.1463
61.623406591,1200000,30
61.725178987,1200000,32.5
61.845045341,1200000,55.3191
61.965134248,1200000,55.3191
62.067363310,1200000,28.2051
62.169130341,1200000,32.5
62.271479091,1200000,32.5
62.374557529,1200000,30
62.476072424,1200000,35.7143
62.578312476,1200000,28.2051
62.680318518,1200000,32.5
62.782000393,1200000,34.1463
62.884894924,1200000,30
62.986976591,1200000,32.5
63.088731070,1200000,30.7692
63.191204612,1200000,31.7073
63.293116226,1200000,30.7692
63.395336382,1200000,30.7692
63.497593726,1200000,32.5
63.599300497,1200000,34.8837
63.701373570,1200000,32.5
63.802807007,1200000,30.7692
63.905188518,1200000,31.7073
64.007573257,1200000,28.9474
64.109216851,1200000,32.5
64.211468049,1200000,33.3333
64.314567736,1200000,28.9474
64.417529455,1200000,30
64.519460913,1200000,35.7143
64.621197424,1200000,33.3333
64.723142580,1200000,28.9474
64.830303309,1200000,34.0909
64.935259976,1200000,31.7073
65.037663517,1200000,31.7073
65.151193517,1200000,40
65.253239507,1200000,30.7692
65.355389871,1200000,32.5
65.457931902,1200000,30
65.560236225,1200000,34.1463
65.662412215,1200000,32.5
65.765138882,1200000,30
65.867864663,1200000,28.9474
65.971832475,1200000,34.8837
66.080724923,1200000,33.3333
66.183579194,1200000,33.3333
66.286638673,1200000,32.5
66.389306069,1200000,32.5
66.492617683,1200000,34.1463
66.595777579,1200000,31.7073
66.698860548,1200000,28.9474
66.801995131,1200000,34.8837
66.905846277,1200000,30.7692
67.016802162,1200000,43.1818
67.140598360,1200000,57.1429
67.251004871,1200000,40.4762
67.352863881,1200000,30.7692
67.454934037,1200000,30.7692
67.556301381,1200000,30.7692
67.658709141,1200000,28.2051
67.760474402,1200000,30.7692
67.862182422,1200000,33.3333
67.965217162,1200000,32.5
68.067100860,1200000,30.7692
68.169655131,1200000,32.5
68.271258776,1200000,33.3333
68.372667995,1200000,30.7692
68.474758828,1200000,27.027
68.576939974,1200000,30.7692
68.678832891,1200000,31.7073
68.780988985,1200000,30.7692
68.883174505,1200000,30
68.985546693,1200000,32.5
69.088385234,1200000,30
69.190495391,1200000,32.5
69.292500234,1200000,30
69.395139505,1200000,30.7692
69.496953307,1200000,30.7692
69.607433672,1200000,31.8182
69.709231224,1200000,32.5
69.811209505,1200000,34.8837
69.920012526,1200000,32.5581
70.021924244,1200000,37.2093
70.135533099,1200000,38.6364
70.237459140,1200000,31.7073
70.338812474,1200000,34.1463
70.440433463,1200000,28.9474
70.542595442,1200000,34.8837
70.645643359,1200000,30.7692
70.747633828,1200000,30.7692
70.848834869,1200000,34.1463
70.951992005,1200000,36.3636
71.054481796,1200000,30.7692
71.156345911,1200000,32.5
71.263166796,1200000,34.8837
71.366315911,1200000,34.1463
71.469130025,1200000,34.1463
71.571709036,1200000,31.7073
71.674848098,1200000,28.9474
71.777727733,1200000,31.7073
71.880229452,1200000,35.7143
71.983348306,1200000,31.7073
72.085902942,1200000,32.5
72.187858931,1200000,30.7692
72.308558775,1200000,56.25
72.431255858,1200000,54.1667
72.533132837,1200000,30.7692
72.635320129,1200000,32.5
72.737527473,1200000,30.7692
72.839407993,1200000,34.8837
72.941146587,1200000,34.1463
73.043002785,1200000,30.7692
73.147326847,1200000,30
73.250142577,1200000,35.7143
73.352301639,1200000,32.5
73.455491952,1200000,30
73.557505389,1200000,30.7692
73.659287472,1200000,34.1463
73.762058826,1200000,34.8837
73.865191118,1200000,28.9474
73.967924087,1200000,32.5
74.069925597,1200000,32.5
74.172606535,1200000,34.1463
74.275833149,1200000,33.3333
74.377871170,1200000,30.7692
74.480163618,1200000,35.7143
74.582155805,1200000,34.1463
74.684999868,1200000,28.2051
74.787262628,1200000,32.5
74.888900076,1200000,32.5
74.991986326,1200000,31.7073
75.108397055,1200000,34.0909
75.211115649,1200000,28.9474
75.314492472,1200000,30
75.418640440,1200000,30
75.521575128,1200000,32.5
75.624200128,1200000,30.7692
75.726186221,1200000,32.5
75.828704399,1200000,28.2051
75.930714555,1200000,32.5
76.035622523,1200000,34.8837
76.138144815,1200000,30.7692
76.240474450,1200000,33.3333
76.342701534,1200000,32.5
76.446239607,1200000,30.7692
76.555102002,1200000,29.2683
76.657154867,1200000,27.027
76.759484659,1200000,30
76.861362367,1200000,34.1463
76.966867731,1200000,28.2051
77.068592888,1200000,30.7692
77.170824190,1200000,32.5
77.272600908,1200000,30
77.375430231,1200000,30.7692
77.486297158,1200000,45.4545
77.613038148,1200000,55.102
77.721745856,1200000,39.5349
77.824907002,1200000,28.9474
77.928377262,1200000,30
78.031240075,1200000,32.5
78.134744137,1200000,28.9474
78.237257575,1200000,30
78.339883200,1200000,34.1463
78.443186637,1200000,34.1463
78.546234033,1200000,31.7073
78.648837575,1200000,28.9474
78.751210908,1200000,30
78.853153824,1200000,30.7692
78.955530074,1200000,32.5
79.057919293,1200000,28.2051
79.160599137,1200000,34.1463
79.264418512,1200000,30
79.366730855,1200000,33.3333
79.468882835,1200000,28.9474
79.571018408,1200000,28.9474
79.672829241,1200000,28.2051
79.775163616,1200000,32.5
79.876764189,1200000,28.9474
79.979204241,1200000,32.5
80.083164970,1200000,33.3333
80.197466011,1200000,34.8837
80.298892678,1200000,35.7143
80.401145959,1200000,28.2051
80.502784449,1200000,30.7692
80.605849032,1200000,30
80.707600699,1200000,32.5
80.809928095,1200000,34.1463
80.911704917,1200000,34.8837
81.013800542,1200000,30.7692
81.115891844,1200000,35.7143
81.217836636,1200000,30.7692
81.319943667,1200000,31.7073
81.422424709,1200000,35.7143
81.524523355,1200000,32.5
81.627188146,1200000,30
81.733092730,1200000,38.0952
81.835617105,1200000,31.7073
81.938689396,1200000,28.9474
82.042629032,1200000,32.5
82.146599084,1200000,31.7073
82.250438354,1200000,34.1463
82.352839761,1200000,33.3333
82.457212208,1200000,32.5
82.560175125,1200000,33.3333
82.664773667,1200000,35
82.784472104,1200000,55.5556
82.899996948,1200000,48.8889
83.003066531,1200000,32.5
83.106828354,1200000,30
83.209309396,1200000,30.7692
83.311941375,1200000,34.1463
83.415649760,1200000,30
83.517664031,1200000,30.7692
83.620538562,1200000,37.2093
83.723148666,1200000,30
83.825510437,1200000,34.1463
83.928112989,1200000,30
84.031237156,1200000,28.9474
84.133744864,1200000,30
84.236615437,1200000,28.9474
84.340127624,1200000,31.7073
84.443128510,1200000,30.7692
84.545176999,1200000,30.7692
84.647305593,1200000,30.7692
84.749204291,1200000,31.7073
84.851211114,1200000,32.5
84.952589551,1200000,32.5
85.055010697,1200000,30
85.170342572,1200000,39.1304
85.272167989,1200000,32.5
85.381039916,1200000,28.5714
85.482921947,1200000,33.3333
85.585521166,1200000,32.5
85.688365072,1200000,30
85.790596374,1200000,30.7692
85.892967988,1200000,32.5
85.997048613,1200000,28.2051
86.098625853,1200000,30.7692
86.201130592,1200000,30
86.302721061,1200000,28.9474
86.405250228,1200000,30.7692
86.506946061,1200000,30
86.608636738,1200000,30.7692
86.710851738,1200000,30.7692
86.812099498,1200000,30.7692
86.917491894,1200000,31.7073
87.020339290,1200000,32.5
87.123122884,1200000,30.7692
87.225997675,1200000,31.7073
87.328443040,1200000,28.9474
87.431372936,1200000,32.5
87.533857571,1200000,30.7692
87.637300540,1200000,30
87.739120227,1200000,30.7692
87.842722519,1200000,28.2051
87.953673300,1200000,46.5116
88.078012258,1200000,57.1429
88.184883404,1200000,40.4762
88.288479810,1200000,30
88.390905644,1200000,30.7692
88.492860435,1200000,30
88.595605748,1200000,32.5
88.698240487,1200000,31.7073
88.801268248,1200000,30.7692
88.904536269,1200000,28.2051
89.008021425,1200000,28.9474
89.110433664,1200000,34.8837
89.212988664,1200000,32.5
89.316802102,1200000,31.7073
89.420067258,1200000,31.7073
89.522699185,1200000,34.1463
89.625849497,1200000,31.7073
89.729079549,1200000,30.7692
89.831147414,1200000,33.3333
89.933725851,1200000,32.5
90.036449601,1200000,32.5
90.150314810,1200000,39.1304
90.252098664,1200000,30.7692
90.354248924,1200000,30
90.459254914,1200000,28.9474
90.560867726,1200000,32.5
90.663541528,1200000,30
90.764986737,1200000,32.5
90.867506476,1200000,32.5
90.968865382,1200000,34.1463
91.071578455,1200000,34.1463
91.173531216,1200000,31.7073
91.275928351,1200000,34.1463
91.378593195,1200000,27.027
91.480711840,1200000,28.2051
91.582917518,1200000,32.5
91.685025382,1200000,30.7692
91.787422257,1200000,30
91.890422413,1200000,37.2093
91.992867465,1200000,34.1463
92.095432101,1200000,31.7073
92.201937674,1200000,34.1463
92.303510121,1200000,30.7692
92.405961059,1200000,34.8837
92.508717621,1200000,28.9474
92.611247257,1200000,31.7073
92.713783819,1200000,30.7692
92.816121736,1200000,35.7143
92.918212100,1200000,28.9474
93.020128298,1200000,30.7692
93.122485538,1200000,34.1463
93.241048975,1200000,54.5455
93.360188767,1200000,52.1739
93.463485590,1200000,30
93.566281319,1200000,35.7143
93.669070433,1200000,28.9474
93.771431735,1200000,31.7073
93.873782412,1200000,32.5
93.976067569,1200000,32.5
94.078554756,1200000,30
94.180530485,1200000,30.7692
94.282766527,1200000,31.7073
94.385321631,1200000,30.7692
94.488448350,1200000,30.7692
94.590407725,1200000,32.5
94.692986006,1200000,31.7073
94.795445537,1200000,32.5
94.897551006,1200000,31.7073
95.000679131,1200000,32.5
95.105985641,1200000,35
95.216306683,1200000,36.3636
95.318718662,1200000,30
95.420579183,1200000,30.7692
95.522983401,1200000,30.7692
95.625321370,1200000,30
95.727338974,1200000,30.7692
95.828505641,1200000,30.7692
95.930485224,1200000,30.7692
96.032692672,1200000,33.3333
96.134850172,1200000,30.7692
96.236702464,1200000,30.7692
96.338757151,1200000,32.5
96.441529234,1200000,30
96.543543349,1200000,32.5
96.645860068,1200000,35.7143
96.748215172,1200000,28.2051
96.850505693,1200000,32.5
96.952616526,1200000,32.5
97.054985328,1200000,30
97.157410484,1200000,30.7692
97.259187724,1200000,32.5
97.361116109,1200000,30.7692
97.462776630,1200000,30
97.565151474,1200000,30.7692
97.667016838,1200000,32.5
97.768589390,1200000,32.5
97.870831369,1200000,30
97.973213765,1200000,32.5
98.077354025,1200000,32.5
98.179751786,1200000,33.3333
98.281791265,1200000,35.7143
98.383511734,1200000,30.7692
98.485525692,1200000,32.5
98.587494025,1200000,30
98.690423817,1200000,37.2093
98.792678921,1200000,31.7073
98.895803192,1200000,32.5
98.998039025,1200000,30.7692
99.099426004,1200000,32.5
99.201353765,1200000,33.3333
99.303870848,1200000,32.5
99.406768087,1200000,30.7692
99.511238608,1200000,32.5581
99.614813660,1200000,28.9474
99.716839858,1200000,28.9474
99.818192879,1200000,30.7692
99.920625900,1200000,31.7073
100.022949077,1200000,30.7692
100.137809910,1200000,34.8837
100.239359129,1200000,34.1463
100.340905847,1200000,33.3333
100.443170014,1200000,28.9474
100.545344754,1200000,32.5
100.647679493,1200000,30.7692
100.750129754,1200000,34.8837
100.852152254,1200000,34.1463
100.956817774,1200000,28.9474
101.059342201,1200000,32.5
101.161517253,1200000,31.7073
101.263602618,1200000,30.7692
101.365554180,1200000,34.1463
101.467848868,1200000,30
101.570676576,1200000,35.7143
101.672997826,1200000,30.7692
101.775074128,1200000,30
101.876753191,1200000,32.5
101.979222305,1200000,30.7692
102.082898243,1200000,30
102.185287618,1200000,30.7692
102.287201784,1200000,30.7692
102.388679180,1200000,30.7692
102.492385690,1200000,33.3333
102.594664180,1200000,28.9474
102.697076628,1200000,30
102.799190534,1200000,30.7692
102.900883503,1200000,30.7692
103.002607826,1200000,28.9474
103.106220013,1200000,31.7073
103.208661107,1200000,30.7692
103.310942148,1200000,30
103.412600534,1200000,30.7692
103.515766784,1200000,30.7692
103.618733398,1200000,30
103.721595169,1200000,30
103.823780950,1200000,30.7692
103.927872721,1200000,28.2051
104.031121315,1200000,30.7692
104.132722513,1200000,32.5
104.235405429,1200000,31.7073
104.337721836,1200000,30.7692
104.439662565,1200000,34.8837
104.542232408,1200000,34.1463
104.644961835,1200000,26.3158
104.747181992,1200000,32.5
104.849506627,1200000,30.7692
104.952170533,1200000,33.3333
105.055673398,1200000,32.5
105.171393502,1200000,35.5556
105.273244387,1200000,30.7692
105.376492148,1200000,34.8837
105.479045168,1200000,32.5
105.581473033,1200000,35.7143
105.684333918,1200000,28.2051
105.786763866,1200000,30.7692
105.893801470,1200000,27.5
105.997860637,1200000,31.7073
106.101175220,1200000,34.1463
106.211273502,1200000,32.5581
106.313834647,1200000,30
106.417830793,1200000,31.7073
106.520196991,1200000,34.1463
106.622769231,1200000,32.5
106.726224908,1200000,30
106.829927251,1200000,34.1463
106.936448970,1200000,32.5
107.039181157,1200000,30
107.143856314,1200000,40.4762
107.269342043,1200000,56
107.387146209,1200000,46.6667
107.490381678,1200000,31.7073
107.593550897,1200000,33.3333
107.696866678,1200000,32.5
107.799031730,1200000,30
107.901327251,1200000,32.5
108.003682615,1200000,31.7073
108.106767824,1200000,32.5
108.209042147,1200000,30.7692
108.311420688,1200000,31.7073
108.413452146,1200000,32.5
108.517278553,1200000,31.7073
108.619531626,1200000,32.5
108.722008240,1200000,34.8837
108.825459230,1200000,30.7692
108.927135584,1200000,30
109.028851261,1200000,30.7692
109.131030584,1200000,28.9474
109.232840427,1200000,30
109.335575323,1200000,30.7692
109.439165375,1200000,31.7073
109.541429698,1200000,32.5
109.642823240,1200000,30
109.745245479,1200000,32.5
109.848844490,1200000,30
109.952539438,1200000,32.5
110.055528083,1200000,28.2051
110.174283604,1200000,34.7826
110.275749958,1200000,32.5
110.377959281,1200000,30.7692
110.479674177,1200000,33.3333
110.581129437,1200000,34.1463
110.684692771,1200000,28.9474
110.786801573,1200000,30
110.888702406,1200000,30.7692
110.990415843,1200000,30
111.092721677,1200000,30.7692
111.195763812,1200000,30.7692
111.297895947,1200000,28.2051
111.400099125,1200000,34.1463
111.503711729,1200000,34.8837
111.606461416,1200000,34.1463
111.708710739,1200000,28.9474
111.810686312,1200000,28.2051
111.913193239,1200000,30.7692
112.015757353,1200000,32.5
112.118539906,1200000,28.2051
112.220063135,1200000,30.7692
112.322062197,1200000,32.5
112.424859853,1200000,28.2051
112.527225426,1200000,30.7692
112.629247145,1200000,31.7073
112.730821572,1200000,30.7692
112.833049697,1200000,28.9474
112.935507874,1200000,32.5
113.037654905,1200000,31.7073
113.139198916,1200000,34.1463
113.241279957,1200000,32.5
113.343405478,1200000,32.5
113.445073551,1200000,31.7073
113.547623551,1200000,32.5
113.649492561,1200000,32.5
113.751362092,1200000,33.3333
113.853099436,1200000,30.7692
113.955633342,1200000,32.5
114.058007405,1200000,34.1463
114.159934436,1200000,31.7073
114.262248551,1200000,34.1463
114.364932873,1200000,28.9474
114.467812248,1200000,31.7073
114.569830061,1200000,32.5
114.671558134,1200000,37.2093
114.773305842,1200000,32.5
114.875725790,1200000,31.7073
114.978740581,1200000,32.5
115.080693550,1200000,30.7692
115.195719279,1200000,37.7778
115.297707144,1200000,30
115.399499279,1200000,34.1463
115.501349748,1200000,34.1463
115.602767560,1200000,30.7692
115.705581987,1200000,31.7073
115.808025321,1200000,32.5
115.909571831,1200000,34.1463
116.017338967,1200000,35.5556
116.119038654,1200000,32.5
116.221118914,1200000,32.5
116.323075893,1200000,30
116.425882873,1200000,32.5
116.529674383,1200000,31.7073
116.632415008,1200000,34.1463
116.735250685,1200000,30
116.837633602,1200000,30.7692
116.939962404,1200000,33.3333
117.041974018,1200000,34.1463
117.144684904,1200000,28.2051
117.247153706,1200000,30.7692
117.349576101,1200000,30
117.451823653,1200000,34.1463
117.553857091,1200000,32.5
117.655925424,1200000,34.1463
117.759345789,1200000,28.2051
117.861305320,1200000,34.1463
117.962698393,1200000,30
118.065760893,1200000,32.5
118.168870372,1200000,28.2051
118.271208966,1200000,30.7692
118.373338236,1200000,30
118.475149122,1200000,32.5
118.577459122,1200000,30.7692
118.679306882,1200000,31.7073
118.781160372,1200000,32.5
118.883248549,1200000,32.5
118.986519538,1200000,31.7073
119.089762872,1200000,32.5
119.192347455,1200000,31.7073
119.294958392,1200000,30.7692
119.397316986,1200000,30.7692
119.498942924,1200000,31.7073
119.600595528,1200000,32.5
119.701950059,1200000,30.7692
119.804667819,1200000,30.7692
119.906129955,1200000,31.7073
120.008151882,1200000,30.7692
120.111463444,1200000,34.1463
120.230313913,1200000,31.1111
120.331108079,1200000,32.5
120.433243444,1200000,32.5
120.537735267,1200000,33.3333
120.640786777,1200000,34.1463
120.743193496,1200000,28.2051
120.845203079,1200000,32.5
120.947374381,1200000,30
121.056216100,1200000,30.2326
121.159048860,1200000,28.2051
121.261131412,1200000,32.5
121.362780839,1200000,30.7692
121.465261829,1200000,30
121.567620996,1200000,30.7692
121.669663287,1200000,34.1463
121.771355735,1200000,34.1463
121.873930266,1200000,28.2051
121.975982089,1200000,34.1463
122.077896100,1200000,28.9474
122.179220735,1200000,32.5
122.281326516,1200000,32.5
122.383654381,1200000,30
122.485733131,1200000,34.1463
122.587872141,1200000,28.9474
122.690405631,1200000,34.8837
122.792285006,1200000,30.7692
122.894346412,1200000,27.027
122.997014120,1200000,31.7073
123.099441255,1200000,30.7692
123.201410058,1200000,32.5
123.303199745,1200000,31.7073
123.405241672,1200000,32.5
123.508111464,1200000,28.9474
123.610270839,1200000,31.7073
123.712245734,1200000,34.1463
123.815166932,1200000,32.5
123.917698234,1200000,30
124.019076672,1200000,34.1463
124.120835838,1200000,30.7692
124.222750422,1200000,30
124.325573390,1200000,30.7692
124.427484172,1200000,30.7692
124.528773807,1200000,32.5
124.630767974,1200000,30.7692
124.732603390,1200000,28.2051
124.834981567,1200000,28.9474
124.937025109,1200000,32.5
125.038962401,1200000,34.1463
125.152246151,1200000,34.8837
125.254995994,1200000,28.9474
125.357234432,1200000,30
125.459584119,1200000,30.7692
125.561410265,1200000,34.1463
125.663231827,1200000,30
125.765436307,1200000,32.5
125.868800994,1200000,30
125.971321827,1200000,30.7692
126.078858129,1200000,29.2683
126.180984744,1200000,28.9474
126.282993754,1200000,30
126.385786931,1200000,30.7692
126.490570838,1200000,29.2683
126.592670942,1200000,28.9474
126.695426567,1200000,28.2051
126.798126514,1200000,32.5
126.900126931,1200000,33.3333
127.002435733,1200000,30.7692
127.105405733,1200000,32.5
127.208713702,1200000,28.2051
127.311011098,1200000,28.9474
127.412664952,1200000,30
127.514887764,1200000,30.7692
127.617458545,1200000,30
127.719197972,1200000,30.7692
127.821306045,1200000,32.5
127.923008181,1200000,31.7073
128.028860629,1200000,30
128.131315889,1200000,31.7073
128.233057608,1200000,30.7692
128.335313597,1200000,32.5
128.437957243,1200000,30.7692
128.539555160,1200000,31.7073
128.641125420,1200000,34.1463
128.742906930,1200000,30.7692
128.846036201,1200000,33.3333
128.948977868,1200000,27.027
129.051395472,1200000,33.3333
129.153225420,1200000,30.7692
129.255734691,1200000,31.7073
129.359118597,1200000,28.2051
129.462803388,1200000,34.1463
129.568769170,1200000,28.2051
129.670750940,1200000,30.7692
129.772642347,1200000,30.7692
129.874979899,1200000,30
129.977330107,1200000,30.7692
130.079534847,1200000,32.5
130.197341253,1200000,36.1702
130.299299169,1200000,34.1463
130.401290524,1200000,31.7073
130.503378492,1200000,32.5
130.605902503,1200000,32.5
130.708487398,1200000,30
130.810780367,1200000,30.7692
130.913575159,1200000,30.7692
131.015908909,1200000,35.7143
131.118857919,1200000,30.7692
131.220368023,1200000,28.2051
131.322700054,1200000,30.7692
131.424921044,1200000,28.9474
131.527020575,1200000,28.2051
131.628948492,1200000,30.7692
131.730703908,1200000,30.7692
131.832304429,1200000,31.7073
131.934787346,1200000,28.9474
132.037326721,1200000,30
132.139496460,1200000,32.5
132.241855054,1200000,34.1463
132.343758752,1200000,30.7692
132.447517241,1200000,31.7073
132.549995783,1200000,35.7143
132.652010679,1200000,33.3333
132.754991773,1200000,27.027
132.857006148,1200000,30
132.959481981,1200000,30.7692
133.061370470,1200000,34.1463
133.163423335,1200000,30
133.264909012,1200000,30.7692
133.367150887,1200000,30.7692
133.469266408,1200000,32.5
133.570961199,1200000,31.7073
133.673405470,1200000,30.7692
133.775453335,1200000,32.5
133.877864428,1200000,28.2051
133.982513074,1200000,33.3333
134.084960783,1200000,30.7692
134.187496928,1200000,30
134.288807501,1200000,30.7692
134.390479168,1200000,30.7692
134.492213959,1200000,37.2093
134.594769949,1200000,26.3158
134.696643178,1200000,30.7692
134.798987397,1200000,28.9474
134.901209116,1200000,33.3333
135.003802032,1200000,32.5
135.105852605,1200000,32.5
135.222610626,1200000,36.9565
135.324825417,1200000,27.027
135.427178438,1200000,31.7073
135.529067292,1200000,32.5
135.631762813,1200000,35.7143
135.733749271,1200000,30.7692
135.835923021,1200000,34.1463
135.938132136,1200000,30
136.039445053,1200000,32.5
136.140991094,1200000,34.1463
136.243307917,1200000,28.2051
136.345196146,1200000,32.5
136.447009427,1200000,30.7692
136.548426823,1200000,30.7692
136.650648282,1200000,31.7073
136.752921875,1200000,28.9474
136.855096198,1200000,30.7692
136.958736771,1200000,31.7073
137.061307708,1200000,32.5
137.163340833,1200000,32.5
137.265525104,1200000,31.7073
137.367903542,1200000,28.9474
137.469309531,1200000,32.5
137.570899844,1200000,32.5
137.672455573,1200000,30
137.775409583,1200000,30.7692
137.877452500,1200000,30.7692
137.979061041,1200000,30
138.081103177,1200000,32.5
138.182929687,1200000,32.5
138.285174375,1200000,30.7692
138.387429114,1200000,28.2051
138.490706510,1200000,35.7143
138.592454062,1200000,31.7073
138.694792135,1200000,27.027
138.796686822,1200000,32.5
138.898288697,1200000,32.5
138.999975833,1200000,34.1463
139.101444010,1200000,36.3636
139.203582551,1200000,30.7692
139.305601978,1200000,32.5
139.409371406,1200000,28.2051
139.511601978,1200000,34.1463
139.613455728,1200000,30.7692
139.715333176,1200000,31.7073
139.817750937,1200000,32.5
139.920063645,1200000,35.7143
140.024546614,1200000,31.7073
140.127105051,1200000,32.5
140.243688905,1200000,36.1702
140.346310259,1200000,32.5
140.449073436,1200000,28.2051
140.551138749,1200000,32.5
140.652834270,1200000,32.5
140.756180520,1200000,31.7073
140.858224999,1200000,28.9474
140.960384009,1200000,33.3333
141.063313644,1200000,32.5
141.165473540,1200000,31.7073
141.267352238,1200000,32.5
141.369588540,1200000,32.5
141.471714478,1200000,34.1463
141.573033488,1200000,32.5
141.674829269,1200000,32.5
141.777076821,1200000,28.2051
141.878552915,1200000,30.7692
141.981334217,1200000,32.5
142.083539009,1200000,30.7692
142.185142290,1200000,31.7073
142.287687238,1200000,30.7692
142.390047863,1200000,34.1463
142.492528956,1200000,33.3333
142.595383383,1200000,32.5
142.697536508,1200000,31.7073
142.799472446,1200000,32.5
142.901439581,1200000,34.1463
143.003714217,1200000,34.1463
143.105617498,1200000,32.5
143.208011456,1200000,30
143.310686612,1200000,35.7143
143.413038279,1200000,30
143.515023435,1200000,30.7692
143.617265518,1200000,32.5
143.718675883,1200000,30.7692
143.820604893,1200000,30
143.922192706,1200000,34.1463
144.024240727,1200000,30.7692
144.126220258,1200000,32.5
144.227964008,1200000,28.2051
144.329700414,1200000,32.5
144.432021872,1200000,35.7143
144.535685674,1200000,33.3333
144.638137081,1200000,28.9474
144.740938435,1200000,30
144.842836612,1200000,32.5
144.944824633,1200000,28.9474
145.047271195,1200000,30
145.153650101,1200000,40.9091
145.259908174,1200000,34.1463
145.361643643,1200000,35.7143
145.463722132,1200000,30.7692
145.565778278,1200000,33.3333
145.668350934,1200000,30.7692
145.770786195,1200000,32.5
145.872632549,1200000,28.2051
145.976310882,1200000,34.1463
146.078664215,1200000,30.7692
146.180827757,1200000,30
146.282818486,1200000,28.9474
146.385458434,1200000,31.7073
146.493461142,1200000,29.2683
146.595458069,1200000,32.5
146.698068382,1200000,30
146.800639632,1200000,34.1463
146.902499059,1200000,30.7692
147.005372913,1200000,30
147.108966611,1200000,30
147.211632080,1200000,34.1463
147.314977913,1200000,31.7073
147.417420152,1200000,28.9474
147.520252809,1200000,34.1463
147.622657132,1200000,30
147.725442027,1200000,30.7692
147.828599267,1200000,30
147.930878538,1200000,30
148.032382183,1200000,30.7692
148.135438486,1200000,30.7692
148.239089892,1200000,30
148.341334840,1200000,33.3333
148.442796715,1200000,30.7692
148.545537287,1200000,34.1463
148.649182392,1200000,28.2051
148.751459944,1200000,33.3333
148.853470308,1200000,32.5
148.955476766,1200000,32.5
149.057786141,1200000,30.7692
149.160652652,1200000,34.8837
149.262429006,1200000,32.5
149.365068329,1200000,31.7073
149.467093745,1200000,28.9474
149.569213485,1200000,30.7692
149.671447339,1200000,31.7073
149.773050672,1200000,30.7692
149.875643329,1200000,32.5
149.977970568,1200000,30
150.079556193,1200000,32.5
150.189871037,1200000,40.9091
150.291274006,1200000,35.7143
150.393061037,1200000,30
150.495604318,1200000,32.5
150.598484891,1200000,30.7692
150.701099318,1200000,31.7073
150.802679162,1200000,30.7692
150.905388901,1200000,28.2051
151.008158432,1200000,30.7692
151.111053224,1200000,30
151.213487547,1200000,28.9474
151.316061661,1200000,32.5
151.418839786,1200000,30
151.526120828,1200000,26.8293
151.628614682,1200000,30.7692
151.731690567,1200000,31.7073
151.833830359,1200000,30
151.935484161,1200000,32.5
152.040580515,1200000,30
152.142586921,1200000,32.5
152.246321244,1200000,30
152.348883484,1200000,32.5
152.452189057,1200000,31.7073
152.554894838,1200000,31.7073
152.657388692,1200000,30.7692
152.761759161,1200000,33.3333
152.865069057,1200000,30.7692
152.967015515,1200000,28.2051
153.069116192,1200000,30.7692
153.171199473,1200000,32.5
153.273546192,1200000,31.7073
153.375570515,1200000,32.5
153.479127077,1200000,30.7692
153.581131400,1200000,30
153.683206973,1200000,30.7692
153.786413379,1200000,33.3333
153.889176660,1200000,30.7692
153.991414160,1200000,31.7073
154.093520983,1200000,32.5
154.196209681,1200000,34.1463
154.298816191,1200000,28.2051
154.401185254,1200000,28.2051
154.503131244,1200000,30.7692
154.605466504,1200000,32.5
154.708069681,1200000,30
154.810636920,1200000,34.1463
154.912613795,1200000,33.3333
155.015730514,1200000,30.7692
155.118858639,1200000,30.7692
155.237641504,1200000,35.4167
155.339338066,1200000,32.5
155.442471191,1200000,34.8837
155.545257962,1200000,30.7692
155.647959837,1200000,31.7073
155.751077024,1200000,31.7073
155.853029993,1200000,30.7692
155.955187024,1200000,32.5
156.057800410,1200000,30
156.159653430,1200000,32.5
156.261530149,1200000,34.1463
156.363605149,1200000,30
156.468938170,1200000,31.7073
156.576115357,1200000,27.5
156.677939628,1200000,32.5
156.780199576,1200000,35.7143
156.882579888,1200000,31.7073
156.985741763,1200000,31.7073
157.088790305,1200000,28.9474
157.191150670,1200000,28.2051
157.293124836,1200000,32.5
157.395146347,1200000,30.7692
157.497030253,1200000,30
157.598921711,1200000,30.7692
157.701338065,1200000,28.9474
157.803367128,1200000,32.5
157.905744107,1200000,33.3333
158.008572909,1200000,34.1463
158.110611242,1200000,30.7692
158.212427440,1200000,32.5
158.315450044,1200000,30
158.417960669,1200000,28.9474
158.520235982,1200000,34.8837
158.622355982,1200000,32.5
158.724970304,1200000,28.2051
158.827390044,1200000,30.7692
158.928936450,1200000,30.7692
159.031699836,1200000,31.7073
159.134121138,1200000,30.7692
159.235852700,1200000,34.1463
159.337910565,1200000,30.7692
159.440146710,1200000,34.1463
159.542299887,1200000,32.5
159.645238585,1200000,28.2051
159.747573846,1200000,30.7692
159.848952544,1200000,31.7073
159.951027544,1200000,28.9474
160.052597439,1200000,30.7692
160.158117023,1200000,34.1463
160.266015252,1200000,40
160.367824627,1200000,28.9474
160.469418897,1200000,32.5
160.570884054,1200000,32.5
160.672614106,1200000,32.5
160.775210616,1200000,30
160.877046710,1200000,30.7692
160.979022387,1200000,32.5
161.081091137,1200000,34.1463
161.182605199,1200000,28.2051
161.284705251,1200000,27.027
161.387035512,1200000,32.5
161.488485251,1200000,30.7692
161.590562126,1200000,31.7073
161.693172439,1200000,32.5
161.795509053,1200000,30
161.897499105,1200000,30.7692
161.998812647,1200000,32.5
162.101334001,1200000,31.7073
162.203312386,1200000,32.5
162.305283741,1200000,32.5
162.407220980,1200000,30
162.509403897,1200000,32.5
162.611496657,1200000,34.1463
162.713743636,1200000,32.5
162.816005719,1200000,31.7073
162.918204626,1200000,32.5
163.020260876,1200000,34.1463
163.122752699,1200000,30
163.225026292,1200000,32.5
163.327027178,1200000,28.9474
163.428725303,1200000,30
163.530903011,1200000,28.9474
163.633064417,1200000,30
163.735564886,1200000,30.7692
163.837474261,1200000,30.7692
163.939061969,1200000,32.5
164.041910511,1200000,33.3333
164.145418636,1200000,30.7692
164.247803063,1200000,30
164.350086292,1200000,34.1463
164.452256500,1200000,34.1463
164.555072177,1200000,30
164.657118531,1200000,30.7692
164.759277281,1200000,30.7692
164.861430510,1200000,31.7073
164.963535562,1200000,32.5
165.065266031,1200000,32.5
165.178590198,1200000,34.8837
165.280121396,1200000,28.9474
165.382046500,1200000,34.1463
165.485481656,1200000,28.2051
165.587823010,1200000,32.5
165.689758166,1200000,37.2093
165.792174520,1200000,33.3333
165.894140406,1200000,30.7692
165.996773114,1200000,28.9474
166.099813791,1200000,30
166.202618843,1200000,35.7143
166.304685458,1200000,28.9474
166.407910301,1200000,31.7073
166.510597437,1200000,34.1463
166.612788374,1200000,34.1463
166.715498166,1200000,32.5
166.818789312,1200000,28.2051
166.922780458,1200000,35
167.025208426,1200000,30.7692
167.127638895,1200000,30.7692
167.229897697,1200000,33.3333
167.332038062,1200000,37.2093
167.434742801,1200000,26.3158
167.537399936,1200000,30.7692
167.639572957,1200000,31.7073
167.741275666,1200000,34.1463
167.842847436,1200000,32.5
167.945519051,1200000,30
168.048936707,1200000,28.9474
168.151089624,1200000,31.7073
168.252695040,1200000,30.7692
168.355289572,1200000,30.7692
168.457806082,1200000,30
168.560252176,1200000,35.7143
168.662779728,1200000,30
168.765386446,1200000,32.5
168.867841134,1200000,31.7073
168.970263425,1200000,35.7143
169.073200405,1200000,30
169.175378061,1200000,32.5
169.278594519,1200000,30
169.380854207,1200000,28.9474
169.483072800,1200000,30
169.585493425,1200000,32.5
169.688860248,1200000,28.2051
169.790988009,1200000,28.9474
169.893002852,1200000,30
169.997921498,1200000,30
170.100207435,1200000,34.1463
170.214452019,1200000,37.7778
170.316512956,1200000,34.1463
170.418592904,1200000,30.7692
170.520918737,1200000,30
170.623105092,1200000,28.9474
170.725750769,1200000,30
170.827868060,1200000,27.027
170.929380925,1200000,32.5
171.030877748,1200000,32.5
171.133707904,1200000,34.1463
171.235930560,1200000,31.7073
171.337975456,1200000,30.7692
171.439638893,1200000,32.5
171.544813633,1200000,31.7073
171.646834310,1200000,28.2051
171.748659622,1200000,30.7692
171.851071029,1200000,30.7692
171.953438893,1200000,32.5
172.055452487,1200000,32.5
172.158239622,1200000,28.2051
172.259720039,1200000,28.9474
172.362368685,1200000,35.7143
172.465183997,1200000,28.2051
172.567128789,1200000,28.9474
172.669165559,1200000,32.5
172.771042278,1200000,31.7073
172.873177903,1200000,30.7692
172.975945247,1200000,34.1463
173.077524570,1200000,32.5
173.179012070,1200000,32.5
173.281064101,1200000,30
173.383214101,1200000,30.7692
173.485569518,1200000,32.5
173.588240038,1200000,30
173.690168580,1200000,34.1463
173.791885767,1200000,34.1463
173.893928372,1200000,30
173.996211965,1200000,34.1463
174.097922590,1200000,34.1463
174.199702226,1200000,34.1463
174.301432746,1200000,33.3333
174.403408007,1200000,32.5
174.505866184,1200000,35.7143
174.607910350,1200000,28.9474
174.710220975,1200000,34.8837
174.812934257,1200000,32.5
174.915108527,1200000,32.5
175.016823579,1200000,28.9474
175.118810090,1200000,30
175.239675194,1200000,32.6087
175.341834100,1200000,34.1463
175.444146652,1200000,28.2051
175.546594517,1200000,32.5
175.649044673,1200000,28.9474
175.751436131,1200000,33.3333
175.853059985,1200000,30.7692
175.955307902,1200000,30.7692
176.059624360,1200000,31.7073
176.161765766,1200000,34.8837
176.263394516,1200000,32.5
176.365505089,1200000,32.5
176.468665246,1200000,30
176.571099256,1200000,30.7692
176.672976808,1200000,30
176.776690141,1200000,32.5
176.879378839,1200000,30
176.987678995,1200000,31.8182
177.090417172,1200000,35.7143
177.192385506,1200000,33.3333
177.295234256,1200000,30.7692
177.397694360,1200000,31.7073
177.499962016,1200000,34.1463
177.601812016,1200000,37.2093
177.704224255,1200000,30
177.806253318,1200000,34.1463
177.908978474,1200000,28.2051
178.011776130,1200000,32.5
178.114836026,1200000,30
178.217601599,1200000,30.7692
178.319418057,1200000,35.7143
178.421409151,1200000,33.3333
178.524771443,1200000,30.7692
178.626892953,1200000,31.7073
178.729532536,1200000,30.7692
178.831269255,1200000,33.3333
178.933667484,1200000,32.5
179.039187745,1200000,31.7073
179.141440609,1200000,31.7073
179.243630817,1200000,32.5
179.346927953,1200000,31.7073
179.450160401,1200000,32.5
179.551636286,1200000,32.5
179.654077536,1200000,30
179.757031078,1200000,32.5
179.859220192,1200000,30
179.961227484,1200000,32.5
180.063887015,1200000,30
180.169382171,1200000,34.1463
180.282778629,1200000,33.3333
180.385131807,1200000,30.7692
180.488274463,1200000,30.7692
180.590324046,1200000,31.7073
180.692178577,1200000,34.1463
