time,freq,util
.153224375,600000,33.3333
.356189166,600000,30
.539315416,600000,30.9859
.722636614,600000,34.6667
.905210885,600000,31.4286
1.089469895,600000,33.3333
1.273542031,600000,30.9859
1.457831718,600000,31.9444
1.641720260,600000,32.8767
1.825336614,600000,31.9444
2.009185208,600000,30.9859
2.194101666,600000,33.7838
2.377456405,600000,30.4348
2.561434791,600000,33.7838
2.744011613,600000,32.3944
2.928212759,600000,30
3.111988905,600000,34.6667
3.295855467,600000,31.9444
3.480145259,600000,30.9859
3.664650311,600000,31.9444
3.849105988,600000,30
4.037150988,600000,31.9444
4.226310050,600000,32.8767
4.410232759,600000,30.9859
4.594900050,600000,30
4.781362759,600000,34.2466
4.965158019,600000,31.4286
5.149515988,600000,30
5.333274477,600000,31.9444
5.517476300,600000,33.3333
5.701243227,600000,33.7838
5.883903123,600000,32.3944
6.067817654,600000,30.9859
6.252614268,600000,32.8767
6.435830570,600000,32.8767
6.620142550,600000,32.8767
6.804606612,600000,30.9859
6.988965310,600000,30
7.191405466,600000,53.2468
7.391510570,600000,39.7436
7.575148330,600000,32.3944
7.765717705,600000,34.7222
7.949137549,600000,30.4348
8.133638486,600000,33.7838
8.318557288,600000,30.9859
8.506823851,600000,32.8767
8.691480049,600000,31.9444
8.875561611,600000,31.4286
9.060259996,600000,31.9444
9.244316663,600000,31.9444
9.444982444,600000,41.0256
9.630833642,600000,31.9444
9.820348694,600000,30.5556
10.007713694,600000,32.8767
10.193153746,600000,33.7838
10.376909475,600000,31.4286
10.561894996,600000,33.7838
10.746003590,600000,32.8767
10.929986662,600000,30.4348
11.114248694,600000,30.9859
11.299237964,600000,34.2466
11.483956089,600000,34.6667
11.671804527,600000,30.137
11.858909839,600000,32.8767
12.043802235,600000,35.5263
12.228802183,600000,31.5068
12.416668954,600000,31.9444
12.600164995,600000,31.9444
12.784928537,600000,32.3944
12.968903224,600000,31.9444
13.154260255,600000,33.7838
13.345350724,600000,36
13.528785516,600000,30
13.713110411,600000,33.7838
13.896504786,600000,31.4286
14.080016557,600000,30.4348
14.273131713,600000,40.2597
14.498536349,600000,55.814
14.691292494,600000,32.4324
14.875442546,600000,32.3944
15.058420880,600000,30.4348
15.242423015,600000,34.2466
15.426935515,600000,33.3333
15.610180775,600000,34.2466
15.795289994,600000,30.9859
15.978331504,600000,30.9859
16.166286608,600000,32.8767
16.352431765,600000,32.8767
16.535433587,600000,34.2466
16.719552285,600000,31.9444
16.903492650,600000,31.9444
17.087995410,600000,32.3944
17.272016608,600000,34.6667
17.454482650,600000,33.7838
17.639222858,600000,31.4286
17.823328743,600000,32.8767
18.008216556,600000,31.9444
18.192154733,600000,34.6667
18.376194785,600000,30.9859
18.559702180,600000,30.4348
18.744201555,600000,32.8767
18.927940253,600000,30.9859
19.113324055,600000,33.7838
19.296107857,600000,33.3333
19.480150409,600000,31.9444
19.664090565,600000,31.9444
19.848100409,600000,30.4348
20.033225826,600000,32.8767
20.216740253,600000,32.8767
20.402001242,600000,32.8767
20.587060409,600000,32.8767
20.769885721,600000,31.4286
20.952704679,600000,31.9444
21.135432961,600000,34.2466
21.320245148,600000,30.9859
21.504808169,600000,33.7838
21.689277804,600000,30.5556
21.873061137,600000,35.1351
22.057812179,600000,33.7838
22.241588481,600000,31.9444
22.424871033,600000,31.4286
22.609426762,600000,31.9444
22.793781397,600000,35.5263
22.978250095,600000,30.9859
23.162688793,600000,34.6667
23.351396241,600000,36
23.537453428,600000,30.9859
23.721531605,600000,31.9444
23.904469262,600000,31.9444
24.089542960,600000,31.9444
24.273341553,600000,33.7838
24.486462074,600000,57.6471
24.693267543,600000,55.4217
24.875823949,600000,33.3333
25.065157386,600000,30.5556
25.248834157,600000,31.9444
25.433994990,600000,32.8767
25.617881344,600000,30.9859
25.801982386,600000,33.7838
25.984107646,600000,36
26.167112438,600000,30
26.351740302,600000,33.7838
26.536493688,600000,33.3333
26.719954886,600000,30
26.904039000,600000,30.9859
27.088932438,600000,30.9859
27.274175979,600000,31.9444
27.459475458,600000,31.5068
27.643825614,600000,32.8767
27.827886760,600000,30
28.012037802,600000,33.3333
28.196783583,600000,30.9859
28.381404677,600000,32.8767
28.564637906,600000,31.9444
28.750941499,600000,30
28.946647593,600000,33.7838
29.132098270,600000,32.8767
29.315647072,600000,30.9859
29.500406655,600000,31.9444
29.689351603,600000,32
29.885829728,600000,45.4545
30.103379311,600000,58.427
30.298354884,600000,37.5
30.484208322,600000,31.9444
30.669811030,600000,31.5068
30.854478009,600000,31.9444
31.041132019,600000,30
31.230936082,600000,33.7662
31.413715405,600000,33.3333
31.598370665,600000,30.5556
31.783344727,600000,31.9444
31.966584206,600000,32.3944
32.150284571,600000,31.9444
32.333857175,600000,31.9444
32.516985821,600000,29.5775
32.704525144,600000,30.4348
32.887677175,600000,30
33.071521185,600000,34.6667
33.254967800,600000,33.3333
33.438574466,600000,30
33.622163320,600000,34.6667
33.805739102,600000,30.4348
33.989740404,600000,31.9444
34.178004414,600000,31.5068
34.370177383,600000,36
34.563255768,600000,35.1351
34.766244935,600000,40.6977
34.956372747,600000,35.1351
35.139863997,600000,32.8767
35.348207486,600000,53.012
35.563423111,600000,57.1429
35.748566028,600000,30.9859
35.933516132,600000,31.9444
36.118550611,600000,31.9444
36.310154622,600000,32.4675
36.494024049,600000,31.9444
36.678956132,600000,30
36.863404621,600000,33.7838
37.052576340,600000,32
37.235043423,600000,32.3944
37.420503684,600000,31.9444
37.604776548,600000,30.9859
37.788774204,600000,28.9855
37.973736340,600000,33.7838
38.158908840,600000,30.5556
38.343688475,600000,32.8767
38.533804933,600000,31.5068
38.716564100,600000,31.9444
38.902609204,600000,35.1351
39.085577641,600000,33.7838
39.268421912,600000,30.4348
39.452140922,600000,35.5263
39.639453422,600000,35.6164
39.827341651,600000,31.9444
40.012802016,600000,32.8767
40.197608422,600000,31.4286
40.382118370,600000,34.6667
40.566300505,600000,31.9444
40.777142797,600000,53.75
40.991226703,600000,52.439
41.178445661,600000,30.9859
41.364043995,600000,33.3333
41.548474099,600000,31.4286
41.733510713,600000,35.1351
41.918424411,600000,31.4286
42.106853838,600000,33.3333
42.290451025,600000,31.9444
42.473861859,600000,30.9859
42.657586130,600000,28.9855
42.842687796,600000,32.8767
43.026664254,600000,32.3944
43.210356546,600000,30.9859
43.393939202,600000,31.9444
43.578576181,600000,28.9855
43.763886650,600000,32.8767
43.947733160,600000,28.9855
44.131814514,600000,33.3333
44.314965243,600000,30.9859
44.498484410,600000,30
44.682593004,600000,34.2466
44.865660660,600000,32.8767
45.055489983,600000,34.2466
45.244064826,600000,35.5263
45.431978472,600000,36.3636
45.615410503,600000,33.3333
45.798677170,600000,30.9859
45.982265087,600000,33.3333
46.192763055,600000,55
46.403627586,600000,52.439
46.595461805,600000,29.7297
46.780804618,600000,31.9444
46.964599045,600000,30
47.149657378,600000,30.9859
47.334042013,600000,32.8767
47.518576232,600000,30
47.703525607,600000,30.9859
47.887600607,600000,31.9444
48.072337273,600000,33.7838
48.254943836,600000,33.3333
48.440376961,600000,30.5556
48.623926388,600000,32.3944
48.808979565,600000,28.5714
48.993317169,600000,31.9444
49.177807169,600000,31.4286
49.361200346,600000,32.8767
49.544204981,600000,32.3944
49.727978939,600000,31.9444
49.911707689,600000,32.8767
50.095513366,600000,31.4286
50.279706387,600000,30
50.474393054,600000,37.1795
50.668617689,600000,31.5068
50.852208366,600000,33.7838
51.035686855,600000,30.9859
51.218749355,600000,30.4348
51.403505710,600000,36.4865
51.612247012,600000,54.4304
51.820397584,600000,51.8519
52.004253782,600000,32.8767
52.188037636,600000,30.4348
52.371706490,600000,32.8767
52.554596542,600000,32.3944
52.738643261,600000,30
52.921803886,600000,33.7838
53.104679719,600000,32.8767
53.288887792,600000,32.3944
53.472595552,600000,34.6667
53.656477896,600000,30.4348
53.839894823,600000,28.9855
54.022811334,600000,32.8767
54.206009042,600000,34.2466
54.389266073,600000,30
54.573276750,600000,32.8767
54.757926906,600000,32.8767
54.941048364,600000,32.3944
55.126913833,600000,33.7838
55.311053885,600000,31.9444
55.496280343,600000,30.9859
55.681044510,600000,31.9444
55.872844822,600000,33.7838
56.064512218,600000,37.9747
56.254803103,600000,34.2105
56.438691437,600000,31.9444
56.622448728,600000,33.3333
56.806612270,600000,34.7222
57.022710343,600000,57.1429
57.233547322,600000,46.25
57.416752166,600000,31.4286
57.599756801,600000,30
57.783392738,600000,32.8767
57.967620238,600000,30
58.152973936,600000,34.2466
58.336748780,600000,32.8767
58.520379301,600000,33.7838
58.703766488,600000,31.9444
58.887126644,600000,30.4348
59.071231748,600000,32.8767
59.254839196,600000,30.9859
59.439292373,600000,30.9859
59.623214925,600000,34.2466
59.806408050,600000,33.7838
59.990079717,600000,31.4286
60.174828571,600000,33.7838
60.359243987,600000,31.9444
60.544955602,600000,31.5068
60.729054873,600000,31.9444
60.913741591,600000,33.7838
61.098704247,600000,31.4286
61.289663414,600000,33.7838
61.480277529,600000,31.9444
61.665706643,600000,31.9444
61.857119612,600000,31.5068
62.043069872,600000,35.1351
62.232816122,600000,37.8378
62.456370341,600000,54.6512
62.657985809,600000,44
62.842998518,600000,33.7838
63.026750184,600000,31.9444
63.211427059,600000,32.8767
63.394769090,600000,32.8767
63.578663674,600000,30.4348
63.762898257,600000,32.8767
63.947435392,600000,30.9859
64.132126903,600000,32.8767
64.314799975,600000,32.3944
64.499245600,600000,31.9444
64.685272007,600000,33.3333
64.868926902,600000,32.3944
65.063497215,600000,37.5
65.262933465,600000,37.9747
65.451807840,600000,38.4615
65.635480652,600000,30.4348
65.820079871,600000,30.9859
66.003744975,600000,30.9859
66.188212787,600000,30.9859
66.372648620,600000,32.8767
66.554773725,600000,32.3944
66.746608568,600000,35.5263
66.932624089,600000,33.7838
67.119521537,600000,31.4286
67.307027318,600000,32.4324
67.493652787,600000,33.7838
67.690930599,600000,46.6667
67.911367318,600000,55.2941
68.103988880,600000,40.7895
68.287962891,600000,30
68.473061693,600000,33.7838
68.657947005,600000,30
68.843432422,600000,32.8767
69.027992942,600000,30.9859
69.211333567,600000,32.8767
69.395813046,600000,30.9859
69.580481900,600000,31.9444
69.765669557,600000,30.9859
69.951011327,600000,31.9444
70.136199348,600000,31.9444
70.318929556,600000,30
70.503886483,600000,32.8767
70.687974452,600000,30.9859
70.872739504,600000,33.7838
71.055638254,600000,32.3944
71.239989973,600000,30
71.423929400,600000,33.7838
71.610147421,600000,31.9444
71.795042212,600000,31.9444
71.981966118,600000,31.5068
72.173520962,600000,34.6667
72.358325702,600000,31.4286
72.542182316,600000,35.5263
72.727022889,600000,30.9859
72.911293045,600000,32.8767
73.117052941,600000,50.6173
73.328318305,600000,57.3171
73.516203514,600000,37.8378
73.699541951,600000,28.9855
73.883996482,600000,33.7838
74.069353045,600000,30.9859
74.254021690,600000,33.3333
74.438275805,600000,31.9444
74.627024971,600000,30.5556
74.811667263,600000,32.3944
74.993905128,600000,31.9444
75.178600700,600000,30.4348
75.362150388,600000,34.6667
75.546328252,600000,32.3944
75.732732263,600000,31.5068
75.917789242,600000,31.9444
76.102542106,600000,34.2466
76.286649919,600000,30.9859
76.470899137,600000,32.8767
76.655622939,600000,30.9859
76.839624606,600000,30.4348
77.023965752,600000,32.8767
77.208477366,600000,30
77.394450231,600000,33.3333
77.582730335,600000,35.1351
77.765202783,600000,32.3944
77.950392522,600000,30.9859
78.135719241,600000,30.9859
78.319357470,600000,30.9859
78.522566324,600000,53.0864
78.744252782,600000,56.8182
78.931519137,600000,38.6667
79.118772939,600000,31.9444
79.304864397,600000,32.8767
79.489261324,600000,30.9859
79.673720803,600000,35.5263
79.858894917,600000,28.9855
80.043770230,600000,34.6667
80.228075282,600000,28.9855
80.412706584,600000,33.7838
80.598140542,600000,31.9444
80.782557677,600000,33.7838
80.965963979,600000,31.9444
81.150770750,600000,30
81.334676844,600000,30.9859
81.518188302,600000,30.4348
81.702971063,600000,32.8767
81.887287260,600000,30.5556
82.072801271,600000,34.2466
82.257097781,600000,30.9859
82.443541739,600000,32.4324
82.627393458,600000,30.9859
82.813260385,600000,37.3333
83.000447052,600000,33.7838
83.187260437,600000,30.9859
83.373673614,600000,34.6667
83.563633406,600000,29.5775
83.749917155,600000,32.8767
83.967290072,600000,53.012
84.184899030,600000,53.012
84.370793197,600000,30.5556
84.554700176,600000,31.9444
84.738916686,600000,30.9859
84.923426426,600000,32.8767
85.109569447,600000,31.9444
85.292764863,600000,34.2466
85.476075072,600000,34.6667
85.658939759,600000,30.4348
85.843423873,600000,32.8767
86.026936269,600000,32.8767
86.211189602,600000,32.8767
86.395366321,600000,30.9859
86.579377519,600000,32.3944
86.763264290,600000,32.8767
86.947687050,600000,33.7838
87.132523769,600000,34.6667
87.315628977,600000,31.9444
87.500339914,600000,31.9444
87.684872571,600000,31.9444
87.867457519,600000,30.9859
88.051353196,600000,30.9859
88.245018820,600000,34.6667
88.428813195,600000,32.8767
88.614483560,600000,33.7838
88.798190851,600000,31.4286
88.982898299,600000,34.6667
89.167825591,600000,31.9444
89.381565122,600000,56.25
89.592749862,600000,53.6585
89.775689289,600000,32.8767
89.961785539,600000,32.8767
90.147333091,600000,30.9859
90.331903143,600000,33.7838
90.517167830,600000,32.8767
90.701933976,600000,34.2466
90.886339028,600000,30.9859
91.072004653,600000,35.1351
91.256530798,600000,33.7838
91.441411215,600000,32.8767
91.625294132,600000,30.9859
91.810551684,600000,30.9859
91.994779079,600000,30.9859
92.179603819,600000,30.9859
92.363929600,600000,34.2466
92.547923663,600000,30
92.734030329,600000,31.9444
92.917793246,600000,30
93.102407569,600000,31.9444
93.285730277,600000,32.8767
93.471781839,600000,33.7838
93.662249652,600000,38.75
93.844892829,600000,33.3333
94.028752881,600000,31.9444
94.216459027,600000,32.8767
94.400940849,600000,31.9444
94.587505224,600000,33.3333
94.805033505,600000,57.6471
95.016041318,600000,50.6024
95.201262255,600000,32.8767
95.383891630,600000,32.8767
95.575907203,600000,33.7838
95.759686005,600000,30
95.945476213,600000,32.3944
96.129196526,600000,30
96.313621474,600000,36.3636
96.498179859,600000,30.9859
96.683447776,600000,33.7838
96.868375328,600000,32.8767
97.052270796,600000,34.2466
97.236707567,600000,32.8767
97.420851473,600000,30.4348
97.604321994,600000,30.9859
97.787601786,600000,31.4286
97.972669181,600000,32.8767
98.155550848,600000,33.3333
98.339828817,600000,30
98.523768296,600000,34.2466
98.711605119,600000,32.4324
98.895823868,600000,30.9859
99.079110223,600000,30.4348
99.265973347,600000,33.3333
99.450123087,600000,33.3333
99.634678920,600000,31.9444
99.819677618,600000,29.5775
100.002744441,600000,34.2466
100.191697305,600000,37.1795
100.374774857,600000,32.8767
100.558861368,600000,32.8767
100.742847774,600000,35.1351
100.926125847,600000,30.9859
101.111625899,600000,30.9859
101.296708555,600000,31.4286
101.481236055,600000,32.8767
101.666115169,600000,30.9859
101.851529336,600000,34.2466
102.038437669,600000,33.8028
102.224663503,600000,31.9444
102.409105482,600000,30
102.593888138,600000,33.7838
102.777709804,600000,30
102.962562461,600000,32.8767
103.150445117,600000,35.8974
103.335266002,600000,36
103.519995638,600000,30.9859
103.703300690,600000,30.9859
103.887264127,600000,30.9859
104.071078971,600000,31.4286
104.256170846,600000,31.9444
104.439543346,600000,30.9859
104.624434960,600000,34.2466
104.807840429,600000,30
104.992404074,600000,34.6667
105.177488033,600000,30.9859
105.360349074,600000,31.4286
105.545477199,600000,30.9859
105.729322199,600000,30
105.912975480,600000,34.6667
106.097642355,600000,31.4286
106.282112251,600000,35.5263
106.464991001,600000,30.9859
106.648767824,600000,31.4286
106.833094490,600000,32.8767
107.016977928,600000,30
107.212807251,600000,31.9444
107.399844855,600000,31.9444
107.583868605,600000,33.3333
107.768027615,600000,30
107.952152094,600000,35.1351
108.136065532,600000,30.9859
108.320297823,600000,32.8767
108.504050063,600000,30.9859
108.688330688,600000,31.4286
108.874307979,600000,33.7838
109.057426313,600000,32.8767
109.244727771,600000,32.8767
109.431356677,600000,33.7838
109.615492041,600000,31.9444
109.798996573,600000,30.4348
109.983086573,600000,34.6667
110.168247302,600000,30
110.351177458,600000,31.9444
110.534863812,600000,31.4286
110.722886624,600000,33.3333
110.907893343,600000,31.9444
111.093849489,600000,32.8767
111.279273812,600000,29.5775
111.462630635,600000,33.3333
111.648362041,600000,31.9444
111.833437614,600000,31.5068
112.018057718,600000,32.3944
112.205549801,600000,31.5068
112.389768811,600000,30
112.589353915,600000,31.1688
112.772877301,600000,35.1351
112.955737821,600000,32.8767
113.141370426,600000,32.3944
113.324950842,600000,31.9444
113.510910790,600000,33.8028
113.725733342,600000,59.5238
113.936275842,600000,48.75
114.120288706,600000,30.9859
114.304910581,600000,30.9859
114.489765581,600000,30
114.673810633,600000,32.8767
114.857762352,600000,30.4348
115.041327508,600000,32.8767
115.226531518,600000,31.9444
115.410038029,600000,32.3944
115.594782143,600000,31.9444
115.778069487,600000,30.9859
115.962077612,600000,34.2466
116.145145737,600000,30.9859
116.329707560,600000,30
116.512899487,600000,32.8767
116.697132195,600000,31.4286
116.881611935,600000,31.9444
117.064865997,600000,31.9444
117.249503184,600000,30.9859
117.431843236,600000,35.1351
117.614780788,600000,31.9444
