# Mon May 06 20:11:31 2019
abstime,time_stamp,volt,curr,pf,mul
1557198691312,0.08,122.3,0.00111,0.37,0.05022861
1557198691360,0.128,122.3,0.00111,0.37,0.05022861
1557198691406,0.174,122.3,0.00111,0.37,0.05022861
1557198691452,0.22,122.3,0.00111,0.37,0.05022861
1557198691497,0.265,122.2,0.00107,0.375,0.04903275
1557198691543,0.311,122.2,0.00107,0.375,0.04903275
1557198691589,0.357,122.2,0.00107,0.375,0.04903275
1557198691634,0.402,122.2,0.00107,0.375,0.04903275
1557198691695,0.463,122.2,0.00111,0.364,0.049373688
1557198691741,0.509,122.2,0.00111,0.364,0.049373688
1557198691786,0.554,122.2,0.00111,0.364,0.049373688
1557198691832,0.6,122.2,0.00111,0.364,0.049373688
1557198691894,0.662,122.2,0.00108,0.373,0.049227048
1557198691940,0.708,122.2,0.00108,0.373,0.049227048
1557198691986,0.754,122.2,0.00108,0.373,0.049227048
1557198692032,0.8,122.2,0.00108,0.373,0.049227048
1557198692095,0.863,122.2,0.00108,0.369,0.048699144
1557198692141,0.909,122.2,0.00108,0.369,0.048699144
1557198692187,0.955,122.2,0.00108,0.369,0.048699144
1557198692233,1.001,122.2,0.00108,0.369,0.048699144
1557198692294,1.062,122.2,0.00107,0.372,0.048640488
1557198692340,1.108,122.2,0.00107,0.372,0.048640488
1557198692386,1.154,122.2,0.00107,0.372,0.048640488
1557198692432,1.2,122.2,0.00107,0.372,0.048640488
1557198692495,1.263,122.2,0.00108,0.372,0.049095072
1557198692541,1.309,122.2,0.00108,0.372,0.049095072
1557198692587,1.355,122.2,0.00108,0.372,0.049095072
1557198692633,1.401,122.2,0.00108,0.372,0.049095072
1557198692694,1.462,122.1,0.00111,0.364,0.049333284
1557198692740,1.508,122.1,0.00111,0.364,0.049333284
1557198692786,1.554,122.1,0.00111,0.364,0.049333284
1557198692832,1.6,122.1,0.00111,0.364,0.049333284
1557198692894,1.662,122.2,0.00115,0.377,0.05297981
1557198692940,1.708,122.2,0.00115,0.377,0.05297981
1557198692987,1.755,122.2,0.00115,0.377,0.05297981
1557198693032,1.8,122.2,0.00115,0.377,0.05297981
1557198693095,1.863,122.2,0.00111,0.373,0.050594466
1557198693141,1.909,122.2,0.00111,0.373,0.050594466
1557198693187,1.955,122.2,0.00111,0.373,0.050594466
1557198693233,2.001,122.2,0.00111,0.373,0.050594466
1557198693294,2.062,122.2,0.00108,0.376,0.049622976
1557198693340,2.108,122.2,0.00108,0.376,0.049622976
1557198693386,2.154,122.2,0.00108,0.376,0.049622976
1557198693433,2.201,122.2,0.00108,0.376,0.049622976
1557198693495,2.263,122.2,0.00108,0.374,0.049359024
1557198693541,2.309,122.2,0.00108,0.374,0.049359024
1557198693587,2.355,122.2,0.00108,0.374,0.049359024
1557198693633,2.401,122.2,0.00108,0.374,0.049359024
1557198693694,2.462,122.2,0.00112,0.367,0.050229088
1557198693740,2.508,122.2,0.00112,0.367,0.050229088
1557198693786,2.554,122.2,0.00112,0.367,0.050229088
1557198693832,2.601,122.2,0.00112,0.367,0.050229088
1557198693894,2.662,122.2,0.00112,0.367,0.050229088
1557198693940,2.708,122.2,0.00112,0.367,0.050229088
1557198693986,2.754,122.2,0.00112,0.367,0.050229088
1557198694032,2.8,122.2,0.00112,0.367,0.050229088
1557198694094,2.862,122.3,0.00109,0.374,0.049856818
1557198694140,2.908,122.3,0.00109,0.374,0.049856818
1557198694186,2.954,122.3,0.00109,0.374,0.049856818
1557198694232,3.0,122.3,0.00109,0.374,0.049856818
1557198694295,3.063,122.2,0.00109,0.381,0.050748438
1557198694341,3.109,122.2,0.00109,0.381,0.050748438
1557198694387,3.155,122.2,0.00109,0.381,0.050748438
1557198694433,3.201,122.2,0.00109,0.381,0.050748438
1557198694494,3.262,122.2,0.00111,0.364,0.049373688
1557198694540,3.308,122.2,0.00111,0.364,0.049373688
1557198694586,3.354,122.2,0.00111,0.364,0.049373688
1557198694632,3.4,122.2,0.00111,0.364,0.049373688
1557198694694,3.462,122.2,0.00111,0.37,0.05018754
1557198694741,3.509,122.2,0.00111,0.37,0.05018754
1557198694787,3.555,122.2,0.00111,0.37,0.05018754
1557198694833,3.601,122.2,0.00111,0.37,0.05018754
1557198694894,3.662,122.3,0.00114,0.36,0.05019192
1557198694940,3.708,122.3,0.00114,0.36,0.05019192
1557198694986,3.754,122.3,0.00114,0.36,0.05019192
1557198695032,3.8,122.3,0.00114,0.36,0.05019192
1557198695094,3.862,122.3,0.00113,0.362,0.050028038
1557198695141,3.909,122.3,0.00113,0.362,0.050028038
1557198695187,3.955,122.3,0.00113,0.362,0.050028038
1557198695233,4.001,122.3,0.00113,0.362,0.050028038
1557198695294,4.062,122.3,0.00108,0.37,0.04887108
1557198695340,4.108,122.3,0.00108,0.37,0.04887108
1557198695386,4.154,122.3,0.00108,0.37,0.04887108
1557198695432,4.2,122.3,0.00108,0.37,0.04887108
1557198695495,4.263,122.2,0.0011,0.362,0.04866004
1557198695541,4.309,122.2,0.0011,0.362,0.04866004
1557198695587,4.355,122.2,0.0011,0.362,0.04866004
1557198695633,4.401,122.2,0.0011,0.362,0.04866004
1557198695694,4.462,122.2,0.00112,0.364,0.049818496
1557198695741,4.509,122.2,0.00112,0.364,0.049818496
1557198695787,4.555,122.2,0.00112,0.364,0.049818496
1557198695833,4.601,122.2,0.00112,0.364,0.049818496
1557198695894,4.662,122.2,0.0011,0.372,0.05000424
1557198695940,4.708,122.2,0.0011,0.372,0.05000424
1557198695986,4.754,122.2,0.0011,0.372,0.05000424
1557198696032,4.8,122.2,0.0011,0.372,0.05000424
1557198696095,4.863,122.2,0.00113,0.369,0.050953734
1557198696140,4.908,122.2,0.00113,0.369,0.050953734
1557198696187,4.955,122.2,0.00113,0.369,0.050953734
1557198696233,5.001,122.2,0.00113,0.369,0.050953734
1557198696294,5.062,122.2,0.00109,0.367,0.048883666
1557198696340,5.108,122.2,0.00109,0.367,0.048883666
1557198696386,5.154,122.2,0.00109,0.367,0.048883666
1557198696432,5.2,122.2,0.00109,0.367,0.048883666
1557198696495,5.263,122.2,0.0011,0.366,0.04919772
1557198696541,5.309,122.2,0.0011,0.366,0.04919772
1557198696586,5.354,122.2,0.0011,0.366,0.04919772
1557198696633,5.401,122.2,0.0011,0.366,0.04919772
1557198696694,5.462,122.2,0.00113,0.363,0.050125218
1557198696740,5.508,122.2,0.00113,0.363,0.050125218
1557198696786,5.554,122.2,0.00113,0.363,0.050125218
1557198696832,5.6,122.2,0.00113,0.363,0.050125218
1557198696894,5.663,122.2,0.00115,0.365,0.05129345
1557198696940,5.708,122.2,0.00115,0.365,0.05129345
1557198696987,5.755,122.2,0.00115,0.365,0.05129345
1557198697033,5.801,122.2,0.00115,0.365,0.05129345
1557198697094,5.862,122.2,0.00114,0.362,0.050429496
1557198697140,5.908,122.2,0.00114,0.362,0.050429496
1557198697186,5.954,122.2,0.00114,0.362,0.050429496
1557198697232,6.0,122.2,0.00114,0.362,0.050429496
1557198697294,6.062,122.2,0.00108,0.365,0.04817124
1557198697339,6.107,122.2,0.00108,0.365,0.04817124
1557198697386,6.154,122.2,0.00108,0.365,0.04817124
1557198697432,6.2,122.2,0.00108,0.365,0.04817124
1557198697494,6.262,122.2,0.00109,0.354,0.047152092
1557198697540,6.308,122.2,0.00109,0.354,0.047152092
1557198697586,6.354,122.2,0.00109,0.354,0.047152092
1557198697633,6.401,122.2,0.00109,0.354,0.047152092
1557198697694,6.462,122.2,0.00113,0.356,0.049158616
1557198697740,6.508,122.2,0.00113,0.356,0.049158616
1557198697786,6.554,122.2,0.00113,0.356,0.049158616
1557198697832,6.6,122.2,0.00113,0.356,0.049158616
1557198697894,6.662,122.2,0.00113,0.357,0.049296702
1557198697940,6.708,122.2,0.00113,0.357,0.049296702
1557198697987,6.755,122.2,0.00113,0.357,0.049296702
1557198698033,6.801,122.2,0.00113,0.357,0.049296702
1557198698094,6.862,122.2,0.00112,0.373,0.051050272
1557198698140,6.908,122.2,0.00112,0.373,0.051050272
1557198698186,6.954,122.2,0.00112,0.373,0.051050272
1557198698233,7.001,122.2,0.00112,0.373,0.051050272
1557198698294,7.062,122.2,0.0011,0.368,0.04946656
1557198698340,7.108,122.2,0.0011,0.368,0.04946656
1557198698386,7.154,122.2,0.0011,0.368,0.04946656
1557198698432,7.2,122.2,0.0011,0.368,0.04946656
1557198698493,7.261,122.2,0.00107,0.369,0.048248226
1557198698539,7.307,122.2,0.00107,0.369,0.048248226
1557198698585,7.353,122.2,0.00107,0.369,0.048248226
1557198698631,7.399,122.2,0.00107,0.369,0.048248226
1557198698694,7.462,122.2,0.00113,0.369,0.050953734
1557198698740,7.508,122.2,0.00113,0.369,0.050953734
1557198698786,7.554,122.2,0.00113,0.369,0.050953734
1557198698832,7.6,122.2,0.00113,0.369,0.050953734
1557198698894,7.662,122.2,0.00113,0.358,0.049434788
1557198698941,7.709,122.2,0.00113,0.358,0.049434788
1557198698987,7.755,122.2,0.00113,0.358,0.049434788
1557198699033,7.801,122.2,0.00113,0.358,0.049434788
1557198699094,7.862,122.3,0.00111,0.379,0.051450387
1557198699140,7.908,122.3,0.00111,0.379,0.051450387
1557198699186,7.954,122.3,0.00111,0.379,0.051450387
1557198699232,8.0,122.3,0.00111,0.379,0.051450387
1557198699293,8.061,122.3,0.00107,0.366,0.047895126
1557198699339,8.107,122.3,0.00107,0.366,0.047895126
1557198699385,8.153,122.3,0.00107,0.366,0.047895126
1557198699432,8.2,122.3,0.00107,0.366,0.047895126
1557198699494,8.262,122.2,0.00108,0.365,0.04817124
1557198699540,8.308,122.2,0.00108,0.365,0.04817124
1557198699586,8.354,122.2,0.00108,0.365,0.04817124
1557198699633,8.401,122.2,0.00108,0.365,0.04817124
1557198699694,8.462,122.2,0.00111,0.369,0.050051898
1557198699739,8.507,122.2,0.00111,0.369,0.050051898
1557198699786,8.554,122.2,0.00111,0.369,0.050051898
1557198699832,8.6,122.2,0.00111,0.369,0.050051898
1557198699894,8.662,122.2,0.0011,0.364,0.04892888
1557198699940,8.708,122.2,0.0011,0.364,0.04892888
1557198699986,8.754,122.2,0.0011,0.364,0.04892888
1557198700032,8.8,122.2,0.0011,0.364,0.04892888
1557198700093,8.861,122.2,0.00111,0.363,0.049238046
1557198700140,8.908,122.2,0.00111,0.363,0.049238046
1557198700186,8.954,122.2,0.00111,0.363,0.049238046
1557198700232,9.0,122.2,0.00111,0.363,0.049238046
1557198700293,9.061,122.2,0.0011,0.376,0.05054192
1557198700339,9.107,122.2,0.0011,0.376,0.05054192
1557198700385,9.153,122.2,0.0011,0.376,0.05054192
1557198700431,9.199,122.2,0.0011,0.376,0.05054192
1557198700493,9.261,122.2,0.00111,0.365,0.04950933
1557198700539,9.308,122.2,0.00111,0.365,0.04950933
1557198700585,9.354,122.2,0.00111,0.365,0.04950933
1557198700632,9.4,122.2,0.00111,0.365,0.04950933
1557198700694,9.462,122.2,0.00114,0.361,0.050290188
1557198700740,9.508,122.2,0.00114,0.361,0.050290188
1557198700786,9.554,122.2,0.00114,0.361,0.050290188
1557198700832,9.6,122.2,0.00114,0.361,0.050290188
1557198700893,9.661,122.2,0.00116,0.367,0.052022984
1557198700939,9.707,122.2,0.00116,0.367,0.052022984
1557198700985,9.754,122.2,0.00116,0.367,0.052022984
1557198701032,9.8,122.2,0.00116,0.367,0.052022984
1557198701094,9.862,122.2,0.00112,0.363,0.049681632
1557198701140,9.908,122.2,0.00112,0.363,0.049681632
1557198701186,9.954,122.2,0.00112,0.363,0.049681632
1557198701232,10.0,122.2,0.00112,0.363,0.049681632
1557198701293,10.061,122.2,0.0011,0.368,0.04946656
1557198701339,10.107,122.2,0.0011,0.368,0.04946656
1557198701385,10.153,122.2,0.0011,0.368,0.04946656
1557198701432,10.2,122.2,0.0011,0.368,0.04946656
1557198701494,10.262,122.2,0.0011,0.359,0.04825678
1557198701540,10.308,122.2,0.0011,0.359,0.04825678
1557198701586,10.354,122.2,0.0011,0.359,0.04825678
1557198701633,10.401,122.2,0.0011,0.359,0.04825678
1557198701694,10.462,122.2,0.00112,0.356,0.048723584
1557198701740,10.508,122.2,0.00112,0.356,0.048723584
1557198701786,10.554,122.2,0.00112,0.356,0.048723584
1557198701832,10.6,122.2,0.00112,0.356,0.048723584
1557198701893,10.661,122.2,0.00113,0.358,0.049434788
1557198701939,10.707,122.2,0.00113,0.358,0.049434788
1557198701985,10.753,122.2,0.00113,0.358,0.049434788
1557198702031,10.799,122.2,0.00113,0.358,0.049434788
1557198702093,10.861,122.2,0.00115,0.362,0.05087186
1557198702140,10.908,122.2,0.00115,0.362,0.05087186
1557198702186,10.954,122.2,0.00115,0.362,0.05087186
1557198702232,11.0,122.2,0.00115,0.362,0.05087186
1557198702294,11.062,122.3,0.00111,0.363,0.049278339
1557198702340,11.108,122.3,0.00111,0.363,0.049278339
1557198702386,11.154,122.3,0.00111,0.363,0.049278339
1557198702432,11.2,122.3,0.00111,0.363,0.049278339
1557198702494,11.262,122.2,0.00109,0.362,0.048217676
1557198702540,11.308,122.2,0.00109,0.362,0.048217676
1557198702586,11.354,122.2,0.00109,0.362,0.048217676
1557198702632,11.4,122.2,0.00109,0.362,0.048217676
1557198702693,11.461,122.2,0.00113,0.352,0.048606272
1557198702739,11.507,122.2,0.00113,0.352,0.048606272
1557198702785,11.553,122.2,0.00113,0.352,0.048606272
1557198702831,11.599,122.2,0.00113,0.352,0.048606272
1557198702893,11.661,122.2,0.00115,0.37,0.0519961
1557198702940,11.708,122.2,0.00115,0.37,0.0519961
1557198702986,11.754,122.2,0.00115,0.37,0.0519961
1557198703032,11.8,122.2,0.00115,0.37,0.0519961
1557198703093,11.861,122.2,0.00112,0.368,0.050365952
1557198703139,11.907,122.2,0.00112,0.368,0.050365952
1557198703185,11.953,122.2,0.00112,0.368,0.050365952
1557198703231,11.999,122.2,0.00112,0.368,0.050365952
1557198703293,12.061,122.2,0.00108,0.37,0.04883112
1557198703339,12.107,122.2,0.00108,0.37,0.04883112
1557198703387,12.155,122.2,0.00108,0.37,0.04883112
1557198703433,12.201,122.2,0.00108,0.37,0.04883112
1557198703494,12.262,122.2,0.00108,0.37,0.04883112
1557198703540,12.308,122.2,0.00108,0.37,0.04883112
1557198703586,12.354,122.2,0.00108,0.37,0.04883112
1557198703632,12.4,122.2,0.00108,0.37,0.04883112
1557198703693,12.461,122.2,0.00109,0.372,0.049549656
1557198703739,12.507,122.2,0.00109,0.372,0.049549656
1557198703785,12.553,122.2,0.00109,0.372,0.049549656
1557198703831,12.599,122.2,0.00109,0.372,0.049549656
1557198703893,12.661,122.2,0.00113,0.357,0.049296702
