# Mon May 06 20:12:08 2019
abstime,time_stamp,volt,curr,pf,mul
1557198728210,0.081,122.2,0.00408,0.391,0.194943216
1557198728257,0.129,122.2,0.00408,0.391,0.194943216
1557198728304,0.175,122.2,0.00404,0.396,0.195500448
1557198728349,0.22,122.2,0.00404,0.396,0.195500448
1557198728395,0.266,122.2,0.00404,0.396,0.195500448
1557198728440,0.311,122.2,0.00404,0.396,0.195500448
1557198728490,0.361,122.3,0.00407,0.391,0.194624551
1557198728536,0.407,122.3,0.00407,0.391,0.194624551
1557198728582,0.453,122.3,0.00407,0.391,0.194624551
1557198728627,0.498,122.3,0.00407,0.391,0.194624551
1557198728691,0.562,122.3,0.00407,0.393,0.195620073
1557198728737,0.608,122.3,0.00407,0.393,0.195620073
1557198728783,0.654,122.3,0.00407,0.393,0.195620073
1557198728829,0.7,122.3,0.00407,0.393,0.195620073
1557198728890,0.761,122.2,0.00402,0.392,0.192567648
1557198728936,0.807,122.2,0.00402,0.392,0.192567648
1557198728982,0.853,122.2,0.00402,0.392,0.192567648
1557198729028,0.899,122.2,0.00402,0.392,0.192567648
1557198729090,0.961,122.2,0.00413,0.39,0.19682754
1557198729136,1.007,122.2,0.00413,0.39,0.19682754
1557198729182,1.053,122.2,0.00413,0.39,0.19682754
1557198729229,1.1,122.2,0.00413,0.39,0.19682754
1557198729290,1.161,122.3,0.00409,0.393,0.196581351
1557198729336,1.207,122.3,0.00409,0.393,0.196581351
1557198729382,1.253,122.3,0.00409,0.393,0.196581351
1557198729428,1.299,122.3,0.00409,0.393,0.196581351
1557198729490,1.361,122.3,0.00406,0.392,0.194642896
1557198729537,1.408,122.3,0.00406,0.392,0.194642896
1557198729583,1.454,122.3,0.00406,0.392,0.194642896
1557198729629,1.5,122.3,0.00406,0.392,0.194642896
1557198729691,1.562,122.2,0.00402,0.392,0.192567648
1557198729737,1.608,122.2,0.00402,0.392,0.192567648
1557198729783,1.654,122.2,0.00402,0.392,0.192567648
1557198729830,1.701,122.2,0.00402,0.392,0.192567648
1557198729891,1.762,122.2,0.00405,0.39,0.1930149
1557198729937,1.808,122.2,0.00405,0.39,0.1930149
1557198729983,1.854,122.2,0.00405,0.39,0.1930149
1557198730029,1.9,122.2,0.00405,0.39,0.1930149
1557198730090,1.961,122.2,0.00409,0.391,0.195421018
1557198730136,2.007,122.2,0.00409,0.391,0.195421018
1557198730182,2.053,122.2,0.00409,0.391,0.195421018
1557198730227,2.098,122.2,0.00409,0.391,0.195421018
1557198730290,2.161,122.2,0.00408,0.397,0.197934672
1557198730336,2.207,122.2,0.00408,0.397,0.197934672
1557198730381,2.252,122.2,0.00408,0.397,0.197934672
1557198730427,2.298,122.2,0.00408,0.397,0.197934672
1557198730491,2.362,122.2,0.00406,0.394,0.195476008
1557198730536,2.407,122.2,0.00406,0.394,0.195476008
1557198730582,2.453,122.2,0.00406,0.394,0.195476008
1557198730628,2.499,122.2,0.00406,0.394,0.195476008
1557198730690,2.561,122.2,0.00405,0.389,0.19251999
1557198730736,2.607,122.2,0.00405,0.389,0.19251999
1557198730782,2.653,122.2,0.00405,0.389,0.19251999
1557198730828,2.699,122.2,0.00405,0.389,0.19251999
1557198730891,2.762,122.2,0.00406,0.393,0.194979876
1557198730937,2.808,122.2,0.00406,0.393,0.194979876
1557198730983,2.854,122.2,0.00406,0.393,0.194979876
1557198731029,2.9,122.2,0.00406,0.393,0.194979876
1557198731090,2.961,122.2,0.00404,0.392,0.193525696
1557198731136,3.007,122.2,0.00404,0.392,0.193525696
1557198731182,3.053,122.2,0.00404,0.392,0.193525696
1557198731228,3.099,122.2,0.00404,0.392,0.193525696
1557198731291,3.162,122.2,0.00407,0.395,0.19645483
1557198731337,3.208,122.2,0.00407,0.395,0.19645483
1557198731383,3.254,122.2,0.00407,0.395,0.19645483
1557198731429,3.3,122.2,0.00407,0.395,0.19645483
1557198731490,3.361,122.2,0.00405,0.397,0.19647927
1557198731536,3.407,122.2,0.00405,0.397,0.19647927
1557198731582,3.453,122.2,0.00405,0.397,0.19647927
1557198731628,3.499,122.2,0.00405,0.397,0.19647927
1557198731691,3.562,122.2,0.00401,0.395,0.19355869
1557198731737,3.608,122.2,0.00401,0.395,0.19355869
1557198731783,3.654,122.2,0.00401,0.395,0.19355869
1557198731829,3.7,122.2,0.00401,0.395,0.19355869
1557198731890,3.761,122.2,0.00404,0.395,0.19500676
1557198731936,3.807,122.2,0.00404,0.395,0.19500676
1557198731982,3.853,122.2,0.00404,0.395,0.19500676
1557198732028,3.899,122.2,0.00404,0.395,0.19500676
1557198732091,3.962,122.2,0.00407,0.397,0.197449538
1557198732137,4.008,122.2,0.00407,0.397,0.197449538
1557198732183,4.054,122.2,0.00407,0.397,0.197449538
1557198732229,4.1,122.2,0.00407,0.397,0.197449538
1557198732290,4.161,122.2,0.00406,0.394,0.195476008
1557198732336,4.207,122.2,0.00406,0.394,0.195476008
1557198732383,4.254,122.2,0.00406,0.394,0.195476008
1557198732429,4.3,122.2,0.00406,0.394,0.195476008
1557198732490,4.361,122.3,0.00405,0.392,0.19416348
1557198732536,4.407,122.3,0.00405,0.392,0.19416348
1557198732582,4.453,122.3,0.00405,0.392,0.19416348
1557198732628,4.499,122.3,0.00405,0.392,0.19416348
1557198732690,4.561,122.3,0.00405,0.393,0.194658795
1557198732736,4.607,122.3,0.00405,0.393,0.194658795
1557198732782,4.653,122.3,0.00405,0.393,0.194658795
1557198732828,4.699,122.3,0.00405,0.393,0.194658795
1557198732891,4.762,122.2,0.00407,0.39,0.19396806
1557198732937,4.808,122.2,0.00407,0.39,0.19396806
1557198732983,4.854,122.2,0.00407,0.39,0.19396806
1557198733029,4.9,122.2,0.00407,0.39,0.19396806
1557198733090,4.961,122.2,0.00407,0.395,0.19645483
1557198733136,5.007,122.2,0.00407,0.395,0.19645483
1557198733182,5.053,122.2,0.00407,0.395,0.19645483
1557198733229,5.1,122.2,0.00407,0.395,0.19645483
1557198733290,5.161,122.3,0.00403,0.398,0.196161862
1557198733336,5.207,122.3,0.00403,0.398,0.196161862
1557198733382,5.253,122.3,0.00403,0.398,0.196161862
1557198733428,5.299,122.3,0.00403,0.398,0.196161862
1557198733490,5.361,122.3,0.00404,0.396,0.195660432
1557198733536,5.407,122.3,0.00404,0.396,0.195660432
1557198733582,5.453,122.3,0.00404,0.396,0.195660432
1557198733628,5.499,122.3,0.00404,0.396,0.195660432
1557198733689,5.561,122.3,0.00402,0.395,0.19420017
1557198733735,5.606,122.3,0.00402,0.395,0.19420017
1557198733781,5.652,122.3,0.00402,0.395,0.19420017
1557198733828,5.699,122.3,0.00402,0.395,0.19420017
1557198733890,5.761,122.2,0.004,0.396,0.1935648
1557198733936,5.807,122.2,0.004,0.396,0.1935648
1557198733982,5.853,122.2,0.004,0.396,0.1935648
1557198734028,5.899,122.2,0.004,0.396,0.1935648
1557198734090,5.961,122.2,0.00405,0.392,0.19400472
1557198734136,6.007,122.2,0.00405,0.392,0.19400472
1557198734182,6.053,122.2,0.00405,0.392,0.19400472
1557198734228,6.099,122.2,0.00405,0.392,0.19400472
1557198734290,6.161,122.2,0.00405,0.396,0.19598436
1557198734335,6.206,122.2,0.00405,0.396,0.19598436
1557198734382,6.253,122.2,0.00405,0.396,0.19598436
1557198734428,6.299,122.2,0.00405,0.396,0.19598436
1557198734490,6.361,122.2,0.00399,0.4,0.1950312
1557198734536,6.407,122.2,0.00399,0.4,0.1950312
1557198734582,6.453,122.2,0.00399,0.4,0.1950312
1557198734628,6.499,122.2,0.00399,0.4,0.1950312
1557198734689,6.56,122.2,0.00402,0.396,0.194532624
1557198734735,6.606,122.2,0.00402,0.396,0.194532624
1557198734781,6.653,122.2,0.00402,0.396,0.194532624
1557198734828,6.699,122.2,0.00402,0.396,0.194532624
1557198734890,6.761,122.2,0.00403,0.395,0.19452407
1557198734936,6.807,122.2,0.00403,0.395,0.19452407
1557198734982,6.854,122.2,0.00403,0.395,0.19452407
1557198735029,6.9,122.2,0.00403,0.395,0.19452407
1557198735090,6.961,122.2,0.00406,0.393,0.194979876
1557198735136,7.007,122.2,0.00406,0.393,0.194979876
1557198735182,7.053,122.2,0.00406,0.393,0.194979876
1557198735228,7.099,122.2,0.00406,0.393,0.194979876
1557198735290,7.161,122.2,0.00407,0.394,0.195957476
1557198735335,7.206,122.2,0.00407,0.394,0.195957476
1557198735381,7.252,122.2,0.00407,0.394,0.195957476
1557198735428,7.299,122.2,0.00407,0.394,0.195957476
1557198735490,7.361,122.2,0.00408,0.393,0.195940368
1557198735536,7.407,122.2,0.00408,0.393,0.195940368
1557198735582,7.453,122.2,0.00408,0.393,0.195940368
1557198735628,7.499,122.2,0.00408,0.393,0.195940368
1557198735689,7.56,122.2,0.00406,0.391,0.193987612
1557198735735,7.606,122.2,0.00406,0.391,0.193987612
1557198735781,7.652,122.2,0.00406,0.391,0.193987612
1557198735828,7.699,122.2,0.00406,0.391,0.193987612
1557198735890,7.761,122.2,0.00402,0.395,0.19404138
1557198735936,7.807,122.2,0.00402,0.395,0.19404138
1557198735982,7.853,122.2,0.00402,0.395,0.19404138
1557198736028,7.899,122.2,0.00402,0.395,0.19404138
1557198736089,7.961,122.2,0.00405,0.393,0.19449963
1557198736135,8.006,122.2,0.00405,0.393,0.19449963
1557198736181,8.052,122.2,0.00405,0.393,0.19449963
1557198736227,8.098,122.2,0.00405,0.393,0.19449963
1557198736290,8.161,122.2,0.00406,0.397,0.196964404
1557198736336,8.207,122.2,0.00406,0.397,0.196964404
1557198736382,8.253,122.2,0.00406,0.397,0.196964404
1557198736428,8.299,122.2,0.00406,0.397,0.196964404
1557198736489,8.36,122.3,0.0041,0.395,0.19806485
1557198736535,8.406,122.3,0.0041,0.395,0.19806485
1557198736581,8.452,122.3,0.0041,0.395,0.19806485
1557198736628,8.499,122.3,0.0041,0.395,0.19806485
1557198736690,8.561,122.3,0.00405,0.392,0.19416348
1557198736736,8.607,122.3,0.00405,0.392,0.19416348
1557198736782,8.653,122.3,0.00405,0.392,0.19416348
1557198736828,8.699,122.3,0.00405,0.392,0.19416348
1557198736889,8.76,122.3,0.00404,0.393,0.194178156
1557198736936,8.807,122.3,0.00404,0.393,0.194178156
1557198736982,8.853,122.3,0.00404,0.393,0.194178156
1557198737028,8.899,122.3,0.00404,0.393,0.194178156
1557198737089,8.96,122.2,0.00406,0.39,0.19349148
1557198737135,9.006,122.2,0.00406,0.39,0.19349148
1557198737181,9.052,122.2,0.00406,0.39,0.19349148
1557198737227,9.098,122.2,0.00406,0.39,0.19349148
1557198737290,9.161,122.3,0.00408,0.392,0.195601728
1557198737336,9.207,122.3,0.00408,0.392,0.195601728
1557198737382,9.253,122.3,0.00408,0.392,0.195601728
1557198737428,9.299,122.3,0.00408,0.392,0.195601728
1557198737489,9.36,122.3,0.00404,0.397,0.196154524
1557198737536,9.407,122.3,0.00404,0.397,0.196154524
1557198737582,9.453,122.3,0.00404,0.397,0.196154524
1557198737628,9.499,122.3,0.00404,0.397,0.196154524
1557198737689,9.56,122.3,0.00403,0.391,0.192711779
1557198737735,9.606,122.3,0.00403,0.391,0.192711779
1557198737781,9.652,122.3,0.00403,0.391,0.192711779
1557198737827,9.698,122.3,0.00403,0.391,0.192711779
1557198737889,9.76,122.2,0.00401,0.393,0.192578646
1557198737936,9.807,122.2,0.00401,0.393,0.192578646
1557198737982,9.853,122.2,0.00401,0.393,0.192578646
1557198738028,9.899,122.2,0.00401,0.393,0.192578646
1557198738089,9.96,122.2,0.00408,0.392,0.195441792
1557198738135,10.006,122.2,0.00408,0.392,0.195441792
1557198738181,10.052,122.2,0.00408,0.392,0.195441792
1557198738227,10.098,122.2,0.00408,0.392,0.195441792
1557198738290,10.161,122.2,0.00405,0.394,0.19499454
1557198738336,10.207,122.2,0.00405,0.394,0.19499454
1557198738382,10.253,122.2,0.00405,0.394,0.19499454
1557198738428,10.299,122.2,0.00405,0.394,0.19499454
1557198738489,10.36,122.2,0.00402,0.397,0.195023868
1557198738536,10.407,122.2,0.00402,0.397,0.195023868
1557198738582,10.453,122.2,0.00402,0.397,0.195023868
1557198738628,10.499,122.2,0.00402,0.397,0.195023868
1557198738689,10.56,122.2,0.00403,0.395,0.19452407
1557198738735,10.606,122.2,0.00403,0.395,0.19452407
1557198738781,10.652,122.2,0.00403,0.395,0.19452407
1557198738828,10.699,122.2,0.00403,0.395,0.19452407
1557198738890,10.761,122.2,0.00407,0.392,0.194962768
1557198738936,10.807,122.2,0.00407,0.392,0.194962768
1557198738982,10.853,122.2,0.00407,0.392,0.194962768
1557198739028,10.899,122.2,0.00407,0.392,0.194962768
1557198739090,10.961,122.2,0.00405,0.395,0.19548945
1557198739136,11.007,122.2,0.00405,0.395,0.19548945
1557198739182,11.053,122.2,0.00405,0.395,0.19548945
1557198739228,11.099,122.2,0.00405,0.395,0.19548945
1557198739289,11.16,122.2,0.00405,0.399,0.19746909
1557198739335,11.206,122.2,0.00405,0.399,0.19746909
1557198739381,11.252,122.2,0.00405,0.399,0.19746909
1557198739427,11.298,122.2,0.00405,0.399,0.19746909
1557198739490,11.361,122.2,0.00409,0.393,0.196420614
1557198739536,11.407,122.2,0.00409,0.393,0.196420614
1557198739582,11.453,122.2,0.00409,0.393,0.196420614
1557198739628,11.499,122.2,0.00409,0.393,0.196420614
1557198739689,11.56,122.2,0.00403,0.396,0.195016536
1557198739735,11.606,122.2,0.00403,0.396,0.195016536
1557198739781,11.652,122.2,0.00403,0.396,0.195016536
1557198739827,11.698,122.2,0.00403,0.396,0.195016536
1557198739889,11.76,122.2,0.00405,0.393,0.19449963
1557198739935,11.806,122.2,0.00405,0.393,0.19449963
1557198739981,11.852,122.2,0.00405,0.393,0.19449963
1557198740027,11.898,122.2,0.00405,0.393,0.19449963
1557198740089,11.96,122.2,0.00409,0.39,0.19492122
1557198740136,12.007,122.2,0.00409,0.39,0.19492122
1557198740182,12.053,122.2,0.00409,0.39,0.19492122
1557198740228,12.099,122.2,0.00409,0.39,0.19492122
1557198740290,12.161,122.2,0.00407,0.395,0.19645483
1557198740336,12.207,122.2,0.00407,0.395,0.19645483
1557198740383,12.254,122.2,0.00407,0.395,0.19645483
1557198740429,12.3,122.2,0.00407,0.395,0.19645483
1557198740490,12.361,122.3,0.00407,0.396,0.197113356
1557198740536,12.407,122.3,0.00407,0.396,0.197113356
1557198740582,12.453,122.3,0.00407,0.396,0.197113356
1557198740628,12.499,122.3,0.00407,0.396,0.197113356
1557198740689,12.56,122.3,0.00411,0.387,0.194526711
1557198740735,12.606,122.3,0.00411,0.387,0.194526711
1557198740781,12.652,122.3,0.00411,0.387,0.194526711
