# Mon Jun 03 19:18:54 2019
abstime,time_stamp,volt,curr,pf,mul
1559614734563,0.079,121.9,0.05155,0.533,3.349342685
1559614734611,0.127,121.9,0.05155,0.533,3.349342685
1559614734657,0.173,121.9,0.05155,0.533,3.349342685
1559614734703,0.219,121.9,0.05155,0.533,3.349342685
1559614734749,0.265,121.9,0.05234,0.533,3.400671118
1559614734795,0.311,121.9,0.05234,0.533,3.400671118
1559614734840,0.356,121.9,0.05234,0.533,3.400671118
1559614734886,0.402,121.9,0.05234,0.533,3.400671118
1559614734935,0.451,121.9,0.05225,0.534,3.40119285
1559614734981,0.497,121.9,0.05225,0.534,3.40119285
1559614735027,0.543,121.9,0.05225,0.534,3.40119285
1559614735073,0.589,121.9,0.05225,0.534,3.40119285
1559614735136,0.652,122.0,0.05223,0.534,3.40268004
1559614735182,0.698,122.0,0.05223,0.534,3.40268004
1559614735228,0.744,122.0,0.05223,0.534,3.40268004
1559614735274,0.79,122.0,0.05223,0.534,3.40268004
1559614735335,0.851,122.0,0.05246,0.534,3.41766408
1559614735381,0.897,122.0,0.05246,0.534,3.41766408
1559614735427,0.943,122.0,0.05246,0.534,3.41766408
1559614735473,0.989,122.0,0.05246,0.534,3.41766408
1559614735536,1.052,121.9,0.05199,0.536,3.396943416
1559614735582,1.098,121.9,0.05199,0.536,3.396943416
1559614735628,1.144,121.9,0.05199,0.536,3.396943416
1559614735674,1.19,121.9,0.05199,0.536,3.396943416
1559614735735,1.251,121.9,0.05196,0.539,3.413985036
1559614735781,1.297,121.9,0.05196,0.539,3.413985036
1559614735827,1.343,121.9,0.05196,0.539,3.413985036
1559614735873,1.389,121.9,0.05196,0.539,3.413985036
1559614735935,1.452,121.9,0.05185,0.542,3.42571913
1559614735982,1.498,121.9,0.05185,0.542,3.42571913
1559614736028,1.544,121.9,0.05185,0.542,3.42571913
1559614736074,1.59,121.9,0.05185,0.542,3.42571913
1559614736135,1.651,122.0,0.05188,0.539,3.41152504
1559614736181,1.697,122.0,0.05188,0.539,3.41152504
1559614736227,1.743,122.0,0.05188,0.539,3.41152504
1559614736273,1.789,122.0,0.05188,0.539,3.41152504
1559614736335,1.852,121.9,0.05233,0.537,3.425537499
1559614736382,1.898,121.9,0.05233,0.537,3.425537499
1559614736428,1.944,121.9,0.05233,0.537,3.425537499
1559614736474,1.99,121.9,0.05233,0.537,3.425537499
1559614736535,2.051,121.9,0.05294,0.536,3.459014896
1559614736581,2.097,121.9,0.05294,0.536,3.459014896
1559614736627,2.143,121.9,0.05294,0.536,3.459014896
1559614736673,2.189,121.9,0.05294,0.536,3.459014896
1559614736736,2.252,121.9,0.04896,0.527,3.145254048
1559614736782,2.298,121.9,0.04896,0.527,3.145254048
1559614736828,2.344,121.9,0.04896,0.527,3.145254048
1559614736874,2.391,121.9,0.04896,0.527,3.145254048
1559614736936,2.452,121.9,0.04855,0.528,3.12483336
1559614736982,2.498,121.9,0.04855,0.528,3.12483336
1559614737028,2.544,121.9,0.04855,0.528,3.12483336
1559614737074,2.59,121.9,0.04855,0.528,3.12483336
1559614737135,2.652,121.9,0.04841,0.528,3.115822512
1559614737182,2.698,121.9,0.04841,0.528,3.115822512
1559614737228,2.744,121.9,0.04841,0.528,3.115822512
1559614737274,2.79,121.9,0.04841,0.528,3.115822512
1559614737335,2.851,121.9,0.04843,0.527,3.111206159
1559614737381,2.897,121.9,0.04843,0.527,3.111206159
1559614737427,2.943,121.9,0.04843,0.527,3.111206159
1559614737473,2.989,121.9,0.04843,0.527,3.111206159
1559614737535,3.051,121.9,0.04838,0.527,3.107994094
1559614737582,3.098,121.9,0.04838,0.527,3.107994094
1559614737628,3.144,121.9,0.04838,0.527,3.107994094
1559614737674,3.19,121.9,0.04838,0.527,3.107994094
1559614737735,3.251,121.9,0.0483,0.528,3.10874256
1559614737781,3.297,121.9,0.0483,0.528,3.10874256
1559614737827,3.343,121.9,0.0483,0.528,3.10874256
1559614737873,3.389,121.9,0.0483,0.528,3.10874256
1559614737935,3.451,121.9,0.04842,0.526,3.104661348
1559614737981,3.497,121.9,0.04842,0.526,3.104661348
1559614738026,3.542,121.9,0.04842,0.526,3.104661348
1559614738072,3.588,121.9,0.04842,0.526,3.104661348
1559614738135,3.651,122.0,0.04896,0.522,3.11796864
1559614738181,3.697,122.0,0.04896,0.522,3.11796864
1559614738227,3.743,122.0,0.04896,0.522,3.11796864
1559614738273,3.789,122.0,0.04896,0.522,3.11796864
1559614738336,3.852,122.0,0.04897,0.52,3.1066568
1559614738381,3.897,122.0,0.04897,0.52,3.1066568
1559614738427,3.943,122.0,0.04897,0.52,3.1066568
1559614738473,3.989,122.0,0.04897,0.52,3.1066568
1559614738535,4.051,121.9,0.04866,0.523,3.102255042
1559614738581,4.097,121.9,0.04866,0.523,3.102255042
1559614738627,4.143,121.9,0.04866,0.523,3.102255042
1559614738673,4.189,121.9,0.04866,0.523,3.102255042
1559614738736,4.252,121.9,0.04866,0.524,3.108186696
1559614738782,4.298,121.9,0.04866,0.524,3.108186696
1559614738828,4.344,121.9,0.04866,0.524,3.108186696
1559614738874,4.39,121.9,0.04866,0.524,3.108186696
1559614738935,4.451,121.9,0.04859,0.525,3.109638525
1559614738981,4.497,121.9,0.04859,0.525,3.109638525
1559614739027,4.543,121.9,0.04859,0.525,3.109638525
1559614739073,4.589,121.9,0.04859,0.525,3.109638525
1559614739135,4.651,122.0,0.04867,0.524,3.11137576
1559614739181,4.697,122.0,0.04867,0.524,3.11137576
1559614739227,4.744,122.0,0.04867,0.524,3.11137576
1559614739274,4.79,122.0,0.04867,0.524,3.11137576
1559614739335,4.851,122.0,0.04871,0.523,3.10799026
1559614739380,4.896,122.0,0.04871,0.523,3.10799026
1559614739426,4.943,122.0,0.04871,0.523,3.10799026
1559614739473,4.989,122.0,0.04871,0.523,3.10799026
1559614739535,5.051,121.9,0.04834,0.527,3.105424442
1559614739581,5.097,121.9,0.04834,0.527,3.105424442
1559614739627,5.143,121.9,0.04834,0.527,3.105424442
1559614739673,5.189,121.9,0.04834,0.527,3.105424442
1559614739736,5.252,121.9,0.04849,0.527,3.115060637
1559614739782,5.298,121.9,0.04849,0.527,3.115060637
1559614739828,5.344,121.9,0.04849,0.527,3.115060637
1559614739874,5.39,121.9,0.04849,0.527,3.115060637
1559614739935,5.451,122.0,0.0486,0.525,3.11283
1559614739981,5.497,122.0,0.0486,0.525,3.11283
1559614740027,5.543,122.0,0.0486,0.525,3.11283
1559614740073,5.589,122.0,0.0486,0.525,3.11283
1559614740135,5.652,122.0,0.04843,0.526,3.10784996
1559614740182,5.698,122.0,0.04843,0.526,3.10784996
1559614740228,5.744,122.0,0.04843,0.526,3.10784996
1559614740274,5.79,122.0,0.04843,0.526,3.10784996
1559614740335,5.851,122.0,0.04879,0.522,3.10714236
1559614740381,5.897,122.0,0.04879,0.522,3.10714236
1559614740427,5.943,122.0,0.04879,0.522,3.10714236
1559614740473,5.989,122.0,0.04879,0.522,3.10714236
1559614740535,6.051,122.0,0.04843,0.527,3.11375842
1559614740582,6.098,122.0,0.04843,0.527,3.11375842
1559614740628,6.144,122.0,0.04843,0.527,3.11375842
1559614740674,6.19,122.0,0.04843,0.527,3.11375842
1559614740735,6.251,122.0,0.0532,0.541,3.5113064
1559614740781,6.297,122.0,0.0532,0.541,3.5113064
1559614740827,6.343,122.0,0.0532,0.541,3.5113064
1559614740873,6.389,122.0,0.0532,0.541,3.5113064
1559614740935,6.451,121.9,0.04937,0.529,3.183629387
1559614740980,6.497,121.9,0.04937,0.529,3.183629387
1559614741027,6.543,121.9,0.04937,0.529,3.183629387
1559614741073,6.589,121.9,0.04937,0.529,3.183629387
1559614741135,6.651,121.9,0.04868,0.525,3.1153983
1559614741181,6.697,121.9,0.04868,0.525,3.1153983
1559614741227,6.744,121.9,0.04868,0.525,3.1153983
1559614741274,6.79,121.9,0.04868,0.525,3.1153983
1559614741335,6.851,121.9,0.04864,0.524,3.106909184
1559614741380,6.896,121.9,0.04864,0.524,3.106909184
1559614741426,6.943,121.9,0.04864,0.524,3.106909184
1559614741473,6.989,121.9,0.04864,0.524,3.106909184
1559614741535,7.051,121.9,0.0486,0.524,3.10435416
1559614741581,7.097,121.9,0.0486,0.524,3.10435416
1559614741627,7.143,121.9,0.0486,0.524,3.10435416
1559614741673,7.189,121.9,0.0486,0.524,3.10435416
1559614741734,7.25,121.9,0.04851,0.526,3.110432094
1559614741780,7.296,121.9,0.04851,0.526,3.110432094
1559614741826,7.342,121.9,0.04851,0.526,3.110432094
1559614741872,7.388,121.9,0.04851,0.526,3.110432094
1559614741935,7.451,121.9,0.04864,0.524,3.106909184
1559614741981,7.497,121.9,0.04864,0.524,3.106909184
1559614742027,7.543,121.9,0.04864,0.524,3.106909184
1559614742073,7.589,121.9,0.04864,0.524,3.106909184
1559614742135,7.651,121.9,0.04878,0.523,3.109905486
1559614742181,7.697,121.9,0.04878,0.523,3.109905486
1559614742227,7.743,121.9,0.04878,0.523,3.109905486
1559614742273,7.79,121.9,0.04878,0.523,3.109905486
1559614742335,7.851,122.0,0.04865,0.524,3.1100972
1559614742381,7.897,122.0,0.04865,0.524,3.1100972
1559614742427,7.943,122.0,0.04865,0.524,3.1100972
1559614742473,7.989,122.0,0.04865,0.524,3.1100972
1559614742535,8.051,121.9,0.04861,0.524,3.104992916
1559614742581,8.098,121.9,0.04861,0.524,3.104992916
1559614742628,8.144,121.9,0.04861,0.524,3.104992916
1559614742674,8.19,121.9,0.04861,0.524,3.104992916
1559614742735,8.251,121.9,0.0484,0.528,3.11517888
1559614742781,8.297,121.9,0.0484,0.528,3.11517888
1559614742827,8.343,121.9,0.0484,0.528,3.11517888
1559614742873,8.389,121.9,0.0484,0.528,3.11517888
1559614742934,8.45,122.0,0.04863,0.525,3.1147515
1559614742980,8.496,122.0,0.04863,0.525,3.1147515
1559614743026,8.542,122.0,0.04863,0.525,3.1147515
1559614743072,8.588,122.0,0.04863,0.525,3.1147515
1559614743135,8.651,122.0,0.04891,0.522,3.11478444
1559614743181,8.697,122.0,0.04891,0.522,3.11478444
1559614743227,8.743,122.0,0.04891,0.522,3.11478444
1559614743273,8.789,122.0,0.04891,0.522,3.11478444
1559614743334,8.85,122.0,0.04869,0.523,3.10671414
1559614743380,8.896,122.0,0.04869,0.523,3.10671414
1559614743426,8.942,122.0,0.04869,0.523,3.10671414
1559614743472,8.988,122.0,0.04869,0.523,3.10671414
1559614743534,9.051,122.0,0.04875,0.523,3.1105425
1559614743581,9.097,122.0,0.04875,0.523,3.1105425
1559614743627,9.143,122.0,0.04875,0.523,3.1105425
1559614743673,9.189,122.0,0.04875,0.523,3.1105425
1559614743735,9.251,122.0,0.04899,0.52,3.1079256
1559614743781,9.297,122.0,0.04899,0.52,3.1079256
1559614743827,9.343,122.0,0.04899,0.52,3.1079256
1559614743873,9.389,122.0,0.04899,0.52,3.1079256
1559614743934,9.45,121.9,0.04902,0.52,3.10727976
1559614743980,9.497,121.9,0.04902,0.52,3.10727976
1559614744027,9.543,121.9,0.04902,0.52,3.10727976
1559614744073,9.589,121.9,0.04902,0.52,3.10727976
1559614744135,9.651,122.0,0.04917,0.521,3.12534354
1559614744181,9.697,122.0,0.04917,0.521,3.12534354
1559614744227,9.743,122.0,0.04917,0.521,3.12534354
1559614744274,9.79,122.0,0.04917,0.521,3.12534354
1559614744335,9.851,122.0,0.04888,0.521,3.10691056
1559614744381,9.897,122.0,0.04888,0.521,3.10691056
1559614744427,9.943,122.0,0.04888,0.521,3.10691056
1559614744473,9.989,122.0,0.04888,0.521,3.10691056
1559614744534,10.05,122.0,0.04886,0.521,3.10563932
1559614744580,10.096,122.0,0.04886,0.521,3.10563932
1559614744626,10.142,122.0,0.04886,0.521,3.10563932
1559614744672,10.188,122.0,0.04886,0.521,3.10563932
1559614744735,10.251,121.9,0.04909,0.52,3.11171692
1559614744781,10.297,121.9,0.04909,0.52,3.11171692
1559614744827,10.343,121.9,0.04909,0.52,3.11171692
1559614744873,10.389,121.9,0.04909,0.52,3.11171692
1559614744934,10.45,121.9,0.04991,0.521,3.169779109
1559614744980,10.496,121.9,0.04991,0.521,3.169779109
1559614745026,10.542,121.9,0.04991,0.521,3.169779109
1559614745072,10.589,121.9,0.04991,0.521,3.169779109
1559614745135,10.651,122.0,0.04945,0.521,3.1431409
1559614745181,10.697,122.0,0.04945,0.521,3.1431409
1559614745227,10.743,122.0,0.04945,0.521,3.1431409
1559614745273,10.789,122.0,0.04945,0.521,3.1431409
1559614745335,10.851,122.0,0.04941,0.523,3.15265446
1559614745381,10.897,122.0,0.04941,0.523,3.15265446
1559614745427,10.943,122.0,0.04941,0.523,3.15265446
1559614745473,10.989,122.0,0.04941,0.523,3.15265446
1559614745534,11.05,122.0,0.049,0.525,3.13845
1559614745580,11.096,122.0,0.049,0.525,3.13845
1559614745626,11.142,122.0,0.049,0.525,3.13845
1559614745672,11.188,122.0,0.049,0.525,3.13845
1559614745734,11.25,122.0,0.04979,0.526,3.19512388
1559614745780,11.296,122.0,0.04979,0.526,3.19512388
1559614745826,11.342,122.0,0.04979,0.526,3.19512388
1559614745873,11.389,122.0,0.04979,0.526,3.19512388
1559614745935,11.451,122.0,0.04906,0.525,3.142293
1559614745981,11.497,122.0,0.04906,0.525,3.142293
1559614746027,11.543,122.0,0.04906,0.525,3.142293
1559614746074,11.59,122.0,0.04906,0.525,3.142293
1559614746135,11.651,122.0,0.04881,0.527,3.13819014
1559614746181,11.697,122.0,0.04881,0.527,3.13819014
1559614746227,11.743,122.0,0.04881,0.527,3.13819014
1559614746273,11.789,122.0,0.04881,0.527,3.13819014
1559614746334,11.85,122.0,0.04899,0.529,3.16171662
1559614746381,11.897,122.0,0.04899,0.529,3.16171662
1559614746427,11.943,122.0,0.04899,0.529,3.16171662
1559614746473,11.989,122.0,0.04899,0.529,3.16171662
1559614746534,12.05,122.0,0.04909,0.526,3.15020348
1559614746580,12.096,122.0,0.04909,0.526,3.15020348
1559614746626,12.142,122.0,0.04909,0.526,3.15020348
1559614746672,12.188,122.0,0.04909,0.526,3.15020348
1559614746734,12.25,122.0,0.04876,0.528,3.14092416
1559614746781,12.297,122.0,0.04876,0.528,3.14092416
1559614746827,12.343,122.0,0.04876,0.528,3.14092416
1559614746873,12.389,122.0,0.04876,0.528,3.14092416
1559614746934,12.45,122.0,0.04885,0.527,3.1407619
1559614746980,12.496,122.0,0.04885,0.527,3.1407619
1559614747026,12.542,122.0,0.04885,0.527,3.1407619
1559614747071,12.587,122.0,0.04885,0.527,3.1407619
1559614747135,12.651,122.0,0.04888,0.528,3.14865408
1559614747181,12.697,122.0,0.04888,0.528,3.14865408
1559614747227,12.743,122.0,0.04888,0.528,3.14865408
1559614747273,12.789,122.0,0.04888,0.528,3.14865408
1559614747334,12.85,122.0,0.04894,0.527,3.14654836
1559614747380,12.896,122.0,0.04894,0.527,3.14654836
1559614747426,12.942,122.0,0.04894,0.527,3.14654836
1559614747473,12.989,122.0,0.04894,0.527,3.14654836
1559614747534,13.05,122.0,0.04868,0.528,3.13577088
1559614747580,13.096,122.0,0.04868,0.528,3.13577088
1559614747626,13.142,122.0,0.04868,0.528,3.13577088
1559614747672,13.188,122.0,0.04868,0.528,3.13577088
1559614747734,13.25,121.9,0.04904,0.525,3.1384374
1559614747781,13.297,121.9,0.04904,0.525,3.1384374
1559614747827,13.343,121.9,0.04904,0.525,3.1384374
1559614747873,13.389,121.9,0.04904,0.525,3.1384374
1559614747934,13.45,121.9,0.04922,0.523,3.137957114
1559614747980,13.496,121.9,0.04922,0.523,3.137957114
1559614748026,13.542,121.9,0.04922,0.523,3.137957114
1559614748072,13.588,121.9,0.04922,0.523,3.137957114
1559614748134,13.65,122.0,0.04922,0.523,3.14053132
1559614748180,13.696,122.0,0.04922,0.523,3.14053132
1559614748226,13.742,122.0,0.04922,0.523,3.14053132
1559614748272,13.788,122.0,0.04922,0.523,3.14053132
1559614748334,13.85,122.0,0.04953,0.521,3.14822586
1559614748380,13.896,122.0,0.04953,0.521,3.14822586
1559614748427,13.943,122.0,0.04953,0.521,3.14822586
1559614748473,13.989,122.0,0.04953,0.521,3.14822586
1559614748534,14.05,122.0,0.04923,0.522,3.13516332
1559614748580,14.096,122.0,0.04923,0.522,3.13516332
1559614748626,14.142,122.0,0.04923,0.522,3.13516332
1559614748672,14.188,122.0,0.04923,0.522,3.13516332
1559614748734,14.25,121.9,0.04942,0.522,3.144683556
1559614748781,14.297,121.9,0.04942,0.522,3.144683556
1559614748827,14.343,121.9,0.04942,0.522,3.144683556
1559614748873,14.389,121.9,0.04942,0.522,3.144683556
1559614748934,14.45,121.9,0.04895,0.526,3.13864463
1559614748980,14.496,121.9,0.04895,0.526,3.13864463
1559614749026,14.542,121.9,0.04895,0.526,3.13864463
1559614749072,14.588,121.9,0.04895,0.526,3.13864463
1559614749133,14.649,122.0,0.04908,0.525,3.143574
1559614749179,14.695,122.0,0.04908,0.525,3.143574
1559614749225,14.741,122.0,0.04908,0.525,3.143574
1559614749272,14.788,122.0,0.04908,0.525,3.143574
1559614749334,14.85,121.9,0.04936,0.521,3.134848664
1559614749380,14.896,121.9,0.04936,0.521,3.134848664
1559614749426,14.942,121.9,0.04936,0.521,3.134848664
1559614749472,14.988,121.9,0.04936,0.521,3.134848664
1559614749534,15.05,121.9,0.04928,0.523,3.141782336
1559614749580,15.096,121.9,0.04928,0.523,3.141782336
1559614749626,15.142,121.9,0.04928,0.523,3.141782336
1559614749672,15.188,121.9,0.04928,0.523,3.141782336
1559614749734,15.25,121.9,0.04912,0.524,3.137569472
1559614749780,15.296,121.9,0.04912,0.524,3.137569472
1559614749826,15.342,121.9,0.04912,0.524,3.137569472
1559614749872,15.388,121.9,0.04912,0.524,3.137569472
1559614749933,15.449,121.9,0.04932,0.522,3.138320376
1559614749980,15.496,121.9,0.04932,0.522,3.138320376
1559614750026,15.542,121.9,0.04932,0.522,3.138320376
1559614750072,15.588,121.9,0.04932,0.522,3.138320376
1559614750134,15.65,122.0,0.04952,0.522,3.15363168
1559614750179,15.695,122.0,0.04952,0.522,3.15363168
1559614750225,15.741,122.0,0.04952,0.522,3.15363168
1559614750271,15.787,122.0,0.04952,0.522,3.15363168
1559614750334,15.85,122.0,0.04947,0.52,3.1383768
1559614750380,15.896,122.0,0.04947,0.52,3.1383768
1559614750426,15.942,122.0,0.04947,0.52,3.1383768
1559614750472,15.988,122.0,0.04947,0.52,3.1383768
1559614750534,16.05,122.0,0.04928,0.522,3.13834752
1559614750580,16.096,122.0,0.04928,0.522,3.13834752
1559614750627,16.143,122.0,0.04928,0.522,3.13834752
1559614750673,16.189,122.0,0.04928,0.522,3.13834752
1559614750734,16.25,122.0,0.04896,0.526,3.14186112
1559614750780,16.296,122.0,0.04896,0.526,3.14186112
1559614750826,16.342,122.0,0.04896,0.526,3.14186112
1559614750872,16.388,122.0,0.04896,0.526,3.14186112
1559614750934,16.45,122.0,0.049,0.525,3.13845
1559614750980,16.496,122.0,0.049,0.525,3.13845
1559614751026,16.542,122.0,0.049,0.525,3.13845
1559614751072,16.588,122.0,0.049,0.525,3.13845
1559614751133,16.649,122.0,0.04939,0.521,3.13932718
1559614751179,16.695,122.0,0.04939,0.521,3.13932718
1559614751225,16.741,122.0,0.04939,0.521,3.13932718
1559614751271,16.787,122.0,0.04939,0.521,3.13932718
1559614751334,16.85,122.0,0.04952,0.52,3.1415488
1559614751380,16.896,122.0,0.04952,0.52,3.1415488
1559614751426,16.942,122.0,0.04952,0.52,3.1415488
1559614751472,16.988,122.0,0.04952,0.52,3.1415488
1559614751533,17.049,122.0,0.04916,0.523,3.13670296
1559614751580,17.096,122.0,0.04916,0.523,3.13670296
1559614751626,17.142,122.0,0.04916,0.523,3.13670296
1559614751672,17.188,122.0,0.04916,0.523,3.13670296
1559614751734,17.25,122.0,0.04918,0.524,3.14397904
1559614751781,17.297,122.0,0.04918,0.524,3.14397904
1559614751827,17.343,122.0,0.04918,0.524,3.14397904
1559614751873,17.389,122.0,0.04918,0.524,3.14397904
1559614751934,17.45,122.0,0.04888,0.527,3.14269072
1559614751979,17.495,122.0,0.04888,0.527,3.14269072
1559614752025,17.541,122.0,0.04888,0.527,3.14269072
1559614752071,17.587,122.0,0.04888,0.527,3.14269072
1559614752134,17.65,122.0,0.04951,0.526,3.17715572
1559614752180,17.696,122.0,0.04951,0.526,3.17715572
1559614752226,17.742,122.0,0.04951,0.526,3.17715572
1559614752272,17.788,122.0,0.04951,0.526,3.17715572
1559614752334,17.85,122.0,0.04916,0.524,3.14270048
1559614752380,17.896,122.0,0.04916,0.524,3.14270048
1559614752426,17.942,122.0,0.04916,0.524,3.14270048
1559614752472,17.988,122.0,0.04916,0.524,3.14270048
1559614752533,18.049,122.0,0.04922,0.523,3.14053132
1559614752579,18.095,122.0,0.04922,0.523,3.14053132
1559614752625,18.141,122.0,0.04922,0.523,3.14053132
1559614752671,18.187,122.0,0.04922,0.523,3.14053132
1559614752734,18.25,121.9,0.04894,0.526,3.138003436
1559614752780,18.296,121.9,0.04894,0.526,3.138003436
1559614752826,18.342,121.9,0.04894,0.526,3.138003436
1559614752872,18.388,121.9,0.04894,0.526,3.138003436
1559614752934,18.45,121.9,0.04897,0.526,3.139927018
1559614752980,18.496,121.9,0.04897,0.526,3.139927018
1559614753026,18.542,121.9,0.04897,0.526,3.139927018
1559614753072,18.588,121.9,0.04897,0.526,3.139927018
1559614753133,18.649,121.9,0.04925,0.525,3.151876875
1559614753180,18.696,121.9,0.04925,0.525,3.151876875
1559614753226,18.742,121.9,0.04925,0.525,3.151876875
1559614753272,18.788,121.9,0.04925,0.525,3.151876875
1559614753334,18.85,122.0,0.04921,0.523,3.13989326
1559614753380,18.896,122.0,0.04921,0.523,3.13989326
1559614753426,18.942,122.0,0.04921,0.523,3.13989326
1559614753473,18.989,122.0,0.04921,0.523,3.13989326
1559614753534,19.05,122.0,0.04915,0.523,3.1360649
1559614753580,19.096,122.0,0.04915,0.523,3.1360649
1559614753626,19.142,122.0,0.04915,0.523,3.1360649
1559614753672,19.188,122.0,0.04915,0.523,3.1360649
1559614753733,19.249,121.9,0.04912,0.524,3.137569472
1559614753779,19.295,121.9,0.04912,0.524,3.137569472
1559614753825,19.341,121.9,0.04912,0.524,3.137569472
1559614753871,19.387,121.9,0.04912,0.524,3.137569472
1559614753934,19.45,121.9,0.04912,0.524,3.137569472
1559614753980,19.496,121.9,0.04912,0.524,3.137569472
1559614754026,19.542,121.9,0.04912,0.524,3.137569472
1559614754072,19.588,121.9,0.04912,0.524,3.137569472
1559614754134,19.65,121.9,0.04934,0.522,3.139593012
1559614754180,19.696,121.9,0.04934,0.522,3.139593012
1559614754226,19.742,121.9,0.04934,0.522,3.139593012
1559614754273,19.789,121.9,0.04934,0.522,3.139593012
1559614754334,19.85,122.0,0.04943,0.521,3.14186966
1559614754380,19.896,122.0,0.04943,0.521,3.14186966
1559614754426,19.942,122.0,0.04943,0.521,3.14186966
1559614754472,19.988,122.0,0.04943,0.521,3.14186966
1559614754533,20.049,122.0,0.0491,0.524,3.1388648
1559614754579,20.095,122.0,0.0491,0.524,3.1388648
1559614754625,20.141,122.0,0.0491,0.524,3.1388648
1559614754671,20.187,122.0,0.0491,0.524,3.1388648
1559614754734,20.25,122.0,0.0489,0.527,3.1439766
1559614754780,20.296,122.0,0.0489,0.527,3.1439766
1559614754826,20.342,122.0,0.0489,0.527,3.1439766
1559614754872,20.388,122.0,0.0489,0.527,3.1439766
1559614754933,20.449,122.0,0.04914,0.524,3.14142192
1559614754979,20.495,122.0,0.04914,0.524,3.14142192
1559614755025,20.541,122.0,0.04914,0.524,3.14142192
1559614755071,20.587,122.0,0.04914,0.524,3.14142192
1559614755134,20.65,122.0,0.04943,0.521,3.14186966
1559614755180,20.696,122.0,0.04943,0.521,3.14186966
1559614755226,20.742,122.0,0.04943,0.521,3.14186966
1559614755272,20.788,122.0,0.04943,0.521,3.14186966
1559614755333,20.849,122.0,0.04968,0.519,3.14563824
1559614755379,20.895,122.0,0.04968,0.519,3.14563824
1559614755425,20.941,122.0,0.04968,0.519,3.14563824
1559614755471,20.987,122.0,0.04968,0.519,3.14563824
1559614755534,21.05,122.0,0.04972,0.521,3.16030264
1559614755580,21.096,122.0,0.04972,0.521,3.16030264
1559614755626,21.142,122.0,0.04972,0.521,3.16030264
1559614755672,21.188,122.0,0.04972,0.521,3.16030264
1559614755733,21.249,122.0,0.04921,0.523,3.13989326
1559614755779,21.295,122.0,0.04921,0.523,3.13989326
1559614755825,21.341,122.0,0.04921,0.523,3.13989326
1559614755871,21.387,122.0,0.04921,0.523,3.13989326
1559614755933,21.449,122.0,0.0492,0.523,3.1392552
1559614755979,21.495,122.0,0.0492,0.523,3.1392552
1559614756025,21.541,122.0,0.0492,0.523,3.1392552
1559614756072,21.588,122.0,0.0492,0.523,3.1392552
1559614756134,21.65,122.0,0.0493,0.523,3.1456358
1559614756180,21.696,122.0,0.0493,0.523,3.1456358
1559614756226,21.742,122.0,0.0493,0.523,3.1456358
1559614756272,21.788,122.0,0.0493,0.523,3.1456358
1559614756333,21.849,122.0,0.04936,0.521,3.13742032
1559614756380,21.896,122.0,0.04936,0.521,3.13742032
1559614756426,21.942,122.0,0.04936,0.521,3.13742032
1559614756472,21.988,122.0,0.04936,0.521,3.13742032
1559614756533,22.049,122.0,0.04928,0.522,3.13834752
1559614756579,22.095,122.0,0.04928,0.522,3.13834752
1559614756625,22.141,122.0,0.04928,0.522,3.13834752
1559614756671,22.187,122.0,0.04928,0.522,3.13834752
1559614756733,22.249,121.9,0.04915,0.524,3.13948574
1559614756779,22.296,121.9,0.04915,0.524,3.13948574
1559614756825,22.341,121.9,0.04915,0.524,3.13948574
1559614756872,22.388,121.9,0.04915,0.524,3.13948574
1559614756933,22.449,121.9,0.04906,0.524,3.133736936
1559614756979,22.495,121.9,0.04906,0.524,3.133736936
1559614757025,22.541,121.9,0.04906,0.524,3.133736936
1559614757071,22.587,121.9,0.04906,0.524,3.133736936
1559614757133,22.649,121.9,0.04901,0.525,3.136517475
1559614757179,22.695,121.9,0.04901,0.525,3.136517475
1559614757225,22.741,121.9,0.04901,0.525,3.136517475
1559614757271,22.787,121.9,0.04901,0.525,3.136517475
1559614757334,22.85,122.0,0.04938,0.522,3.14471592
1559614757380,22.896,122.0,0.04938,0.522,3.14471592
1559614757426,22.942,122.0,0.04938,0.522,3.14471592
1559614757472,22.988,122.0,0.04938,0.522,3.14471592
1559614757533,23.049,122.0,0.04931,0.522,3.14025804
1559614757579,23.095,122.0,0.04931,0.522,3.14025804
1559614757625,23.141,122.0,0.04931,0.522,3.14025804
1559614757671,23.187,122.0,0.04931,0.522,3.14025804
1559614757734,23.25,122.0,0.04924,0.524,3.14781472
1559614757780,23.296,122.0,0.04924,0.524,3.14781472
1559614757826,23.342,122.0,0.04924,0.524,3.14781472
1559614757872,23.388,122.0,0.04924,0.524,3.14781472
1559614757933,23.449,122.0,0.04917,0.524,3.14333976
1559614757979,23.495,122.0,0.04917,0.524,3.14333976
1559614758025,23.541,122.0,0.04917,0.524,3.14333976
1559614758072,23.588,122.0,0.04917,0.524,3.14333976
1559614758133,23.649,122.0,0.04945,0.52,3.137108
1559614758178,23.695,122.0,0.04945,0.52,3.137108
1559614758225,23.741,122.0,0.04945,0.52,3.137108
1559614758271,23.787,122.0,0.04945,0.52,3.137108
1559614758333,23.849,122.0,0.04914,0.523,3.13542684
1559614758379,23.895,122.0,0.04914,0.523,3.13542684
1559614758425,23.941,122.0,0.04914,0.523,3.13542684
1559614758471,23.987,122.0,0.04914,0.523,3.13542684
1559614758534,24.05,122.0,0.05048,0.526,3.23940256
1559614758580,24.096,122.0,0.05048,0.526,3.23940256
1559614758626,24.142,122.0,0.05048,0.526,3.23940256
1559614758672,24.188,122.0,0.05048,0.526,3.23940256
1559614758733,24.249,122.0,0.04887,0.524,3.12416136
1559614758779,24.295,122.0,0.04887,0.524,3.12416136
1559614758826,24.342,122.0,0.04887,0.524,3.12416136
1559614758872,24.388,122.0,0.04887,0.524,3.12416136
1559614758933,24.449,122.0,0.04902,0.522,3.12178968
1559614758979,24.495,122.0,0.04902,0.522,3.12178968
1559614759025,24.541,122.0,0.04902,0.522,3.12178968
1559614759071,24.587,122.0,0.04902,0.522,3.12178968
1559614759133,24.649,122.0,0.04926,0.521,3.13106412
1559614759179,24.695,122.0,0.04926,0.521,3.13106412
1559614759225,24.741,122.0,0.04926,0.521,3.13106412
1559614759271,24.787,122.0,0.04926,0.521,3.13106412
1559614759333,24.849,122.0,0.04894,0.523,3.12266564
1559614759378,24.894,122.0,0.04894,0.523,3.12266564
1559614759425,24.941,122.0,0.04894,0.523,3.12266564
1559614759471,24.987,122.0,0.04894,0.523,3.12266564
1559614759533,25.049,122.0,0.04905,0.522,3.1237002
1559614759579,25.095,122.0,0.04905,0.522,3.1237002
1559614759625,25.141,122.0,0.04905,0.522,3.1237002
1559614759671,25.187,122.0,0.04905,0.522,3.1237002
1559614759733,25.249,121.9,0.04907,0.522,3.122412426
1559614759779,25.295,121.9,0.04907,0.522,3.122412426
1559614759825,25.341,121.9,0.04907,0.522,3.122412426
1559614759871,25.387,121.9,0.04907,0.522,3.122412426
1559614759934,25.45,121.9,0.04906,0.522,3.121776108
1559614759980,25.496,121.9,0.04906,0.522,3.121776108
1559614760026,25.542,121.9,0.04906,0.522,3.121776108
1559614760072,25.588,121.9,0.04906,0.522,3.121776108
1559614760133,25.649,121.9,0.04903,0.523,3.125843911
1559614760179,25.695,121.9,0.04903,0.523,3.125843911
1559614760225,25.741,121.9,0.04903,0.523,3.125843911
1559614760271,25.787,121.9,0.04903,0.523,3.125843911
1559614760332,25.848,121.9,0.0489,0.525,3.12947775
1559614760379,25.895,121.9,0.0489,0.525,3.12947775
1559614760425,25.941,121.9,0.0489,0.525,3.12947775
1559614760471,25.987,121.9,0.0489,0.525,3.12947775
1559614760533,26.049,122.0,0.04878,0.525,3.124359
1559614760579,26.095,122.0,0.04878,0.525,3.124359
1559614760625,26.141,122.0,0.04878,0.525,3.124359
1559614760671,26.187,122.0,0.04878,0.525,3.124359
1559614760733,26.249,121.9,0.04892,0.524,3.124794352
1559614760779,26.295,121.9,0.04892,0.524,3.124794352
1559614760825,26.341,121.9,0.04892,0.524,3.124794352
1559614760871,26.387,121.9,0.04892,0.524,3.124794352
1559614760933,26.449,121.9,0.04914,0.521,3.120876486
1559614760980,26.496,121.9,0.04914,0.521,3.120876486
1559614761026,26.542,121.9,0.04914,0.521,3.120876486
1559614761072,26.588,121.9,0.04914,0.521,3.120876486
1559614761133,26.649,121.9,0.0491,0.522,3.12432138
1559614761179,26.695,121.9,0.0491,0.522,3.12432138
1559614761225,26.741,121.9,0.0491,0.522,3.12432138
1559614761271,26.787,121.9,0.0491,0.522,3.12432138
1559614761332,26.848,121.9,0.04905,0.522,3.12113979
1559614761378,26.894,121.9,0.04905,0.522,3.12113979
1559614761424,26.94,121.9,0.04905,0.522,3.12113979
1559614761470,26.986,121.9,0.04905,0.522,3.12113979
1559614761532,27.048,122.0,0.04909,0.522,3.12624756
1559614761579,27.095,122.0,0.04909,0.522,3.12624756
1559614761625,27.141,122.0,0.04909,0.522,3.12624756
1559614761671,27.187,122.0,0.04909,0.522,3.12624756
1559614761733,27.249,122.0,0.04911,0.521,3.12152982
1559614761779,27.295,122.0,0.04911,0.521,3.12152982
1559614761825,27.341,122.0,0.04911,0.521,3.12152982
1559614761871,27.387,122.0,0.04911,0.521,3.12152982
1559614761932,27.448,122.0,0.04909,0.522,3.12624756
1559614761979,27.495,122.0,0.04909,0.522,3.12624756
1559614762025,27.541,122.0,0.04909,0.522,3.12624756
1559614762071,27.587,122.0,0.04909,0.522,3.12624756
1559614762133,27.649,122.0,0.04935,0.521,3.1367847
1559614762179,27.695,122.0,0.04935,0.521,3.1367847
1559614762225,27.741,122.0,0.04935,0.521,3.1367847
1559614762272,27.788,122.0,0.04935,0.521,3.1367847
1559614762333,27.849,122.0,0.049,0.522,3.120516
1559614762379,27.895,122.0,0.049,0.522,3.120516
1559614762425,27.941,122.0,0.049,0.522,3.120516
1559614762471,27.987,122.0,0.049,0.522,3.120516
1559614762532,28.048,122.0,0.04922,0.523,3.14053132
1559614762578,28.094,122.0,0.04922,0.523,3.14053132
1559614762624,28.14,122.0,0.04922,0.523,3.14053132
1559614762671,28.187,122.0,0.04922,0.523,3.14053132
1559614762733,28.249,122.0,0.04942,0.523,3.15329252
1559614762779,28.295,122.0,0.04942,0.523,3.15329252
1559614762825,28.341,122.0,0.04942,0.523,3.15329252
1559614762871,28.387,122.0,0.04942,0.523,3.15329252
1559614762932,28.448,122.0,0.04945,0.523,3.1552067
1559614762978,28.494,122.0,0.04945,0.523,3.1552067
1559614763024,28.54,122.0,0.04945,0.523,3.1552067
1559614763069,28.585,122.0,0.04945,0.523,3.1552067
1559614763133,28.649,122.0,0.04947,0.523,3.15648282
1559614763179,28.695,122.0,0.04947,0.523,3.15648282
1559614763225,28.741,122.0,0.04947,0.523,3.15648282
1559614763271,28.787,122.0,0.04947,0.523,3.15648282
1559614763332,28.848,122.0,0.04946,0.523,3.15584476
1559614763378,28.894,122.0,0.04946,0.523,3.15584476
1559614763424,28.94,122.0,0.04946,0.523,3.15584476
1559614763470,28.986,122.0,0.04946,0.523,3.15584476
1559614763532,29.048,122.0,0.04891,0.528,3.15058656
1559614763579,29.095,122.0,0.04891,0.528,3.15058656
1559614763625,29.141,122.0,0.04891,0.528,3.15058656
1559614763671,29.187,122.0,0.04891,0.528,3.15058656
1559614763733,29.249,122.0,0.04957,0.527,3.18705358
1559614763779,29.295,122.0,0.04957,0.527,3.18705358
1559614763825,29.341,122.0,0.04957,0.527,3.18705358
1559614763871,29.387,122.0,0.04957,0.527,3.18705358
1559614763933,29.449,122.0,0.0503,0.533,3.2708078
1559614763979,29.495,122.0,0.0503,0.533,3.2708078
1559614764025,29.541,122.0,0.0503,0.533,3.2708078
1559614764071,29.587,122.0,0.0503,0.533,3.2708078
1559614764132,29.648,121.9,0.05072,0.533,3.295415344
1559614764178,29.694,121.9,0.05072,0.533,3.295415344
1559614764225,29.741,121.9,0.05072,0.533,3.295415344
1559614764271,29.787,121.9,0.05072,0.533,3.295415344
1559614764332,29.848,122.0,0.05283,0.539,3.47399514
1559614764378,29.894,122.0,0.05283,0.539,3.47399514
1559614764424,29.94,122.0,0.05283,0.539,3.47399514
1559614764470,29.986,122.0,0.05283,0.539,3.47399514
1559614764532,30.048,122.0,0.04864,0.527,3.12726016
1559614764579,30.095,122.0,0.04864,0.527,3.12726016
1559614764625,30.141,122.0,0.04864,0.527,3.12726016
1559614764671,30.187,122.0,0.04864,0.527,3.12726016
1559614764732,30.248,122.0,0.04856,0.526,3.11619232
1559614764778,30.294,122.0,0.04856,0.526,3.11619232
1559614764824,30.34,122.0,0.04856,0.526,3.11619232
1559614764870,30.386,122.0,0.04856,0.526,3.11619232
1559614764933,30.449,121.9,0.04867,0.525,3.114758325
1559614764979,30.495,121.9,0.04867,0.525,3.114758325
1559614765025,30.541,121.9,0.04867,0.525,3.114758325
1559614765071,30.587,121.9,0.04867,0.525,3.114758325
1559614765132,30.648,121.9,0.04896,0.526,3.139285824
1559614765178,30.694,121.9,0.04896,0.526,3.139285824
1559614765224,30.74,121.9,0.04896,0.526,3.139285824
1559614765270,30.786,121.9,0.04896,0.526,3.139285824
1559614765332,30.848,122.0,0.04878,0.525,3.124359
1559614765378,30.894,122.0,0.04878,0.525,3.124359
1559614765425,30.941,122.0,0.04878,0.525,3.124359
1559614765471,30.987,122.0,0.04878,0.525,3.124359
1559614765532,31.048,122.0,0.04863,0.525,3.1147515
1559614765578,31.094,122.0,0.04863,0.525,3.1147515
1559614765624,31.14,122.0,0.04863,0.525,3.1147515
1559614765670,31.186,122.0,0.04863,0.525,3.1147515
1559614765732,31.248,122.0,0.04878,0.524,3.11840784
1559614765779,31.295,122.0,0.04878,0.524,3.11840784
1559614765825,31.341,122.0,0.04878,0.524,3.11840784
1559614765871,31.387,122.0,0.04878,0.524,3.11840784
1559614765932,31.448,122.0,0.04879,0.526,3.13095188
1559614765978,31.494,122.0,0.04879,0.526,3.13095188
1559614766024,31.54,122.0,0.04879,0.526,3.13095188
1559614766070,31.586,122.0,0.04879,0.526,3.13095188
1559614766133,31.649,121.9,0.05111,0.534,3.326985006
1559614766179,31.695,121.9,0.05111,0.534,3.326985006
1559614766225,31.741,121.9,0.05111,0.534,3.326985006
1559614766271,31.787,121.9,0.05111,0.534,3.326985006
1559614766332,31.848,122.0,0.05183,0.534,3.37662084
1559614766379,31.895,122.0,0.05183,0.534,3.37662084
1559614766424,31.94,122.0,0.05183,0.534,3.37662084
1559614766470,31.986,122.0,0.05183,0.534,3.37662084
1559614766533,32.049,122.0,0.05134,0.529,3.31338092
1559614766579,32.095,122.0,0.05134,0.529,3.31338092
1559614766625,32.141,122.0,0.05134,0.529,3.31338092
1559614766671,32.187,122.0,0.05134,0.529,3.31338092
1559614766732,32.248,122.0,0.0489,0.526,3.1380108
1559614766779,32.295,122.0,0.0489,0.526,3.1380108
1559614766825,32.341,122.0,0.0489,0.526,3.1380108
1559614766871,32.387,122.0,0.0489,0.526,3.1380108
1559614766932,32.448,122.0,0.04876,0.526,3.12902672
1559614766978,32.494,122.0,0.04876,0.526,3.12902672
1559614767024,32.54,122.0,0.04876,0.526,3.12902672
1559614767070,32.586,122.0,0.04876,0.526,3.12902672
1559614767132,32.648,122.0,0.04913,0.528,3.16475808
1559614767179,32.695,122.0,0.04913,0.528,3.16475808
1559614767225,32.741,122.0,0.04913,0.528,3.16475808
1559614767271,32.787,122.0,0.04913,0.528,3.16475808
1559614767332,32.848,122.0,0.04904,0.525,3.141012
1559614767378,32.894,122.0,0.04904,0.525,3.141012
1559614767424,32.94,122.0,0.04904,0.525,3.141012
1559614767470,32.986,122.0,0.04904,0.525,3.141012
1559614767532,33.048,122.0,0.0486,0.528,3.1306176
1559614767579,33.095,122.0,0.0486,0.528,3.1306176
1559614767625,33.141,122.0,0.0486,0.528,3.1306176
1559614767671,33.187,122.0,0.0486,0.528,3.1306176
1559614767732,33.248,122.0,0.0487,0.528,3.1370592
1559614767778,33.294,122.0,0.0487,0.528,3.1370592
1559614767824,33.34,122.0,0.0487,0.528,3.1370592
1559614767870,33.386,122.0,0.0487,0.528,3.1370592
1559614767933,33.449,122.0,0.0486,0.528,3.1306176
1559614767979,33.495,122.0,0.0486,0.528,3.1306176
1559614768025,33.541,122.0,0.0486,0.528,3.1306176
1559614768071,33.587,122.0,0.0486,0.528,3.1306176
1559614768132,33.648,121.9,0.04915,0.525,3.145477125
1559614768178,33.694,121.9,0.04915,0.525,3.145477125
1559614768224,33.74,121.9,0.04915,0.525,3.145477125
1559614768270,33.786,121.9,0.04915,0.525,3.145477125
1559614768332,33.848,122.0,0.04903,0.524,3.13438984
1559614768377,33.893,122.0,0.04903,0.524,3.13438984
1559614768424,33.94,122.0,0.04903,0.524,3.13438984
1559614768470,33.986,122.0,0.04903,0.524,3.13438984
1559614768532,34.048,122.0,0.04901,0.524,3.13311128
1559614768578,34.094,122.0,0.04901,0.524,3.13311128
1559614768624,34.14,122.0,0.04901,0.524,3.13311128
1559614768670,34.186,122.0,0.04901,0.524,3.13311128
1559614768732,34.248,122.0,0.04884,0.526,3.13416048
1559614768778,34.294,122.0,0.04884,0.526,3.13416048
1559614768824,34.34,122.0,0.04884,0.526,3.13416048
1559614768870,34.386,122.0,0.04884,0.526,3.13416048
1559614768932,34.448,121.9,0.04886,0.526,3.132873884
1559614768979,34.495,121.9,0.04886,0.526,3.132873884
1559614769025,34.541,121.9,0.04886,0.526,3.132873884
1559614769071,34.587,121.9,0.04886,0.526,3.132873884
1559614769132,34.648,121.9,0.04889,0.526,3.134797466
1559614769178,34.694,121.9,0.04889,0.526,3.134797466
1559614769224,34.74,121.9,0.04889,0.526,3.134797466
1559614769270,34.786,121.9,0.04889,0.526,3.134797466
1559614769331,34.848,121.9,0.04882,0.527,3.136260266
1559614769378,34.894,121.9,0.04882,0.527,3.136260266
1559614769424,34.94,121.9,0.04882,0.527,3.136260266
1559614769470,34.986,121.9,0.04882,0.527,3.136260266
1559614769532,35.048,122.0,0.04902,0.524,3.13375056
1559614769579,35.095,122.0,0.04902,0.524,3.13375056
1559614769625,35.141,122.0,0.04902,0.524,3.13375056
1559614769671,35.187,122.0,0.04902,0.524,3.13375056
1559614769732,35.248,122.0,0.04888,0.526,3.13672736
1559614769778,35.294,122.0,0.04888,0.526,3.13672736
1559614769824,35.34,122.0,0.04888,0.526,3.13672736
1559614769870,35.386,122.0,0.04888,0.526,3.13672736
1559614769932,35.448,121.9,0.04864,0.528,3.130626048
1559614769978,35.494,121.9,0.04864,0.528,3.130626048
1559614770024,35.54,121.9,0.04864,0.528,3.130626048
1559614770070,35.586,121.9,0.04864,0.528,3.130626048
1559614770132,35.648,121.9,0.04891,0.526,3.136079854
1559614770178,35.694,121.9,0.04891,0.526,3.136079854
1559614770224,35.74,121.9,0.04891,0.526,3.136079854
1559614770270,35.786,121.9,0.04891,0.526,3.136079854
1559614770331,35.848,122.0,0.04897,0.525,3.1365285
1559614770377,35.893,122.0,0.04897,0.525,3.1365285
1559614770424,35.94,122.0,0.04897,0.525,3.1365285
1559614770470,35.986,122.0,0.04897,0.525,3.1365285
1559614770532,36.048,122.0,0.04911,0.523,3.13351266
1559614770578,36.094,122.0,0.04911,0.523,3.13351266
1559614770624,36.14,122.0,0.04911,0.523,3.13351266
1559614770670,36.186,122.0,0.04911,0.523,3.13351266
1559614770731,36.247,122.0,0.049,0.524,3.132472
1559614770777,36.293,122.0,0.049,0.524,3.132472
1559614770824,36.34,122.0,0.049,0.524,3.132472
1559614770870,36.386,122.0,0.049,0.524,3.132472
1559614770932,36.448,122.0,0.0491,0.523,3.1328746
1559614770978,36.494,122.0,0.0491,0.523,3.1328746
1559614771024,36.54,122.0,0.0491,0.523,3.1328746
1559614771071,36.587,122.0,0.0491,0.523,3.1328746
1559614771132,36.648,122.0,0.04943,0.525,3.1659915
1559614771178,36.694,122.0,0.04943,0.525,3.1659915
1559614771224,36.74,122.0,0.04943,0.525,3.1659915
1559614771270,36.786,122.0,0.04943,0.525,3.1659915
1559614771331,36.847,122.0,0.04918,0.522,3.13197912
1559614771377,36.893,122.0,0.04918,0.522,3.13197912
1559614771423,36.939,122.0,0.04918,0.522,3.13197912
1559614771469,36.985,122.0,0.04918,0.522,3.13197912
1559614771532,37.048,122.0,0.04936,0.52,3.1313984
1559614771578,37.094,122.0,0.04936,0.52,3.1313984
1559614771624,37.14,122.0,0.04936,0.52,3.1313984
1559614771670,37.186,122.0,0.04936,0.52,3.1313984
1559614771732,37.248,122.0,0.04906,0.523,3.13032236
1559614771778,37.294,122.0,0.04906,0.523,3.13032236
1559614771825,37.341,122.0,0.04906,0.523,3.13032236
1559614771871,37.387,122.0,0.04906,0.523,3.13032236
1559614771932,37.448,122.0,0.04885,0.526,3.1348022
1559614771978,37.494,122.0,0.04885,0.526,3.1348022
1559614772024,37.54,122.0,0.04885,0.526,3.1348022
1559614772070,37.586,122.0,0.04885,0.526,3.1348022
1559614772131,37.647,122.0,0.0487,0.527,3.1311178
1559614772177,37.693,122.0,0.0487,0.527,3.1311178
1559614772223,37.739,122.0,0.0487,0.527,3.1311178
1559614772269,37.785,122.0,0.0487,0.527,3.1311178
1559614772331,37.847,122.0,0.04955,0.525,3.1736775
1559614772378,37.894,122.0,0.04955,0.525,3.1736775
1559614772424,37.94,122.0,0.04955,0.525,3.1736775
1559614772470,37.986,122.0,0.04955,0.525,3.1736775
1559614772532,38.048,122.0,0.04909,0.523,3.13223654
1559614772578,38.094,122.0,0.04909,0.523,3.13223654
1559614772624,38.14,122.0,0.04909,0.523,3.13223654
1559614772670,38.186,122.0,0.04909,0.523,3.13223654
1559614772731,38.247,122.0,0.04912,0.524,3.14014336
1559614772778,38.294,122.0,0.04912,0.524,3.14014336
1559614772824,38.34,122.0,0.04912,0.524,3.14014336
1559614772870,38.386,122.0,0.04912,0.524,3.14014336
1559614772932,38.448,122.0,0.04883,0.526,3.13351876
1559614772978,38.494,122.0,0.04883,0.526,3.13351876
1559614773025,38.541,122.0,0.04883,0.526,3.13351876
1559614773071,38.587,122.0,0.04883,0.526,3.13351876
1559614773132,38.648,121.9,0.04896,0.525,3.1333176
1559614773178,38.694,121.9,0.04896,0.525,3.1333176
1559614773224,38.74,121.9,0.04896,0.525,3.1333176
1559614773270,38.786,121.9,0.04896,0.525,3.1333176
1559614773331,38.847,122.0,0.0492,0.529,3.1752696
1559614773377,38.893,122.0,0.0492,0.529,3.1752696
1559614773423,38.939,122.0,0.0492,0.529,3.1752696
1559614773469,38.985,122.0,0.0492,0.529,3.1752696
1559614773532,39.048,122.0,0.04891,0.525,3.1326855
1559614773578,39.094,122.0,0.04891,0.525,3.1326855
1559614773624,39.14,122.0,0.04891,0.525,3.1326855
1559614773670,39.186,122.0,0.04891,0.525,3.1326855
1559614773731,39.247,122.0,0.0489,0.525,3.132045
1559614773777,39.293,122.0,0.0489,0.525,3.132045
1559614773823,39.339,122.0,0.0489,0.525,3.132045
1559614773870,39.386,122.0,0.0489,0.525,3.132045
1559614773932,39.448,122.0,0.04864,0.528,3.13319424
1559614773978,39.494,122.0,0.04864,0.528,3.13319424
1559614774024,39.54,122.0,0.04864,0.528,3.13319424
1559614774070,39.586,122.0,0.04864,0.528,3.13319424
1559614774131,39.647,121.9,0.04918,0.523,3.135406966
1559614774177,39.693,121.9,0.04918,0.523,3.135406966
1559614774223,39.739,121.9,0.04918,0.523,3.135406966
1559614774270,39.786,121.9,0.04918,0.523,3.135406966
1559614774332,39.848,122.0,0.04893,0.526,3.13993596
1559614774378,39.894,122.0,0.04893,0.526,3.13993596
1559614774424,39.94,122.0,0.04893,0.526,3.13993596
1559614774470,39.986,122.0,0.04893,0.526,3.13993596
1559614774531,40.047,122.0,0.04898,0.524,3.13119344
1559614774577,40.093,122.0,0.04898,0.524,3.13119344
1559614774623,40.139,122.0,0.04898,0.524,3.13119344
1559614774670,40.186,122.0,0.04898,0.524,3.13119344
1559614774732,40.248,122.0,0.04923,0.521,3.12915726
1559614774778,40.294,122.0,0.04923,0.521,3.12915726
1559614774824,40.34,122.0,0.04923,0.521,3.12915726
1559614774870,40.386,122.0,0.04923,0.521,3.12915726
1559614774931,40.447,122.0,0.04881,0.526,3.13223532
1559614774978,40.494,122.0,0.04881,0.526,3.13223532
1559614775024,40.54,122.0,0.04881,0.526,3.13223532
1559614775070,40.586,122.0,0.04881,0.526,3.13223532
1559614775131,40.647,122.0,0.04892,0.525,3.133326
1559614775177,40.693,122.0,0.04892,0.525,3.133326
1559614775223,40.739,122.0,0.04892,0.525,3.133326
1559614775269,40.785,122.0,0.04892,0.525,3.133326
1559614775331,40.847,122.0,0.0491,0.524,3.1388648
1559614775378,40.894,122.0,0.0491,0.524,3.1388648
1559614775424,40.94,122.0,0.0491,0.524,3.1388648
1559614775470,40.986,122.0,0.0491,0.524,3.1388648
1559614775531,41.047,122.0,0.04872,0.527,3.13240368
1559614775577,41.093,122.0,0.04872,0.527,3.13240368
1559614775623,41.139,122.0,0.04872,0.527,3.13240368
1559614775669,41.185,122.0,0.04872,0.527,3.13240368
1559614775731,41.247,122.0,0.04877,0.527,3.13561838
1559614775778,41.294,122.0,0.04877,0.527,3.13561838
1559614775824,41.34,122.0,0.04877,0.527,3.13561838
1559614775870,41.386,122.0,0.04877,0.527,3.13561838
1559614775931,41.447,122.0,0.04862,0.528,3.13190592
1559614775977,41.493,122.0,0.04862,0.528,3.13190592
1559614776023,41.539,122.0,0.04862,0.528,3.13190592
1559614776069,41.585,122.0,0.04862,0.528,3.13190592
1559614776131,41.647,121.9,0.04887,0.526,3.133515078
1559614776177,41.693,121.9,0.04887,0.526,3.133515078
1559614776224,41.74,121.9,0.04887,0.526,3.133515078
1559614776270,41.786,121.9,0.04887,0.526,3.133515078
1559614776331,41.847,122.0,0.0488,0.527,3.1375472
1559614776377,41.893,122.0,0.0488,0.527,3.1375472
1559614776423,41.939,122.0,0.0488,0.527,3.1375472
1559614776469,41.985,122.0,0.0488,0.527,3.1375472
1559614776531,42.047,122.0,0.04876,0.527,3.13497544
1559614776577,42.093,122.0,0.04876,0.527,3.13497544
1559614776624,42.14,122.0,0.04876,0.527,3.13497544
1559614776670,42.186,122.0,0.04876,0.527,3.13497544
1559614776731,42.247,122.0,0.04862,0.528,3.13190592
1559614776777,42.293,122.0,0.04862,0.528,3.13190592
1559614776823,42.339,122.0,0.04862,0.528,3.13190592
1559614776869,42.385,122.0,0.04862,0.528,3.13190592
1559614776931,42.447,122.0,0.0485,0.529,3.130093
1559614776977,42.493,122.0,0.0485,0.529,3.130093
1559614777023,42.539,122.0,0.0485,0.529,3.130093
1559614777070,42.586,122.0,0.0485,0.529,3.130093
1559614777131,42.647,122.0,0.04889,0.526,3.13736908
1559614777177,42.693,122.0,0.04889,0.526,3.13736908
1559614777223,42.739,122.0,0.04889,0.526,3.13736908
1559614777269,42.785,122.0,0.04889,0.526,3.13736908
1559614777331,42.847,122.0,0.04929,0.53,3.1870914
1559614777377,42.893,122.0,0.04929,0.53,3.1870914
1559614777423,42.939,122.0,0.04929,0.53,3.1870914
1559614777470,42.986,122.0,0.04929,0.53,3.1870914
1559614777531,43.047,122.0,0.04946,0.53,3.1980836
1559614777577,43.093,122.0,0.04946,0.53,3.1980836
1559614777623,43.139,122.0,0.04946,0.53,3.1980836
1559614777669,43.185,122.0,0.04946,0.53,3.1980836
1559614777731,43.247,122.0,0.0495,0.53,3.20067
1559614777777,43.293,122.0,0.0495,0.53,3.20067
1559614777823,43.339,122.0,0.0495,0.53,3.20067
1559614777870,43.386,122.0,0.0495,0.53,3.20067
1559614777931,43.447,122.0,0.04965,0.527,3.1921971
1559614777977,43.493,122.0,0.04965,0.527,3.1921971
1559614778023,43.539,122.0,0.04965,0.527,3.1921971
1559614778069,43.585,122.0,0.04965,0.527,3.1921971
1559614778131,43.647,122.0,0.04977,0.527,3.19991238
1559614778177,43.693,122.0,0.04977,0.527,3.19991238
1559614778224,43.74,122.0,0.04977,0.527,3.19991238
1559614778270,43.786,122.0,0.04977,0.527,3.19991238
1559614778331,43.847,122.0,0.0495,0.525,3.170475
1559614778377,43.893,122.0,0.0495,0.525,3.170475
1559614778423,43.939,122.0,0.0495,0.525,3.170475
1559614778469,43.985,122.0,0.0495,0.525,3.170475
1559614778530,44.047,122.0,0.04891,0.526,3.13865252
1559614778577,44.093,122.0,0.04891,0.526,3.13865252
1559614778623,44.139,122.0,0.04891,0.526,3.13865252
1559614778669,44.185,122.0,0.04891,0.526,3.13865252
1559614778731,44.247,122.0,0.04895,0.525,3.1352475
1559614778777,44.293,122.0,0.04895,0.525,3.1352475
1559614778823,44.339,122.0,0.04895,0.525,3.1352475
1559614778870,44.386,122.0,0.04895,0.525,3.1352475
1559614778931,44.447,122.0,0.04878,0.526,3.13031016
1559614778976,44.492,122.0,0.04878,0.526,3.13031016
1559614779022,44.538,122.0,0.04878,0.526,3.13031016
1559614779069,44.585,122.0,0.04878,0.526,3.13031016
1559614779131,44.647,122.0,0.04884,0.526,3.13416048
1559614779177,44.693,122.0,0.04884,0.526,3.13416048
1559614779223,44.739,122.0,0.04884,0.526,3.13416048
1559614779269,44.785,122.0,0.04884,0.526,3.13416048
1559614779331,44.847,121.9,0.04872,0.527,3.129836136
1559614779376,44.892,121.9,0.04872,0.527,3.129836136
1559614779422,44.938,121.9,0.04872,0.527,3.129836136
1559614779469,44.985,121.9,0.04872,0.527,3.129836136
1559614779531,45.047,122.0,0.04886,0.526,3.13544392
1559614779577,45.093,122.0,0.04886,0.526,3.13544392
1559614779623,45.139,122.0,0.04886,0.526,3.13544392
1559614779669,45.185,122.0,0.04886,0.526,3.13544392
1559614779730,45.247,122.0,0.0488,0.526,3.1315936
1559614779776,45.292,122.0,0.0488,0.526,3.1315936
1559614779822,45.339,122.0,0.0488,0.526,3.1315936
1559614779869,45.385,122.0,0.0488,0.526,3.1315936
1559614779931,45.447,122.0,0.04892,0.525,3.133326
1559614779977,45.493,122.0,0.04892,0.525,3.133326
1559614780023,45.539,122.0,0.04892,0.525,3.133326
1559614780069,45.585,122.0,0.04892,0.525,3.133326
1559614780130,45.646,122.0,0.04895,0.526,3.1412194
1559614780176,45.692,122.0,0.04895,0.526,3.1412194
1559614780223,45.739,122.0,0.04895,0.526,3.1412194
1559614780269,45.785,122.0,0.04895,0.526,3.1412194
1559614780331,45.847,122.0,0.04874,0.528,3.13963584
1559614780377,45.893,122.0,0.04874,0.528,3.13963584
1559614780423,45.939,122.0,0.04874,0.528,3.13963584
1559614780469,45.985,122.0,0.04874,0.528,3.13963584
1559614780530,46.046,122.0,0.04877,0.527,3.13561838
1559614780576,46.092,122.0,0.04877,0.527,3.13561838
1559614780623,46.139,122.0,0.04877,0.527,3.13561838
1559614780669,46.185,122.0,0.04877,0.527,3.13561838
1559614780731,46.247,122.0,0.04878,0.526,3.13031016
1559614780777,46.293,122.0,0.04878,0.526,3.13031016
1559614780823,46.339,122.0,0.04878,0.526,3.13031016
1559614780869,46.386,122.0,0.04878,0.526,3.13031016
1559614780930,46.446,122.0,0.04865,0.528,3.1338384
1559614780976,46.492,122.0,0.04865,0.528,3.1338384
1559614781023,46.539,122.0,0.04865,0.528,3.1338384
1559614781069,46.585,122.0,0.04865,0.528,3.1338384
1559614781131,46.647,121.9,0.04858,0.528,3.126764256
1559614781177,46.693,121.9,0.04858,0.528,3.126764256
1559614781224,46.74,121.9,0.04858,0.528,3.126764256
1559614781270,46.786,121.9,0.04858,0.528,3.126764256
1559614781331,46.847,122.0,0.04842,0.53,3.1308372
1559614781377,46.893,122.0,0.04842,0.53,3.1308372
1559614781423,46.939,122.0,0.04842,0.53,3.1308372
1559614781469,46.985,122.0,0.04842,0.53,3.1308372
1559614781530,47.046,122.0,0.04879,0.527,3.13690426
1559614781576,47.092,122.0,0.04879,0.527,3.13690426
1559614781622,47.138,122.0,0.04879,0.527,3.13690426
1559614781668,47.184,122.0,0.04879,0.527,3.13690426
1559614781730,47.247,122.0,0.04904,0.526,3.14699488
1559614781777,47.293,122.0,0.04904,0.526,3.14699488
1559614781823,47.339,122.0,0.04904,0.526,3.14699488
1559614781869,47.385,122.0,0.04904,0.526,3.14699488
1559614781930,47.446,122.0,0.04944,0.53,3.1967904
1559614781976,47.492,122.0,0.04944,0.53,3.1967904
1559614782022,47.538,122.0,0.04944,0.53,3.1967904
1559614782068,47.584,122.0,0.04944,0.53,3.1967904
1559614782130,47.646,121.9,0.04961,0.528,3.193058352
1559614782177,47.693,121.9,0.04961,0.528,3.193058352
1559614782223,47.739,121.9,0.04961,0.528,3.193058352
1559614782269,47.785,121.9,0.04961,0.528,3.193058352
1559614782331,47.847,121.9,0.04962,0.528,3.193701984
1559614782377,47.893,121.9,0.04962,0.528,3.193701984
1559614782423,47.939,121.9,0.04962,0.528,3.193701984
1559614782469,47.985,121.9,0.04962,0.528,3.193701984
1559614782530,48.046,122.0,0.04958,0.528,3.19374528
1559614782576,48.092,122.0,0.04958,0.528,3.19374528
1559614782622,48.139,122.0,0.04958,0.528,3.19374528
1559614782669,48.185,122.0,0.04958,0.528,3.19374528
1559614782731,48.247,122.0,0.04943,0.529,3.19011334
1559614782777,48.293,122.0,0.04943,0.529,3.19011334
1559614782823,48.339,122.0,0.04943,0.529,3.19011334
1559614782869,48.385,122.0,0.04943,0.529,3.19011334
1559614782930,48.446,122.0,0.04959,0.528,3.19438944
1559614782976,48.493,122.0,0.04959,0.528,3.19438944
1559614783023,48.539,122.0,0.04959,0.528,3.19438944
1559614783069,48.585,122.0,0.04959,0.528,3.19438944
1559614783130,48.646,122.0,0.04948,0.53,3.1993768
1559614783176,48.692,122.0,0.04948,0.53,3.1993768
1559614783222,48.738,122.0,0.04948,0.53,3.1993768
1559614783268,48.784,122.0,0.04948,0.53,3.1993768
1559614783331,48.847,121.9,0.04951,0.529,3.192657301
1559614783377,48.893,121.9,0.04951,0.529,3.192657301
1559614783423,48.939,121.9,0.04951,0.529,3.192657301
1559614783469,48.985,121.9,0.04951,0.529,3.192657301
1559614783530,49.046,122.0,0.04959,0.529,3.20043942
1559614783576,49.092,122.0,0.04959,0.529,3.20043942
1559614783622,49.138,122.0,0.04959,0.529,3.20043942
1559614783668,49.184,122.0,0.04959,0.529,3.20043942
1559614783730,49.246,122.0,0.04956,0.528,3.19245696
1559614783776,49.292,122.0,0.04956,0.528,3.19245696
1559614783823,49.339,122.0,0.04956,0.528,3.19245696
1559614783869,49.385,122.0,0.04956,0.528,3.19245696
1559614783930,49.446,122.0,0.04967,0.527,3.19348298
1559614783976,49.492,122.0,0.04967,0.527,3.19348298
1559614784022,49.538,122.0,0.04967,0.527,3.19348298
1559614784068,49.584,122.0,0.04967,0.527,3.19348298
1559614784130,49.647,121.9,0.04966,0.527,3.190222958
1559614784177,49.693,121.9,0.04966,0.527,3.190222958
1559614784223,49.739,121.9,0.04966,0.527,3.190222958
1559614784269,49.785,121.9,0.04966,0.527,3.190222958
1559614784330,49.846,122.0,0.04969,0.528,3.20083104
1559614784376,49.892,122.0,0.04969,0.528,3.20083104
1559614784422,49.938,122.0,0.04969,0.528,3.20083104
1559614784468,49.984,122.0,0.04969,0.528,3.20083104
1559614784530,50.046,122.0,0.04954,0.529,3.19721252
1559614784576,50.092,122.0,0.04954,0.529,3.19721252
1559614784623,50.139,122.0,0.04954,0.529,3.19721252
1559614784669,50.185,122.0,0.04954,0.529,3.19721252
1559614784730,50.246,122.0,0.05006,0.525,3.206343
1559614784776,50.292,122.0,0.05006,0.525,3.206343
1559614784822,50.338,122.0,0.05006,0.525,3.206343
1559614784868,50.384,122.0,0.05006,0.525,3.206343
1559614784930,50.447,122.0,0.04966,0.527,3.19284004
1559614784977,50.493,122.0,0.04966,0.527,3.19284004
1559614785023,50.539,122.0,0.04966,0.527,3.19284004
1559614785069,50.585,122.0,0.04966,0.527,3.19284004
1559614785130,50.646,121.9,0.04975,0.527,3.196004675
1559614785176,50.692,121.9,0.04975,0.527,3.196004675
1559614785222,50.738,121.9,0.04975,0.527,3.196004675
1559614785268,50.784,121.9,0.04975,0.527,3.196004675
1559614785330,50.846,121.9,0.04952,0.53,3.19933864
1559614785377,50.893,121.9,0.04952,0.53,3.19933864
1559614785423,50.939,121.9,0.04952,0.53,3.19933864
1559614785469,50.985,121.9,0.04952,0.53,3.19933864
1559614785530,51.046,121.9,0.0498,0.526,3.19314612
1559614785576,51.092,121.9,0.0498,0.526,3.19314612
1559614785622,51.138,121.9,0.0498,0.526,3.19314612
1559614785668,51.184,121.9,0.0498,0.526,3.19314612
1559614785731,51.247,122.0,0.04991,0.525,3.1967355
1559614785777,51.293,122.0,0.04991,0.525,3.1967355
1559614785823,51.339,122.0,0.04991,0.525,3.1967355
1559614785869,51.385,122.0,0.04991,0.525,3.1967355
1559614785930,51.446,121.9,0.04969,0.527,3.192150197
1559614785976,51.492,121.9,0.04969,0.527,3.192150197
1559614786022,51.539,121.9,0.04969,0.527,3.192150197
1559614786069,51.585,121.9,0.04969,0.527,3.192150197
1559614786130,51.646,121.9,0.04967,0.529,3.202974917
1559614786176,51.692,121.9,0.04967,0.529,3.202974917
1559614786222,51.738,121.9,0.04967,0.529,3.202974917
1559614786268,51.784,121.9,0.04967,0.529,3.202974917
1559614786330,51.846,121.9,0.04961,0.528,3.193058352
1559614786376,51.893,121.9,0.04961,0.528,3.193058352
1559614786423,51.939,121.9,0.04961,0.528,3.193058352
1559614786469,51.985,121.9,0.04961,0.528,3.193058352
1559614786530,52.046,121.9,0.04961,0.529,3.199105811
1559614786576,52.092,121.9,0.04961,0.529,3.199105811
1559614786622,52.138,121.9,0.04961,0.529,3.199105811
1559614786668,52.184,121.9,0.04961,0.529,3.199105811
1559614786730,52.246,121.9,0.04953,0.529,3.193947003
1559614786776,52.292,121.9,0.04953,0.529,3.193947003
1559614786822,52.338,121.9,0.04953,0.529,3.193947003
1559614786868,52.384,121.9,0.04953,0.529,3.193947003
1559614786930,52.446,121.9,0.04945,0.53,3.19481615
1559614786976,52.493,121.9,0.04945,0.53,3.19481615
1559614787023,52.539,121.9,0.04945,0.53,3.19481615
1559614787069,52.585,121.9,0.04945,0.53,3.19481615
1559614787130,52.646,121.9,0.04916,0.533,3.194057932
1559614787175,52.692,121.9,0.04916,0.533,3.194057932
1559614787222,52.738,121.9,0.04916,0.533,3.194057932
1559614787268,52.784,121.9,0.04916,0.533,3.194057932
1559614787330,52.846,121.9,0.04951,0.529,3.192657301
1559614787376,52.892,121.9,0.04951,0.529,3.192657301
1559614787422,52.939,121.9,0.04951,0.529,3.192657301
1559614787469,52.985,121.9,0.04951,0.529,3.192657301
1559614787530,53.046,121.9,0.04932,0.531,3.192429348
1559614787575,53.092,121.9,0.04932,0.531,3.192429348
1559614787621,53.138,121.9,0.04932,0.531,3.192429348
1559614787668,53.184,121.9,0.04932,0.531,3.192429348
1559614787730,53.246,122.0,0.04944,0.531,3.20282208
1559614787776,53.292,122.0,0.04944,0.531,3.20282208
1559614787822,53.338,122.0,0.04944,0.531,3.20282208
1559614787868,53.385,122.0,0.04944,0.531,3.20282208
1559614787930,53.446,122.0,0.04924,0.533,3.20188024
1559614787976,53.492,122.0,0.04924,0.533,3.20188024
1559614788022,53.538,122.0,0.04924,0.533,3.20188024
1559614788068,53.584,122.0,0.04924,0.533,3.20188024
1559614788130,53.646,121.9,0.04909,0.533,3.189509843
1559614788176,53.692,121.9,0.04909,0.533,3.189509843
1559614788222,53.738,121.9,0.04909,0.533,3.189509843
1559614788268,53.784,121.9,0.04909,0.533,3.189509843
1559614788330,53.846,121.9,0.04931,0.532,3.197792948
1559614788376,53.892,121.9,0.04931,0.532,3.197792948
1559614788422,53.938,121.9,0.04931,0.532,3.197792948
1559614788468,53.984,121.9,0.04931,0.532,3.197792948
1559614788530,54.046,122.0,0.04927,0.532,3.19782008
1559614788576,54.093,122.0,0.04927,0.532,3.19782008
1559614788623,54.139,122.0,0.04927,0.532,3.19782008
1559614788669,54.185,122.0,0.04927,0.532,3.19782008
1559614788730,54.246,122.0,0.04951,0.529,3.19527638
1559614788776,54.292,122.0,0.04951,0.529,3.19527638
1559614788822,54.338,122.0,0.04951,0.529,3.19527638
1559614788868,54.384,122.0,0.04951,0.529,3.19527638
1559614788930,54.447,122.0,0.04942,0.531,3.20152644
1559614788977,54.493,122.0,0.04942,0.531,3.20152644
1559614789023,54.539,122.0,0.04942,0.531,3.20152644
1559614789069,54.585,122.0,0.04942,0.531,3.20152644
1559614789130,54.646,121.9,0.04942,0.531,3.198902238
1559614789176,54.692,121.9,0.04942,0.531,3.198902238
1559614789222,54.738,121.9,0.04942,0.531,3.198902238
1559614789269,54.785,121.9,0.04942,0.531,3.198902238
1559614789330,54.846,121.9,0.04967,0.529,3.202974917
1559614789376,54.892,121.9,0.04967,0.529,3.202974917
1559614789422,54.938,121.9,0.04967,0.529,3.202974917
1559614789468,54.984,121.9,0.04967,0.529,3.202974917
1559614789530,55.046,121.9,0.04973,0.528,3.200781936
1559614789576,55.093,121.9,0.04973,0.528,3.200781936
1559614789623,55.139,121.9,0.04973,0.528,3.200781936
1559614789669,55.185,121.9,0.04973,0.528,3.200781936
1559614789730,55.246,122.0,0.04983,0.527,3.20377002
1559614789776,55.292,122.0,0.04983,0.527,3.20377002
1559614789821,55.337,122.0,0.04983,0.527,3.20377002
1559614789867,55.383,122.0,0.04983,0.527,3.20377002
1559614789929,55.445,122.0,0.04973,0.528,3.20340768
1559614789975,55.491,122.0,0.04973,0.528,3.20340768
1559614790021,55.537,122.0,0.04973,0.528,3.20340768
1559614790067,55.583,122.0,0.04973,0.528,3.20340768
1559614790130,55.646,121.9,0.04974,0.527,3.195362262
1559614790176,55.692,121.9,0.04974,0.527,3.195362262
1559614790222,55.738,121.9,0.04974,0.527,3.195362262
1559614790268,55.784,121.9,0.04974,0.527,3.195362262
1559614790330,55.846,121.9,0.04971,0.526,3.187375374
1559614790376,55.892,121.9,0.04971,0.526,3.187375374
1559614790422,55.938,121.9,0.04971,0.526,3.187375374
1559614790468,55.984,121.9,0.04971,0.526,3.187375374
1559614790529,56.045,121.9,0.04983,0.526,3.195069702
1559614790575,56.092,121.9,0.04983,0.526,3.195069702
1559614790621,56.138,121.9,0.04983,0.526,3.195069702
1559614790668,56.184,121.9,0.04983,0.526,3.195069702
1559614790730,56.246,122.0,0.04977,0.529,3.21205626
1559614790776,56.292,122.0,0.04977,0.529,3.21205626
1559614790822,56.338,122.0,0.04977,0.529,3.21205626
1559614790868,56.384,122.0,0.04977,0.529,3.21205626
1559614790929,56.445,122.0,0.04969,0.529,3.20689322
1559614790975,56.491,122.0,0.04969,0.529,3.20689322
1559614791021,56.537,122.0,0.04969,0.529,3.20689322
1559614791067,56.583,122.0,0.04969,0.529,3.20689322
1559614791129,56.646,121.9,0.04965,0.53,3.20773755
1559614791176,56.692,121.9,0.04965,0.53,3.20773755
1559614791222,56.738,121.9,0.04965,0.53,3.20773755
1559614791268,56.784,121.9,0.04965,0.53,3.20773755
1559614791330,56.846,121.9,0.04946,0.529,3.189433046
1559614791376,56.893,121.9,0.04946,0.529,3.189433046
1559614791423,56.939,121.9,0.04946,0.529,3.189433046
1559614791469,56.985,121.9,0.04946,0.529,3.189433046
1559614791530,57.046,121.9,0.04946,0.531,3.201491394
1559614791576,57.092,121.9,0.04946,0.531,3.201491394
1559614791622,57.138,121.9,0.04946,0.531,3.201491394
1559614791668,57.184,121.9,0.04946,0.531,3.201491394
1559614791729,57.245,121.9,0.04951,0.53,3.19869257
1559614791775,57.291,121.9,0.04951,0.53,3.19869257
1559614791821,57.337,121.9,0.04951,0.53,3.19869257
1559614791867,57.383,121.9,0.04951,0.53,3.19869257
1559614791930,57.446,121.9,0.04939,0.531,3.196960371
1559614791976,57.492,121.9,0.04939,0.531,3.196960371
1559614792022,57.538,121.9,0.04939,0.531,3.196960371
1559614792068,57.584,121.9,0.04939,0.531,3.196960371
1559614792129,57.645,121.9,0.04957,0.532,3.214654156
1559614792175,57.691,121.9,0.04957,0.532,3.214654156
1559614792221,57.737,121.9,0.04957,0.532,3.214654156
1559614792267,57.783,121.9,0.04957,0.532,3.214654156
1559614792330,57.846,121.9,0.05302,0.54,3.49009452
1559614792376,57.892,121.9,0.05302,0.54,3.49009452
1559614792422,57.938,121.9,0.05302,0.54,3.49009452
1559614792468,57.984,121.9,0.05302,0.54,3.49009452
1559614792529,58.045,121.9,0.05113,0.537,3.346985139
1559614792575,58.091,121.9,0.05113,0.537,3.346985139
1559614792621,58.137,121.9,0.05113,0.537,3.346985139
1559614792667,58.184,121.9,0.05113,0.537,3.346985139
1559614792730,58.246,122.0,0.04968,0.528,3.20018688
1559614792776,58.292,122.0,0.04968,0.528,3.20018688
1559614792822,58.338,122.0,0.04968,0.528,3.20018688
