# Mon Jun 03 19:20:34 2019
abstime,time_stamp,volt,curr,pf,mul
1559614834685,0.079,122.0,0.05133,0.528,3.30647328
1559614834732,0.126,122.0,0.05946,0.55,3.989766
1559614834778,0.172,122.0,0.05946,0.55,3.989766
1559614834824,0.218,122.0,0.05946,0.55,3.989766
1559614834871,0.265,122.0,0.05946,0.55,3.989766
1559614834925,0.319,122.0,0.05917,0.551,3.97752574
1559614834971,0.365,122.0,0.05917,0.551,3.97752574
1559614835017,0.411,122.0,0.05917,0.551,3.97752574
1559614835062,0.456,122.0,0.05917,0.551,3.97752574
1559614835126,0.52,122.0,0.05947,0.55,3.990437
1559614835172,0.566,122.0,0.05947,0.55,3.990437
1559614835218,0.612,122.0,0.05947,0.55,3.990437
1559614835264,0.658,122.0,0.05947,0.55,3.990437
1559614835325,0.719,122.0,0.05939,0.552,3.99956016
1559614835371,0.765,122.0,0.05939,0.552,3.99956016
1559614835417,0.811,122.0,0.05939,0.552,3.99956016
1559614835463,0.857,122.0,0.05939,0.552,3.99956016
1559614835525,0.92,122.0,0.05948,0.552,4.00562112
1559614835572,0.966,122.0,0.05948,0.552,4.00562112
1559614835618,1.012,122.0,0.05948,0.552,4.00562112
1559614835664,1.058,122.0,0.05948,0.552,4.00562112
1559614835725,1.119,122.0,0.05664,0.544,3.75908352
1559614835771,1.165,122.0,0.05664,0.544,3.75908352
1559614835817,1.211,122.0,0.05664,0.544,3.75908352
1559614835863,1.257,122.0,0.05664,0.544,3.75908352
1559614835925,1.319,121.9,0.05119,0.531,3.313472391
1559614835971,1.365,121.9,0.05119,0.531,3.313472391
1559614836017,1.411,121.9,0.05119,0.531,3.313472391
1559614836063,1.457,121.9,0.05119,0.531,3.313472391
1559614836126,1.52,122.0,0.05102,0.532,3.31140208
1559614836172,1.566,122.0,0.05102,0.532,3.31140208
1559614836218,1.612,122.0,0.05102,0.532,3.31140208
1559614836264,1.658,122.0,0.05102,0.532,3.31140208
1559614836325,1.719,122.0,0.05105,0.532,3.3133492
1559614836371,1.765,122.0,0.05105,0.532,3.3133492
1559614836417,1.811,122.0,0.05105,0.532,3.3133492
1559614836463,1.858,122.0,0.05105,0.532,3.3133492
1559614836525,1.919,122.0,0.051,0.531,3.303882
1559614836571,1.965,122.0,0.051,0.531,3.303882
1559614836617,2.011,122.0,0.051,0.531,3.303882
1559614836663,2.057,122.0,0.051,0.531,3.303882
1559614836725,2.119,121.9,0.05114,0.53,3.30400198
1559614836771,2.165,121.9,0.05114,0.53,3.30400198
1559614836817,2.212,121.9,0.05114,0.53,3.30400198
1559614836864,2.258,121.9,0.05114,0.53,3.30400198
1559614836925,2.319,121.9,0.05102,0.532,3.308687816
1559614836971,2.365,121.9,0.05102,0.532,3.308687816
1559614837017,2.411,121.9,0.05102,0.532,3.308687816
1559614837063,2.457,121.9,0.05102,0.532,3.308687816
1559614837124,2.518,122.0,0.05103,0.531,3.30582546
1559614837170,2.564,122.0,0.05103,0.531,3.30582546
1559614837216,2.61,122.0,0.05103,0.531,3.30582546
1559614837262,2.656,122.0,0.05103,0.531,3.30582546
1559614837324,2.719,122.0,0.051,0.533,3.316326
1559614837370,2.765,122.0,0.051,0.533,3.316326
1559614837417,2.811,122.0,0.051,0.533,3.316326
1559614837463,2.857,122.0,0.051,0.533,3.316326
1559614837525,2.919,122.0,0.05117,0.53,3.3086522
1559614837571,2.965,122.0,0.05117,0.53,3.3086522
1559614837617,3.012,122.0,0.05117,0.53,3.3086522
1559614837664,3.058,122.0,0.05117,0.53,3.3086522
1559614837725,3.119,121.9,0.05171,0.532,3.353434868
1559614837771,3.165,121.9,0.05171,0.532,3.353434868
1559614837817,3.211,121.9,0.05171,0.532,3.353434868
1559614837863,3.257,121.9,0.05171,0.532,3.353434868
1559614837924,3.319,121.9,0.05128,0.529,3.306795928
1559614837971,3.365,121.9,0.05128,0.529,3.306795928
1559614838017,3.411,121.9,0.05128,0.529,3.306795928
1559614838063,3.457,121.9,0.05128,0.529,3.306795928
1559614838124,3.518,122.0,0.05118,0.53,3.3092988
1559614838170,3.564,122.0,0.05118,0.53,3.3092988
1559614838216,3.61,122.0,0.05118,0.53,3.3092988
1559614838262,3.657,122.0,0.05118,0.53,3.3092988
1559614838325,3.719,122.0,0.05087,0.532,3.30166648
1559614838371,3.765,122.0,0.05087,0.532,3.30166648
1559614838417,3.811,122.0,0.05087,0.532,3.30166648
1559614838463,3.858,122.0,0.05087,0.532,3.30166648
1559614838524,3.919,122.0,0.05089,0.532,3.30296456
1559614838570,3.965,122.0,0.05089,0.532,3.30296456
1559614838617,4.011,122.0,0.05089,0.532,3.30296456
1559614838663,4.057,122.0,0.05089,0.532,3.30296456
1559614838725,4.119,122.0,0.05145,0.529,3.3204801
1559614838771,4.165,122.0,0.05145,0.529,3.3204801
1559614838817,4.211,122.0,0.05145,0.529,3.3204801
1559614838863,4.257,122.0,0.05145,0.529,3.3204801
1559614838924,4.318,122.0,0.05111,0.531,3.31100802
1559614838970,4.364,122.0,0.05111,0.531,3.31100802
1559614839016,4.411,122.0,0.05111,0.531,3.31100802
1559614839063,4.457,122.0,0.05111,0.531,3.31100802
1559614839125,4.519,122.0,0.05108,0.53,3.3028328
1559614839171,4.565,122.0,0.05108,0.53,3.3028328
1559614839217,4.611,122.0,0.05108,0.53,3.3028328
1559614839263,4.657,122.0,0.05108,0.53,3.3028328
1559614839325,4.719,122.0,0.05118,0.53,3.3092988
1559614839370,4.765,122.0,0.05118,0.53,3.3092988
1559614839416,4.811,122.0,0.05118,0.53,3.3092988
1559614839463,4.857,122.0,0.05118,0.53,3.3092988
1559614839525,4.919,122.0,0.05075,0.533,3.3000695
1559614839571,4.965,122.0,0.05075,0.533,3.3000695
1559614839617,5.011,122.0,0.05075,0.533,3.3000695
1559614839663,5.058,122.0,0.05075,0.533,3.3000695
1559614839725,5.119,122.0,0.05673,0.543,3.75813558
1559614839771,5.165,122.0,0.05673,0.543,3.75813558
1559614839817,5.211,122.0,0.05673,0.543,3.75813558
1559614839863,5.257,122.0,0.05673,0.543,3.75813558
1559614839924,5.318,122.0,0.05244,0.532,3.40356576
1559614839970,5.364,122.0,0.05244,0.532,3.40356576
1559614840016,5.41,122.0,0.05244,0.532,3.40356576
1559614840062,5.456,122.0,0.05244,0.532,3.40356576
1559614840125,5.519,122.0,0.0509,0.532,3.3036136
1559614840171,5.565,122.0,0.0509,0.532,3.3036136
1559614840217,5.611,122.0,0.0509,0.532,3.3036136
1559614840263,5.657,122.0,0.0509,0.532,3.3036136
1559614840324,5.718,122.0,0.05096,0.533,3.31372496
1559614840370,5.764,122.0,0.05096,0.533,3.31372496
1559614840416,5.81,122.0,0.05096,0.533,3.31372496
1559614840462,5.856,122.0,0.05096,0.533,3.31372496
1559614840524,5.918,122.0,0.05101,0.532,3.31075304
1559614840570,5.964,122.0,0.05101,0.532,3.31075304
1559614840616,6.011,122.0,0.05101,0.532,3.31075304
1559614840663,6.057,122.0,0.05101,0.532,3.31075304
1559614840725,6.119,122.0,0.05113,0.53,3.3060658
1559614840771,6.165,122.0,0.05113,0.53,3.3060658
1559614840817,6.212,122.0,0.05113,0.53,3.3060658
1559614840864,6.258,122.0,0.05113,0.53,3.3060658
1559614840925,6.319,122.0,0.05115,0.529,3.3011187
1559614840971,6.365,122.0,0.05115,0.529,3.3011187
1559614841017,6.412,122.0,0.05115,0.529,3.3011187
1559614841064,6.458,122.0,0.05115,0.529,3.3011187
1559614841125,6.519,122.0,0.05106,0.531,3.30776892
1559614841171,6.565,122.0,0.05106,0.531,3.30776892
1559614841217,6.611,122.0,0.05106,0.531,3.30776892
1559614841263,6.657,122.0,0.05106,0.531,3.30776892
1559614841324,6.718,122.0,0.05102,0.531,3.30517764
1559614841370,6.764,122.0,0.05102,0.531,3.30517764
1559614841416,6.811,122.0,0.05102,0.531,3.30517764
1559614841463,6.857,122.0,0.05102,0.531,3.30517764
1559614841525,6.919,122.0,0.05108,0.53,3.3028328
1559614841571,6.965,122.0,0.05108,0.53,3.3028328
1559614841617,7.011,122.0,0.05108,0.53,3.3028328
1559614841663,7.057,122.0,0.05108,0.53,3.3028328
1559614841724,7.118,122.0,0.05121,0.531,3.31748622
1559614841770,7.164,122.0,0.05121,0.531,3.31748622
1559614841816,7.21,122.0,0.05121,0.531,3.31748622
1559614841862,7.256,122.0,0.05121,0.531,3.31748622
1559614841925,7.319,122.0,0.0511,0.531,3.3103602
1559614841971,7.365,122.0,0.0511,0.531,3.3103602
1559614842017,7.411,122.0,0.0511,0.531,3.3103602
1559614842063,7.457,122.0,0.0511,0.531,3.3103602
1559614842124,7.518,122.0,0.05081,0.533,3.30397106
1559614842170,7.565,122.0,0.05081,0.533,3.30397106
1559614842217,7.611,122.0,0.05081,0.533,3.30397106
1559614842263,7.657,122.0,0.05081,0.533,3.30397106
1559614842324,7.718,122.0,0.05106,0.531,3.30776892
1559614842370,7.764,122.0,0.05106,0.531,3.30776892
1559614842416,7.81,122.0,0.05106,0.531,3.30776892
1559614842462,7.856,122.0,0.05106,0.531,3.30776892
1559614842524,7.918,122.0,0.05133,0.528,3.30647328
1559614842571,7.965,122.0,0.05133,0.528,3.30647328
1559614842617,8.011,122.0,0.05133,0.528,3.30647328
1559614842663,8.057,122.0,0.05133,0.528,3.30647328
1559614842724,8.118,122.0,0.05146,0.531,3.33368172
1559614842770,8.164,122.0,0.05146,0.531,3.33368172
1559614842816,8.21,122.0,0.05146,0.531,3.33368172
1559614842862,8.256,122.0,0.05146,0.531,3.33368172
1559614842924,8.318,121.9,0.0512,0.532,3.32036096
1559614842970,8.364,121.9,0.0512,0.532,3.32036096
1559614843017,8.411,121.9,0.0512,0.532,3.32036096
1559614843063,8.457,121.9,0.0512,0.532,3.32036096
1559614843124,8.518,122.0,0.05088,0.533,3.30852288
1559614843170,8.564,122.0,0.05088,0.533,3.30852288
1559614843216,8.61,122.0,0.05088,0.533,3.30852288
1559614843262,8.656,122.0,0.05088,0.533,3.30852288
1559614843325,8.719,122.0,0.05117,0.53,3.3086522
1559614843371,8.765,122.0,0.05117,0.53,3.3086522
1559614843417,8.811,122.0,0.05117,0.53,3.3086522
1559614843463,8.857,122.0,0.05117,0.53,3.3086522
1559614843524,8.918,122.0,0.05099,0.532,3.30945496
1559614843570,8.964,122.0,0.05099,0.532,3.30945496
1559614843616,9.01,122.0,0.05099,0.532,3.30945496
1559614843662,9.056,122.0,0.05099,0.532,3.30945496
1559614843724,9.118,122.0,0.0507,0.534,3.3030036
1559614843770,9.164,122.0,0.0507,0.534,3.3030036
1559614843816,9.21,122.0,0.0507,0.534,3.3030036
1559614843862,9.256,122.0,0.0507,0.534,3.3030036
1559614843925,9.319,121.9,0.05142,0.537,3.365968626
1559614843971,9.365,121.9,0.05142,0.537,3.365968626
1559614844017,9.411,121.9,0.05142,0.537,3.365968626
1559614844063,9.457,121.9,0.05142,0.537,3.365968626
1559614844125,9.519,122.0,0.05133,0.534,3.34404684
1559614844171,9.565,122.0,0.05133,0.534,3.34404684
1559614844217,9.611,122.0,0.05133,0.534,3.34404684
1559614844263,9.657,122.0,0.05133,0.534,3.34404684
1559614844324,9.718,122.0,0.05124,0.534,3.33818352
1559614844370,9.764,122.0,0.05124,0.534,3.33818352
1559614844417,9.811,122.0,0.05124,0.534,3.33818352
1559614844463,9.857,122.0,0.05124,0.534,3.33818352
1559614844524,9.918,122.0,0.05127,0.533,3.33388302
1559614844570,9.964,122.0,0.05127,0.533,3.33388302
1559614844616,10.01,122.0,0.05127,0.533,3.33388302
1559614844662,10.056,122.0,0.05127,0.533,3.33388302
1559614844725,10.119,122.0,0.0523,0.534,3.4072404
1559614844771,10.165,122.0,0.0523,0.534,3.4072404
1559614844817,10.211,122.0,0.0523,0.534,3.4072404
1559614844863,10.257,122.0,0.0523,0.534,3.4072404
1559614844924,10.318,122.0,0.05164,0.536,3.37684288
1559614844970,10.364,122.0,0.05164,0.536,3.37684288
1559614845016,10.41,122.0,0.05164,0.536,3.37684288
1559614845062,10.456,122.0,0.05164,0.536,3.37684288
1559614845125,10.519,122.0,0.05133,0.533,3.33778458
1559614845171,10.565,122.0,0.05133,0.533,3.33778458
1559614845217,10.611,122.0,0.05133,0.533,3.33778458
1559614845263,10.657,122.0,0.05133,0.533,3.33778458
1559614845324,10.718,122.0,0.05152,0.532,3.34385408
1559614845370,10.764,122.0,0.05152,0.532,3.34385408
1559614845416,10.81,122.0,0.05152,0.532,3.34385408
1559614845462,10.856,122.0,0.05152,0.532,3.34385408
1559614845524,10.918,122.0,0.05133,0.533,3.33778458
1559614845569,10.963,122.0,0.05133,0.533,3.33778458
1559614845616,11.01,122.0,0.05133,0.533,3.33778458
1559614845662,11.056,122.0,0.05133,0.533,3.33778458
1559614845724,11.118,121.9,0.0514,0.532,3.33333112
1559614845770,11.164,121.9,0.0514,0.532,3.33333112
1559614845816,11.21,121.9,0.0514,0.532,3.33333112
1559614845863,11.257,121.9,0.0514,0.532,3.33333112
1559614845924,11.318,121.9,0.05128,0.534,3.338051088
1559614845969,11.363,121.9,0.05128,0.534,3.338051088
1559614846016,11.41,121.9,0.05128,0.534,3.338051088
1559614846062,11.456,121.9,0.05128,0.534,3.338051088
1559614846124,11.518,121.9,0.0515,0.532,3.3398162
1559614846170,11.564,121.9,0.0515,0.532,3.3398162
1559614846216,11.61,121.9,0.0515,0.532,3.3398162
1559614846262,11.656,121.9,0.0515,0.532,3.3398162
1559614846324,11.718,122.0,0.05167,0.53,3.3409822
1559614846370,11.764,122.0,0.05167,0.53,3.3409822
1559614846416,11.81,122.0,0.05167,0.53,3.3409822
1559614846462,11.856,122.0,0.05167,0.53,3.3409822
1559614846524,11.918,122.0,0.05154,0.531,3.33886428
1559614846571,11.965,122.0,0.05154,0.531,3.33886428
1559614846617,12.011,122.0,0.05154,0.531,3.33886428
1559614846663,12.057,122.0,0.05154,0.531,3.33886428
1559614846724,12.118,121.9,0.05194,0.527,3.336693122
1559614846770,12.164,121.9,0.05194,0.527,3.336693122
1559614846816,12.21,121.9,0.05194,0.527,3.336693122
1559614846862,12.256,121.9,0.05194,0.527,3.336693122
1559614846923,12.317,121.9,0.05174,0.529,3.336459074
1559614846969,12.363,121.9,0.05174,0.529,3.336459074
1559614847015,12.409,121.9,0.05174,0.529,3.336459074
1559614847061,12.455,121.9,0.05174,0.529,3.336459074
1559614847124,12.518,122.0,0.05189,0.529,3.34887682
1559614847170,12.564,122.0,0.05189,0.529,3.34887682
1559614847216,12.61,122.0,0.05189,0.529,3.34887682
1559614847262,12.656,122.0,0.05189,0.529,3.34887682
1559614847323,12.717,122.0,0.05184,0.528,3.33932544
1559614847369,12.763,122.0,0.05184,0.528,3.33932544
1559614847415,12.809,122.0,0.05184,0.528,3.33932544
1559614847462,12.856,122.0,0.05184,0.528,3.33932544
1559614847524,12.918,122.0,0.05172,0.529,3.33790536
1559614847570,12.964,122.0,0.05172,0.529,3.33790536
1559614847616,13.01,122.0,0.05172,0.529,3.33790536
1559614847663,13.057,122.0,0.05172,0.529,3.33790536
1559614847724,13.118,122.0,0.05161,0.531,3.34339902
1559614847770,13.164,122.0,0.05161,0.531,3.34339902
1559614847816,13.21,122.0,0.05161,0.531,3.34339902
1559614847862,13.256,122.0,0.05161,0.531,3.34339902
1559614847924,13.318,122.0,0.05151,0.531,3.33692082
1559614847971,13.365,122.0,0.05151,0.531,3.33692082
1559614848017,13.411,122.0,0.05151,0.531,3.33692082
1559614848063,13.457,122.0,0.05151,0.531,3.33692082
1559614848124,13.518,122.0,0.05141,0.532,3.33671464
1559614848170,13.564,122.0,0.05141,0.532,3.33671464
1559614848216,13.61,122.0,0.05141,0.532,3.33671464
1559614848262,13.656,122.0,0.05141,0.532,3.33671464
1559614848324,13.718,122.0,0.05165,0.53,3.339689
1559614848370,13.764,122.0,0.05165,0.53,3.339689
1559614848416,13.81,122.0,0.05165,0.53,3.339689
1559614848462,13.856,122.0,0.05165,0.53,3.339689
1559614848524,13.918,122.0,0.0515,0.531,3.336273
1559614848570,13.964,122.0,0.0515,0.531,3.336273
1559614848616,14.01,122.0,0.0515,0.531,3.336273
1559614848663,14.057,122.0,0.0515,0.531,3.336273
1559614848724,14.118,122.0,0.05145,0.532,3.3393108
1559614848770,14.164,122.0,0.05145,0.532,3.3393108
1559614848816,14.21,122.0,0.05145,0.532,3.3393108
1559614848862,14.256,122.0,0.05145,0.532,3.3393108
1559614848923,14.317,122.0,0.05146,0.532,3.33995984
1559614848969,14.363,122.0,0.05146,0.532,3.33995984
1559614849015,14.409,122.0,0.05146,0.532,3.33995984
1559614849062,14.456,122.0,0.05146,0.532,3.33995984
1559614849124,14.518,122.0,0.05134,0.533,3.33843484
1559614849170,14.564,122.0,0.05134,0.533,3.33843484
1559614849216,14.61,122.0,0.05134,0.533,3.33843484
1559614849262,14.656,122.0,0.05134,0.533,3.33843484
1559614849323,14.717,122.0,0.05164,0.531,3.34534248
1559614849369,14.763,122.0,0.05164,0.531,3.34534248
1559614849415,14.809,122.0,0.05164,0.531,3.34534248
1559614849461,14.855,122.0,0.05164,0.531,3.34534248
1559614849524,14.918,122.0,0.05145,0.532,3.3393108
1559614849570,14.964,122.0,0.05145,0.532,3.3393108
1559614849616,15.01,122.0,0.05145,0.532,3.3393108
1559614849661,15.055,122.0,0.05145,0.532,3.3393108
1559614849724,15.118,122.0,0.05134,0.532,3.33217136
1559614849770,15.164,122.0,0.05134,0.532,3.33217136
1559614849816,15.21,122.0,0.05134,0.532,3.33217136
1559614849862,15.256,122.0,0.05134,0.532,3.33217136
1559614849923,15.317,122.0,0.05123,0.534,3.33753204
1559614849969,15.363,122.0,0.05123,0.534,3.33753204
1559614850015,15.409,122.0,0.05123,0.534,3.33753204
1559614850062,15.456,122.0,0.05123,0.534,3.33753204
1559614850124,15.518,122.0,0.05147,0.532,3.34060888
1559614850170,15.564,122.0,0.05147,0.532,3.34060888
1559614850216,15.61,122.0,0.05147,0.532,3.34060888
1559614850263,15.657,122.0,0.05147,0.532,3.34060888
1559614850324,15.718,122.0,0.05168,0.53,3.3416288
1559614850369,15.763,122.0,0.05168,0.53,3.3416288
1559614850415,15.809,122.0,0.05168,0.53,3.3416288
1559614850461,15.855,122.0,0.05168,0.53,3.3416288
1559614850523,15.917,122.0,0.05173,0.529,3.33855074
1559614850569,15.963,122.0,0.05173,0.529,3.33855074
1559614850615,16.009,122.0,0.05173,0.529,3.33855074
1559614850662,16.056,122.0,0.05173,0.529,3.33855074
1559614850724,16.118,122.0,0.05208,0.527,3.34843152
1559614850770,16.164,122.0,0.05208,0.527,3.34843152
1559614850816,16.21,122.0,0.05208,0.527,3.34843152
1559614850862,16.256,122.0,0.05208,0.527,3.34843152
1559614850923,16.317,122.0,0.05199,0.526,3.33630228
1559614850969,16.363,122.0,0.05199,0.526,3.33630228
1559614851015,16.409,122.0,0.05199,0.526,3.33630228
1559614851061,16.455,122.0,0.05199,0.526,3.33630228
1559614851124,16.518,122.0,0.05165,0.529,3.3333877
1559614851169,16.563,122.0,0.05165,0.529,3.3333877
1559614851215,16.609,122.0,0.05165,0.529,3.3333877
1559614851261,16.655,122.0,0.05165,0.529,3.3333877
1559614851323,16.717,122.0,0.05184,0.529,3.34564992
1559614851369,16.763,122.0,0.05184,0.529,3.34564992
1559614851415,16.809,122.0,0.05184,0.529,3.34564992
1559614851461,16.855,122.0,0.05184,0.529,3.34564992
1559614851524,16.918,122.0,0.05157,0.53,3.3345162
1559614851570,16.964,122.0,0.05157,0.53,3.3345162
1559614851616,17.01,122.0,0.05157,0.53,3.3345162
1559614851662,17.056,122.0,0.05157,0.53,3.3345162
1559614851724,17.118,122.0,0.05178,0.528,3.33546048
1559614851770,17.164,122.0,0.05178,0.528,3.33546048
1559614851816,17.21,122.0,0.05178,0.528,3.33546048
1559614851862,17.256,122.0,0.05178,0.528,3.33546048
1559614851923,17.317,121.9,0.05191,0.527,3.334765883
1559614851969,17.363,121.9,0.05191,0.527,3.334765883
1559614852015,17.409,121.9,0.05191,0.527,3.334765883
1559614852061,17.455,121.9,0.05191,0.527,3.334765883
1559614852123,17.517,122.0,0.05182,0.528,3.33803712
1559614852169,17.563,122.0,0.05182,0.528,3.33803712
1559614852215,17.609,122.0,0.05182,0.528,3.33803712
1559614852261,17.655,122.0,0.05182,0.528,3.33803712
1559614852323,17.717,122.0,0.05177,0.531,3.35376414
1559614852369,17.763,122.0,0.05177,0.531,3.35376414
1559614852415,17.809,122.0,0.05177,0.531,3.35376414
1559614852461,17.855,122.0,0.05177,0.531,3.35376414
1559614852524,17.918,122.0,0.05178,0.528,3.33546048
1559614852570,17.964,122.0,0.05178,0.528,3.33546048
1559614852616,18.01,122.0,0.05178,0.528,3.33546048
1559614852662,18.056,122.0,0.05178,0.528,3.33546048
1559614852723,18.117,122.0,0.0515,0.531,3.336273
1559614852770,18.164,122.0,0.0515,0.531,3.336273
1559614852815,18.209,122.0,0.0515,0.531,3.336273
1559614852861,18.255,122.0,0.0515,0.531,3.336273
1559614852924,18.318,121.9,0.05177,0.528,3.332082864
1559614852970,18.364,121.9,0.05177,0.528,3.332082864
1559614853016,18.41,121.9,0.05177,0.528,3.332082864
1559614853062,18.456,121.9,0.05177,0.528,3.332082864
1559614853124,18.518,121.9,0.05172,0.529,3.335169372
1559614853170,18.564,121.9,0.05172,0.529,3.335169372
1559614853216,18.61,121.9,0.05172,0.529,3.335169372
1559614853263,18.657,121.9,0.05172,0.529,3.335169372
1559614853324,18.718,122.0,0.05156,0.531,3.34015992
1559614853370,18.764,122.0,0.05156,0.531,3.34015992
1559614853416,18.81,122.0,0.05156,0.531,3.34015992
1559614853462,18.856,122.0,0.05156,0.531,3.34015992
1559614853524,18.918,122.0,0.05142,0.531,3.33109044
1559614853570,18.964,122.0,0.05142,0.531,3.33109044
1559614853616,19.01,122.0,0.05142,0.531,3.33109044
1559614853662,19.056,122.0,0.05142,0.531,3.33109044
1559614853724,19.118,122.0,0.0516,0.531,3.3427512
1559614853770,19.164,122.0,0.0516,0.531,3.3427512
1559614853816,19.21,122.0,0.0516,0.531,3.3427512
1559614853863,19.257,122.0,0.0516,0.531,3.3427512
1559614853924,19.318,122.0,0.05126,0.533,3.33323276
1559614853970,19.364,122.0,0.05126,0.533,3.33323276
1559614854016,19.41,122.0,0.05126,0.533,3.33323276
1559614854063,19.457,122.0,0.05126,0.533,3.33323276
1559614854124,19.518,122.0,0.05117,0.534,3.33362316
1559614854170,19.564,122.0,0.05117,0.534,3.33362316
1559614854216,19.61,122.0,0.05117,0.534,3.33362316
1559614854263,19.657,122.0,0.05117,0.534,3.33362316
1559614854324,19.718,122.0,0.05098,0.537,3.33990372
1559614854370,19.764,122.0,0.05098,0.537,3.33990372
1559614854416,19.81,122.0,0.05098,0.537,3.33990372
1559614854462,19.856,122.0,0.05098,0.537,3.33990372
1559614854524,19.918,122.0,0.05137,0.533,3.34038562
1559614854571,19.965,122.0,0.05137,0.533,3.34038562
1559614854617,20.011,122.0,0.05137,0.533,3.34038562
1559614854663,20.057,122.0,0.05137,0.533,3.34038562
1559614854724,20.118,122.0,0.05135,0.532,3.3328204
1559614854770,20.164,122.0,0.05135,0.532,3.3328204
1559614854816,20.21,122.0,0.05135,0.532,3.3328204
1559614854862,20.256,122.0,0.05135,0.532,3.3328204
1559614854924,20.318,121.9,0.05121,0.535,3.339736965
1559614854970,20.364,121.9,0.05121,0.535,3.339736965
1559614855017,20.411,121.9,0.05121,0.535,3.339736965
1559614855063,20.457,121.9,0.05121,0.535,3.339736965
1559614855124,20.518,122.0,0.05119,0.535,3.3411713
1559614855170,20.564,122.0,0.05119,0.535,3.3411713
1559614855216,20.61,122.0,0.05119,0.535,3.3411713
1559614855262,20.656,122.0,0.05119,0.535,3.3411713
1559614855324,20.718,122.0,0.0512,0.535,3.341824
1559614855371,20.765,122.0,0.0512,0.535,3.341824
1559614855417,20.811,122.0,0.0512,0.535,3.341824
1559614855463,20.857,122.0,0.0512,0.535,3.341824
1559614855523,20.917,122.0,0.05106,0.537,3.34514484
1559614855569,20.963,122.0,0.05106,0.537,3.34514484
1559614855615,21.009,122.0,0.05106,0.537,3.34514484
1559614855661,21.055,122.0,0.05106,0.537,3.34514484
1559614855723,21.117,122.0,0.05093,0.537,3.33662802
1559614855769,21.163,122.0,0.05093,0.537,3.33662802
1559614855815,21.209,122.0,0.05093,0.537,3.33662802
1559614855862,21.256,122.0,0.05093,0.537,3.33662802
1559614855923,21.317,122.0,0.05133,0.533,3.33778458
1559614855969,21.363,122.0,0.05133,0.533,3.33778458
1559614856015,21.409,122.0,0.05133,0.533,3.33778458
1559614856061,21.455,122.0,0.05133,0.533,3.33778458
1559614856123,21.517,122.0,0.0512,0.534,3.3355776
1559614856171,21.565,122.0,0.0512,0.534,3.3355776
1559614856217,21.611,122.0,0.0512,0.534,3.3355776
1559614856263,21.657,122.0,0.0512,0.534,3.3355776
1559614856323,21.717,122.0,0.05112,0.535,3.3366024
1559614856370,21.764,122.0,0.05112,0.535,3.3366024
1559614856417,21.811,122.0,0.05112,0.535,3.3366024
1559614856463,21.857,122.0,0.05112,0.535,3.3366024
1559614856523,21.917,122.0,0.0513,0.534,3.3420924
1559614856569,21.963,122.0,0.0513,0.534,3.3420924
1559614856615,22.009,122.0,0.0513,0.534,3.3420924
1559614856661,22.055,122.0,0.0513,0.534,3.3420924
1559614856723,22.117,122.0,0.05147,0.533,3.34688822
1559614856771,22.165,122.0,0.05147,0.533,3.34688822
1559614856817,22.211,122.0,0.05147,0.533,3.34688822
1559614856863,22.257,122.0,0.05147,0.533,3.34688822
1559614856923,22.317,121.9,0.05155,0.53,3.33049085
1559614856969,22.363,121.9,0.05155,0.53,3.33049085
1559614857015,22.409,121.9,0.05155,0.53,3.33049085
1559614857061,22.455,121.9,0.05155,0.53,3.33049085
1559614857122,22.516,121.9,0.05138,0.529,3.313244438
1559614857169,22.563,121.9,0.05138,0.529,3.313244438
1559614857214,22.608,121.9,0.05138,0.529,3.313244438
1559614857261,22.655,121.9,0.05138,0.529,3.313244438
1559614857323,22.717,122.0,0.05057,0.536,3.30687344
1559614857369,22.763,122.0,0.05057,0.536,3.30687344
1559614857415,22.809,122.0,0.05057,0.536,3.30687344
1559614857461,22.855,122.0,0.05057,0.536,3.30687344
1559614857522,22.916,122.0,0.05087,0.533,3.30787262
1559614857568,22.962,122.0,0.05087,0.533,3.30787262
1559614857614,23.008,122.0,0.05087,0.533,3.30787262
1559614857661,23.055,122.0,0.05087,0.533,3.30787262
1559614857723,23.117,122.0,0.05097,0.531,3.30193854
1559614857769,23.163,122.0,0.05097,0.531,3.30193854
1559614857815,23.209,122.0,0.05097,0.531,3.30193854
1559614857862,23.256,122.0,0.05097,0.531,3.30193854
1559614857923,23.317,121.9,0.0512,0.529,3.30163712
1559614857969,23.363,121.9,0.0512,0.529,3.30163712
1559614858015,23.409,121.9,0.0512,0.529,3.30163712
1559614858061,23.455,121.9,0.0512,0.529,3.30163712
1559614858123,23.517,122.0,0.05107,0.531,3.30841674
1559614858169,23.563,122.0,0.05107,0.531,3.30841674
1559614858215,23.609,122.0,0.05107,0.531,3.30841674
1559614858261,23.655,122.0,0.05107,0.531,3.30841674
1559614858323,23.717,122.0,0.0511,0.531,3.3103602
1559614858369,23.763,122.0,0.0511,0.531,3.3103602
1559614858416,23.81,122.0,0.0511,0.531,3.3103602
1559614858462,23.856,122.0,0.0511,0.531,3.3103602
1559614858523,23.917,122.0,0.05104,0.532,3.31270016
1559614858569,23.963,122.0,0.05104,0.532,3.31270016
1559614858615,24.009,122.0,0.05104,0.532,3.31270016
1559614858661,24.055,122.0,0.05104,0.532,3.31270016
1559614858722,24.116,122.0,0.05089,0.532,3.30296456
1559614858769,24.163,122.0,0.05089,0.532,3.30296456
1559614858815,24.209,122.0,0.05089,0.532,3.30296456
1559614858861,24.255,122.0,0.05089,0.532,3.30296456
1559614858923,24.317,122.0,0.05083,0.533,3.30527158
1559614858969,24.363,122.0,0.05083,0.533,3.30527158
1559614859015,24.409,122.0,0.05083,0.533,3.30527158
1559614859061,24.455,122.0,0.05083,0.533,3.30527158
1559614859122,24.516,122.0,0.05116,0.53,3.3080056
1559614859169,24.563,122.0,0.05116,0.53,3.3080056
1559614859214,24.608,122.0,0.05116,0.53,3.3080056
1559614859261,24.655,122.0,0.05116,0.53,3.3080056
1559614859323,24.717,122.0,0.05084,0.533,3.30592184
1559614859369,24.763,122.0,0.05084,0.533,3.30592184
1559614859415,24.809,122.0,0.05084,0.533,3.30592184
1559614859461,24.855,122.0,0.05084,0.533,3.30592184
1559614859522,24.916,122.0,0.05133,0.528,3.30647328
1559614859568,24.962,122.0,0.05133,0.528,3.30647328
1559614859614,25.008,122.0,0.05133,0.528,3.30647328
1559614859660,25.054,122.0,0.05133,0.528,3.30647328
1559614859723,25.117,122.0,0.05139,0.529,3.31660782
1559614859769,25.163,122.0,0.05139,0.529,3.31660782
1559614859815,25.209,122.0,0.05139,0.529,3.31660782
1559614859861,25.255,122.0,0.05139,0.529,3.31660782
1559614859922,25.316,122.0,0.05132,0.528,3.30582912
1559614859969,25.363,122.0,0.05132,0.528,3.30582912
1559614860015,25.409,122.0,0.05132,0.528,3.30582912
1559614860061,25.455,122.0,0.05132,0.528,3.30582912
1559614860122,25.516,122.0,0.05127,0.528,3.30260832
1559614860168,25.562,122.0,0.05127,0.528,3.30260832
1559614860214,25.608,122.0,0.05127,0.528,3.30260832
1559614860260,25.654,122.0,0.05127,0.528,3.30260832
1559614860322,25.716,122.0,0.05143,0.528,3.31291488
1559614860368,25.763,122.0,0.05143,0.528,3.31291488
1559614860414,25.808,122.0,0.05143,0.528,3.31291488
1559614860460,25.854,122.0,0.05143,0.528,3.31291488
1559614860523,25.917,122.0,0.05161,0.526,3.31191692
1559614860569,25.963,122.0,0.05161,0.526,3.31191692
1559614860615,26.009,122.0,0.05161,0.526,3.31191692
1559614860661,26.055,122.0,0.05161,0.526,3.31191692
1559614860722,26.116,122.0,0.05151,0.526,3.30549972
1559614860768,26.162,122.0,0.05151,0.526,3.30549972
1559614860814,26.208,122.0,0.05151,0.526,3.30549972
1559614860860,26.254,122.0,0.05151,0.526,3.30549972
1559614860922,26.316,121.9,0.05114,0.53,3.30400198
1559614860969,26.363,121.9,0.05114,0.53,3.30400198
1559614861015,26.409,121.9,0.05114,0.53,3.30400198
1559614861061,26.455,121.9,0.05114,0.53,3.30400198
1559614861123,26.517,121.9,0.05117,0.534,3.330890682
1559614861169,26.563,121.9,0.05117,0.534,3.330890682
1559614861215,26.609,121.9,0.05117,0.534,3.330890682
1559614861261,26.655,121.9,0.05117,0.534,3.330890682
1559614861322,26.716,122.0,0.05165,0.531,3.3459903
1559614861368,26.762,122.0,0.05165,0.531,3.3459903
1559614861414,26.808,122.0,0.05165,0.531,3.3459903
1559614861460,26.854,122.0,0.05165,0.531,3.3459903
1559614861523,26.917,122.0,0.0516,0.53,3.336456
1559614861569,26.963,122.0,0.0516,0.53,3.336456
1559614861615,27.009,122.0,0.0516,0.53,3.336456
1559614861661,27.055,122.0,0.0516,0.53,3.336456
1559614861723,27.117,122.0,0.05176,0.53,3.3468016
1559614861769,27.163,122.0,0.05176,0.53,3.3468016
1559614861815,27.209,122.0,0.05176,0.53,3.3468016
1559614861860,27.254,122.0,0.05176,0.53,3.3468016
1559614861922,27.316,121.9,0.05213,0.529,3.361608263
1559614861969,27.363,121.9,0.05213,0.529,3.361608263
1559614862014,27.408,121.9,0.05213,0.529,3.361608263
1559614862061,27.455,121.9,0.05213,0.529,3.361608263
1559614862122,27.516,121.9,0.05208,0.525,3.3329898
1559614862168,27.562,121.9,0.05208,0.525,3.3329898
1559614862214,27.608,121.9,0.05208,0.525,3.3329898
1559614862260,27.654,121.9,0.05208,0.525,3.3329898
1559614862322,27.716,122.0,0.05203,0.53,3.3642598
1559614862369,27.763,122.0,0.05203,0.53,3.3642598
1559614862414,27.808,122.0,0.05203,0.53,3.3642598
1559614862461,27.855,122.0,0.05203,0.53,3.3642598
1559614862522,27.916,122.0,0.05642,0.541,3.72383284
1559614862569,27.963,122.0,0.05642,0.541,3.72383284
1559614862616,28.01,122.0,0.05642,0.541,3.72383284
1559614862662,28.056,122.0,0.05642,0.541,3.72383284
1559614862723,28.117,122.0,0.05151,0.529,3.32435238
1559614862769,28.163,122.0,0.05151,0.529,3.32435238
1559614862815,28.209,122.0,0.05151,0.529,3.32435238
1559614862861,28.255,122.0,0.05151,0.529,3.32435238
1559614862922,28.316,121.9,0.05113,0.532,3.315821404
1559614862968,28.362,121.9,0.05113,0.532,3.315821404
1559614863014,28.408,121.9,0.05113,0.532,3.315821404
1559614863060,28.454,121.9,0.05113,0.532,3.315821404
1559614863123,28.517,121.9,0.05106,0.533,3.317506062
1559614863169,28.563,121.9,0.05106,0.533,3.317506062
1559614863215,28.609,121.9,0.05106,0.533,3.317506062
1559614863261,28.655,121.9,0.05106,0.533,3.317506062
1559614863322,28.716,122.0,0.05099,0.533,3.31567574
1559614863369,28.763,122.0,0.05099,0.533,3.31567574
1559614863415,28.809,122.0,0.05099,0.533,3.31567574
1559614863461,28.855,122.0,0.05099,0.533,3.31567574
1559614863522,28.916,122.0,0.05133,0.53,3.3189978
1559614863569,28.963,122.0,0.05133,0.53,3.3189978
1559614863615,29.009,122.0,0.05133,0.53,3.3189978
1559614863661,29.055,122.0,0.05133,0.53,3.3189978
1559614863722,29.116,122.0,0.05164,0.531,3.34534248
1559614863768,29.162,122.0,0.05164,0.531,3.34534248
1559614863814,29.208,122.0,0.05164,0.531,3.34534248
1559614863860,29.254,122.0,0.05164,0.531,3.34534248
1559614863923,29.317,121.9,0.05143,0.529,3.316468693
1559614863969,29.363,121.9,0.05143,0.529,3.316468693
1559614864015,29.409,121.9,0.05143,0.529,3.316468693
1559614864061,29.455,121.9,0.05143,0.529,3.316468693
1559614864122,29.516,122.0,0.0513,0.53,3.317058
1559614864168,29.562,122.0,0.0513,0.53,3.317058
1559614864214,29.608,122.0,0.0513,0.53,3.317058
1559614864261,29.655,122.0,0.0513,0.53,3.317058
1559614864322,29.716,122.0,0.05125,0.531,3.3200775
1559614864368,29.762,122.0,0.05125,0.531,3.3200775
1559614864414,29.808,122.0,0.05125,0.531,3.3200775
1559614864460,29.854,122.0,0.05125,0.531,3.3200775
1559614864522,29.916,122.0,0.05123,0.531,3.31878186
1559614864569,29.963,122.0,0.05123,0.531,3.31878186
1559614864614,30.008,122.0,0.05123,0.531,3.31878186
1559614864661,30.055,122.0,0.05123,0.531,3.31878186
1559614864722,30.116,122.0,0.05112,0.532,3.31789248
1559614864768,30.162,122.0,0.05112,0.532,3.31789248
1559614864814,30.208,122.0,0.05112,0.532,3.31789248
1559614864860,30.254,122.0,0.05112,0.532,3.31789248
1559614864922,30.316,122.0,0.0512,0.532,3.3230848
1559614864967,30.361,122.0,0.0512,0.532,3.3230848
1559614865014,30.408,122.0,0.0512,0.532,3.3230848
1559614865060,30.454,122.0,0.0512,0.532,3.3230848
1559614865122,30.516,121.9,0.05285,0.534,3.44024961
1559614865168,30.562,121.9,0.05285,0.534,3.44024961
1559614865214,30.608,121.9,0.05285,0.534,3.44024961
1559614865261,30.655,121.9,0.05285,0.534,3.44024961
1559614865321,30.716,122.0,0.05541,0.54,3.6504108
1559614865368,30.762,122.0,0.05541,0.54,3.6504108
1559614865414,30.808,122.0,0.05541,0.54,3.6504108
1559614865460,30.854,122.0,0.05541,0.54,3.6504108
1559614865522,30.916,122.0,0.05122,0.531,3.31813404
1559614865569,30.963,122.0,0.05122,0.531,3.31813404
1559614865615,31.009,122.0,0.05122,0.531,3.31813404
1559614865661,31.055,122.0,0.05122,0.531,3.31813404
1559614865722,31.116,122.0,0.05103,0.534,3.32450244
1559614865768,31.162,122.0,0.05103,0.534,3.32450244
1559614865815,31.209,122.0,0.05103,0.534,3.32450244
1559614865861,31.255,122.0,0.05103,0.534,3.32450244
1559614865922,31.316,122.0,0.05096,0.533,3.31372496
1559614865968,31.362,122.0,0.05096,0.533,3.31372496
1559614866014,31.408,122.0,0.05096,0.533,3.31372496
1559614866060,31.454,122.0,0.05096,0.533,3.31372496
1559614866121,31.515,122.0,0.05085,0.534,3.3127758
1559614866168,31.562,122.0,0.05085,0.534,3.3127758
1559614866214,31.608,122.0,0.05085,0.534,3.3127758
1559614866260,31.654,122.0,0.05085,0.534,3.3127758
1559614866322,31.716,122.0,0.051,0.533,3.316326
1559614866368,31.762,122.0,0.051,0.533,3.316326
1559614866414,31.808,122.0,0.051,0.533,3.316326
1559614866460,31.854,122.0,0.051,0.533,3.316326
1559614866521,31.915,121.9,0.05085,0.534,3.31006041
1559614866567,31.961,121.9,0.05085,0.534,3.31006041
1559614866613,32.007,121.9,0.05085,0.534,3.31006041
1559614866660,32.054,121.9,0.05085,0.534,3.31006041
1559614866722,32.116,121.9,0.05066,0.536,3.310043344
1559614866768,32.162,121.9,0.05066,0.536,3.310043344
1559614866815,32.209,121.9,0.05066,0.536,3.310043344
1559614866861,32.255,121.9,0.05066,0.536,3.310043344
1559614866922,32.316,121.9,0.05065,0.538,3.32173843
1559614866968,32.362,121.9,0.05065,0.538,3.32173843
1559614867014,32.408,121.9,0.05065,0.538,3.32173843
1559614867060,32.454,121.9,0.05065,0.538,3.32173843
1559614867122,32.516,121.9,0.05073,0.536,3.314617032
1559614867168,32.562,121.9,0.05073,0.536,3.314617032
1559614867214,32.608,121.9,0.05073,0.536,3.314617032
1559614867261,32.655,121.9,0.05073,0.536,3.314617032
1559614867322,32.716,122.0,0.05098,0.534,3.32124504
1559614867368,32.762,122.0,0.05098,0.534,3.32124504
1559614867414,32.808,122.0,0.05098,0.534,3.32124504
1559614867460,32.854,122.0,0.05098,0.534,3.32124504
1559614867521,32.915,122.0,0.05099,0.533,3.31567574
1559614867567,32.961,122.0,0.05099,0.533,3.31567574
1559614867613,33.007,122.0,0.05099,0.533,3.31567574
1559614867660,33.054,122.0,0.05099,0.533,3.31567574
1559614867722,33.116,122.0,0.05094,0.534,3.31863912
1559614867768,33.162,122.0,0.05094,0.534,3.31863912
1559614867814,33.208,122.0,0.05094,0.534,3.31863912
1559614867860,33.254,122.0,0.05094,0.534,3.31863912
1559614867921,33.315,121.9,0.05138,0.534,3.344560548
1559614867967,33.361,121.9,0.05138,0.534,3.344560548
1559614868014,33.408,121.9,0.05138,0.534,3.344560548
1559614868060,33.454,121.9,0.05138,0.534,3.344560548
1559614868122,33.516,121.9,0.05195,0.539,3.413327995
1559614868168,33.562,121.9,0.05195,0.539,3.413327995
1559614868214,33.608,121.9,0.05195,0.539,3.413327995
1559614868260,33.654,121.9,0.05195,0.539,3.413327995
1559614868321,33.715,121.9,0.05089,0.534,3.312664194
1559614868368,33.762,121.9,0.05089,0.534,3.312664194
1559614868414,33.808,121.9,0.05089,0.534,3.312664194
1559614868460,33.854,121.9,0.05089,0.534,3.312664194
1559614868522,33.916,122.0,0.05095,0.533,3.3130747
1559614868568,33.962,122.0,0.05095,0.533,3.3130747
1559614868614,34.008,122.0,0.05095,0.533,3.3130747
1559614868660,34.054,122.0,0.05095,0.533,3.3130747
1559614868721,34.115,122.0,0.05091,0.535,3.3228957
1559614868767,34.161,122.0,0.05091,0.535,3.3228957
1559614868813,34.207,122.0,0.05091,0.535,3.3228957
1559614868860,34.254,122.0,0.05091,0.535,3.3228957
1559614868922,34.316,121.9,0.05095,0.534,3.31656987
1559614868968,34.362,121.9,0.05095,0.534,3.31656987
1559614869014,34.408,121.9,0.05095,0.534,3.31656987
1559614869060,34.454,121.9,0.05095,0.534,3.31656987
1559614869121,34.515,121.9,0.05105,0.532,3.31063334
1559614869167,34.561,121.9,0.05105,0.532,3.31063334
1559614869212,34.606,121.9,0.05105,0.532,3.31063334
1559614869258,34.652,121.9,0.05105,0.532,3.31063334
1559614869322,34.716,121.9,0.0511,0.532,3.31387588
1559614869368,34.762,121.9,0.0511,0.532,3.31387588
1559614869414,34.808,121.9,0.0511,0.532,3.31387588
1559614869460,34.854,121.9,0.0511,0.532,3.31387588
1559614869521,34.915,122.0,0.05111,0.532,3.31724344
1559614869567,34.961,122.0,0.05111,0.532,3.31724344
1559614869613,35.007,122.0,0.05111,0.532,3.31724344
1559614869660,35.054,122.0,0.05111,0.532,3.31724344
1559614869722,35.116,122.0,0.05141,0.529,3.31789858
1559614869768,35.162,122.0,0.05141,0.529,3.31789858
1559614869814,35.208,122.0,0.05141,0.529,3.31789858
1559614869861,35.255,122.0,0.05141,0.529,3.31789858
1559614869922,35.316,122.0,0.05129,0.531,3.32266878
1559614869968,35.362,122.0,0.05129,0.531,3.32266878
1559614870014,35.408,122.0,0.05129,0.531,3.32266878
1559614870060,35.454,122.0,0.05129,0.531,3.32266878
1559614870121,35.515,121.9,0.05129,0.53,3.31369303
1559614870167,35.561,121.9,0.05129,0.53,3.31369303
1559614870213,35.607,121.9,0.05129,0.53,3.31369303
1559614870260,35.654,121.9,0.05129,0.53,3.31369303
1559614870322,35.716,122.0,0.0512,0.532,3.3230848
1559614870368,35.762,122.0,0.0512,0.532,3.3230848
1559614870414,35.808,122.0,0.0512,0.532,3.3230848
1559614870460,35.854,122.0,0.0512,0.532,3.3230848
1559614870521,35.915,122.0,0.05108,0.532,3.31529632
1559614870567,35.961,122.0,0.05108,0.532,3.31529632
1559614870614,36.008,122.0,0.05108,0.532,3.31529632
1559614870660,36.054,122.0,0.05108,0.532,3.31529632
1559614870721,36.115,122.0,0.05122,0.53,3.3118852
1559614870767,36.161,122.0,0.05122,0.53,3.3118852
1559614870813,36.207,122.0,0.05122,0.53,3.3118852
1559614870859,36.253,122.0,0.05122,0.53,3.3118852
1559614870921,36.315,122.0,0.0512,0.53,3.310592
1559614870967,36.361,122.0,0.0512,0.53,3.310592
1559614871014,36.408,122.0,0.0512,0.53,3.310592
1559614871060,36.454,122.0,0.0512,0.53,3.310592
1559614871121,36.515,122.0,0.05174,0.531,3.35182068
1559614871167,36.561,122.0,0.05174,0.531,3.35182068
1559614871213,36.607,122.0,0.05174,0.531,3.35182068
1559614871259,36.653,122.0,0.05174,0.531,3.35182068
1559614871322,36.716,122.0,0.05126,0.53,3.3144716
1559614871368,36.762,122.0,0.05126,0.53,3.3144716
1559614871413,36.807,122.0,0.05126,0.53,3.3144716
1559614871459,36.853,122.0,0.05126,0.53,3.3144716
1559614871521,36.915,122.0,0.05101,0.532,3.31075304
1559614871568,36.962,122.0,0.05101,0.532,3.31075304
1559614871614,37.008,122.0,0.05101,0.532,3.31075304
1559614871660,37.054,122.0,0.05101,0.532,3.31075304
1559614871721,37.115,122.0,0.05098,0.535,3.3274646
1559614871767,37.161,122.0,0.05098,0.535,3.3274646
1559614871813,37.207,122.0,0.05098,0.535,3.3274646
1559614871859,37.253,122.0,0.05098,0.535,3.3274646
1559614871921,37.315,122.0,0.05146,0.533,3.34623796
1559614871967,37.361,122.0,0.05146,0.533,3.34623796
1559614872013,37.407,122.0,0.05146,0.533,3.34623796
1559614872059,37.453,122.0,0.05146,0.533,3.34623796
1559614872121,37.515,122.0,0.05078,0.535,3.3144106
1559614872167,37.561,122.0,0.05078,0.535,3.3144106
1559614872213,37.607,122.0,0.05078,0.535,3.3144106
1559614872259,37.653,122.0,0.05078,0.535,3.3144106
1559614872321,37.715,122.0,0.05096,0.533,3.31372496
1559614872367,37.762,122.0,0.05096,0.533,3.31372496
1559614872414,37.808,122.0,0.05096,0.533,3.31372496
1559614872460,37.854,122.0,0.05096,0.533,3.31372496
1559614872521,37.915,122.0,0.05071,0.536,3.31602832
1559614872567,37.961,122.0,0.05071,0.536,3.31602832
1559614872613,38.007,122.0,0.05071,0.536,3.31602832
1559614872659,38.053,122.0,0.05071,0.536,3.31602832
1559614872721,38.116,122.0,0.0508,0.534,3.3095184
1559614872768,38.162,122.0,0.0508,0.534,3.3095184
1559614872814,38.208,122.0,0.0508,0.534,3.3095184
1559614872860,38.254,122.0,0.0508,0.534,3.3095184
1559614872921,38.315,122.0,0.05078,0.534,3.30821544
1559614872968,38.362,122.0,0.05078,0.534,3.30821544
1559614873014,38.408,122.0,0.05078,0.534,3.30821544
1559614873060,38.454,122.0,0.05078,0.534,3.30821544
1559614873121,38.515,121.9,0.05115,0.535,3.335823975
1559614873167,38.561,121.9,0.05115,0.535,3.335823975
1559614873213,38.607,121.9,0.05115,0.535,3.335823975
1559614873259,38.653,121.9,0.05115,0.535,3.335823975
1559614873321,38.715,122.0,0.05093,0.535,3.3242011
1559614873367,38.761,122.0,0.05093,0.535,3.3242011
1559614873413,38.807,122.0,0.05093,0.535,3.3242011
1559614873459,38.853,122.0,0.05093,0.535,3.3242011
1559614873522,38.916,122.0,0.05069,0.536,3.31472048
1559614873568,38.962,122.0,0.05069,0.536,3.31472048
1559614873614,39.008,122.0,0.05069,0.536,3.31472048
1559614873660,39.054,122.0,0.05069,0.536,3.31472048
1559614873721,39.115,122.0,0.05074,0.535,3.3117998
1559614873768,39.162,122.0,0.05074,0.535,3.3117998
1559614873814,39.208,122.0,0.05074,0.535,3.3117998
1559614873860,39.254,122.0,0.05074,0.535,3.3117998
1559614873921,39.315,122.0,0.0508,0.534,3.3095184
1559614873967,39.362,122.0,0.0508,0.534,3.3095184
1559614874014,39.408,122.0,0.0508,0.534,3.3095184
1559614874060,39.454,122.0,0.0508,0.534,3.3095184
1559614874121,39.515,122.0,0.05085,0.535,3.3189795
1559614874167,39.561,122.0,0.05085,0.535,3.3189795
1559614874213,39.607,122.0,0.05085,0.535,3.3189795
1559614874259,39.653,122.0,0.05085,0.535,3.3189795
1559614874321,39.715,122.0,0.05108,0.533,3.32152808
1559614874367,39.761,122.0,0.05108,0.533,3.32152808
1559614874413,39.807,122.0,0.05108,0.533,3.32152808
1559614874459,39.853,122.0,0.05108,0.533,3.32152808
1559614874521,39.915,122.0,0.05084,0.534,3.31212432
1559614874567,39.961,122.0,0.05084,0.534,3.31212432
1559614874613,40.007,122.0,0.05084,0.534,3.31212432
1559614874659,40.053,122.0,0.05084,0.534,3.31212432
1559614874722,40.116,122.0,0.05103,0.533,3.31827678
1559614874768,40.162,122.0,0.05103,0.533,3.31827678
1559614874814,40.208,122.0,0.05103,0.533,3.31827678
1559614874860,40.254,122.0,0.05103,0.533,3.31827678
1559614874921,40.315,122.0,0.05097,0.533,3.31437522
1559614874967,40.361,122.0,0.05097,0.533,3.31437522
1559614875013,40.407,122.0,0.05097,0.533,3.31437522
1559614875059,40.453,122.0,0.05097,0.533,3.31437522
1559614875120,40.514,122.0,0.05109,0.532,3.31594536
1559614875166,40.56,122.0,0.05109,0.532,3.31594536
1559614875212,40.607,122.0,0.05109,0.532,3.31594536
1559614875259,40.653,122.0,0.05109,0.532,3.31594536
1559614875321,40.715,122.0,0.05107,0.533,3.32087782
1559614875367,40.761,122.0,0.05107,0.533,3.32087782
1559614875413,40.808,122.0,0.05107,0.533,3.32087782
1559614875460,40.854,122.0,0.05107,0.533,3.32087782
1559614875521,40.915,122.0,0.05124,0.535,3.3444348
1559614875567,40.961,122.0,0.05124,0.535,3.3444348
1559614875613,41.007,122.0,0.05124,0.535,3.3444348
1559614875659,41.053,122.0,0.05124,0.535,3.3444348
1559614875720,41.114,122.0,0.05096,0.534,3.31994208
1559614875766,41.16,122.0,0.05096,0.534,3.31994208
1559614875812,41.206,122.0,0.05096,0.534,3.31994208
1559614875858,41.252,122.0,0.05096,0.534,3.31994208
1559614875921,41.315,122.0,0.05175,0.535,3.3777225
1559614875966,41.36,122.0,0.05175,0.535,3.3777225
1559614876013,41.407,122.0,0.05175,0.535,3.3777225
1559614876059,41.453,122.0,0.05175,0.535,3.3777225
1559614876121,41.515,121.9,0.05204,0.534,3.387522984
1559614876167,41.561,121.9,0.05204,0.534,3.387522984
1559614876213,41.607,121.9,0.05204,0.534,3.387522984
1559614876259,41.653,121.9,0.05204,0.534,3.387522984
1559614876321,41.715,121.9,0.052,0.535,3.391258
1559614876367,41.762,121.9,0.052,0.535,3.391258
1559614876414,41.808,121.9,0.052,0.535,3.391258
1559614876460,41.854,121.9,0.052,0.535,3.391258
1559614876521,41.915,122.0,0.05168,0.537,3.38576352
1559614876567,41.961,122.0,0.05168,0.537,3.38576352
1559614876613,42.007,122.0,0.05168,0.537,3.38576352
1559614876659,42.054,122.0,0.05168,0.537,3.38576352
1559614876721,42.115,122.0,0.05164,0.537,3.38314296
1559614876767,42.161,122.0,0.05164,0.537,3.38314296
1559614876813,42.207,122.0,0.05164,0.537,3.38314296
1559614876859,42.253,122.0,0.05164,0.537,3.38314296
1559614876921,42.315,122.0,0.0514,0.534,3.3486072
1559614876966,42.361,122.0,0.0514,0.534,3.3486072
1559614877013,42.407,122.0,0.0514,0.534,3.3486072
1559614877059,42.453,122.0,0.0514,0.534,3.3486072
1559614877121,42.515,122.0,0.05104,0.532,3.31270016
1559614877167,42.561,122.0,0.05104,0.532,3.31270016
1559614877213,42.607,122.0,0.05104,0.532,3.31270016
1559614877259,42.654,122.0,0.05104,0.532,3.31270016
1559614877321,42.715,122.0,0.05143,0.53,3.3254638
1559614877367,42.761,122.0,0.05143,0.53,3.3254638
1559614877413,42.807,122.0,0.05143,0.53,3.3254638
1559614877459,42.853,122.0,0.05143,0.53,3.3254638
1559614877520,42.914,122.0,0.0512,0.53,3.310592
1559614877566,42.96,122.0,0.0512,0.53,3.310592
1559614877612,43.006,122.0,0.0512,0.53,3.310592
1559614877658,43.052,122.0,0.0512,0.53,3.310592
1559614877721,43.115,122.0,0.05141,0.53,3.3241706
1559614877766,43.16,122.0,0.05141,0.53,3.3241706
1559614877812,43.207,122.0,0.05141,0.53,3.3241706
1559614877859,43.253,122.0,0.05141,0.53,3.3241706
1559614877921,43.315,122.0,0.05107,0.532,3.31464728
1559614877967,43.361,122.0,0.05107,0.532,3.31464728
1559614878013,43.407,122.0,0.05107,0.532,3.31464728
1559614878059,43.453,122.0,0.05107,0.532,3.31464728
1559614878120,43.514,122.0,0.05108,0.537,3.34645512
1559614878166,43.56,122.0,0.05108,0.537,3.34645512
1559614878212,43.606,122.0,0.05108,0.537,3.34645512
1559614878259,43.653,122.0,0.05108,0.537,3.34645512
1559614878321,43.715,122.0,0.05098,0.534,3.32124504
1559614878367,43.761,122.0,0.05098,0.534,3.32124504
1559614878414,43.808,122.0,0.05098,0.534,3.32124504
1559614878460,43.854,122.0,0.05098,0.534,3.32124504
1559614878521,43.915,122.0,0.05065,0.536,3.3121048
1559614878567,43.961,122.0,0.05065,0.536,3.3121048
1559614878613,44.007,122.0,0.05065,0.536,3.3121048
1559614878659,44.053,122.0,0.05065,0.536,3.3121048
1559614878721,44.115,122.0,0.0508,0.535,3.315716
1559614878767,44.161,122.0,0.0508,0.535,3.315716
1559614878813,44.207,122.0,0.0508,0.535,3.315716
1559614878859,44.253,122.0,0.0508,0.535,3.315716
1559614878920,44.314,122.0,0.05069,0.535,3.3085363
1559614878966,44.36,122.0,0.05069,0.535,3.3085363
1559614879013,44.407,122.0,0.05069,0.535,3.3085363
1559614879059,44.453,122.0,0.05069,0.535,3.3085363
1559614879120,44.514,122.0,0.05052,0.538,3.31593072
1559614879166,44.56,122.0,0.05052,0.538,3.31593072
1559614879212,44.606,122.0,0.05052,0.538,3.31593072
1559614879259,44.653,122.0,0.05052,0.538,3.31593072
1559614879321,44.715,122.0,0.05086,0.536,3.32583712
1559614879367,44.761,122.0,0.05086,0.536,3.32583712
1559614879413,44.807,122.0,0.05086,0.536,3.32583712
1559614879459,44.853,122.0,0.05086,0.536,3.32583712
1559614879520,44.914,122.0,0.05069,0.536,3.31472048
1559614879566,44.96,122.0,0.05069,0.536,3.31472048
1559614879612,45.006,122.0,0.05069,0.536,3.31472048
1559614879658,45.052,122.0,0.05069,0.536,3.31472048
1559614879721,45.115,122.0,0.05089,0.534,3.31538172
1559614879767,45.161,122.0,0.05089,0.534,3.31538172
1559614879813,45.207,122.0,0.05089,0.534,3.31538172
1559614879859,45.253,122.0,0.05089,0.534,3.31538172
1559614879921,45.315,122.0,0.0509,0.533,3.3098234
1559614879967,45.361,122.0,0.0509,0.533,3.3098234
1559614880013,45.407,122.0,0.0509,0.533,3.3098234
1559614880059,45.453,122.0,0.0509,0.533,3.3098234
1559614880120,45.514,121.9,0.05099,0.533,3.312957973
1559614880166,45.56,121.9,0.05099,0.533,3.312957973
1559614880212,45.606,121.9,0.05099,0.533,3.312957973
1559614880258,45.652,121.9,0.05099,0.533,3.312957973
1559614880320,45.714,121.9,0.05124,0.533,3.329201148
1559614880366,45.76,121.9,0.05124,0.533,3.329201148
1559614880412,45.806,121.9,0.05124,0.533,3.329201148
1559614880459,45.853,121.9,0.05124,0.533,3.329201148
1559614880521,45.915,121.9,0.05202,0.534,3.386221092
1559614880567,45.961,121.9,0.05202,0.534,3.386221092
1559614880613,46.007,121.9,0.05202,0.534,3.386221092
1559614880660,46.054,121.9,0.05202,0.534,3.386221092
1559614880721,46.115,122.0,0.05215,0.533,3.3911059
1559614880767,46.161,122.0,0.05215,0.533,3.3911059
1559614880813,46.207,122.0,0.05215,0.533,3.3911059
1559614880859,46.253,122.0,0.05215,0.533,3.3911059
1559614880920,46.314,122.0,0.05176,0.536,3.38468992
1559614880966,46.36,122.0,0.05176,0.536,3.38468992
1559614881012,46.406,122.0,0.05176,0.536,3.38468992
1559614881058,46.452,122.0,0.05176,0.536,3.38468992
1559614881120,46.514,121.9,0.05165,0.537,3.381024495
1559614881166,46.56,121.9,0.05165,0.537,3.381024495
1559614881213,46.607,121.9,0.05165,0.537,3.381024495
1559614881259,46.653,121.9,0.05165,0.537,3.381024495
1559614881321,46.715,121.9,0.05186,0.535,3.38212769
1559614881367,46.761,121.9,0.05186,0.535,3.38212769
1559614881413,46.807,121.9,0.05186,0.535,3.38212769
1559614881459,46.853,121.9,0.05186,0.535,3.38212769
1559614881520,46.914,122.0,0.05195,0.535,3.3907765
1559614881566,46.96,122.0,0.05195,0.535,3.3907765
1559614881612,47.006,122.0,0.05195,0.535,3.3907765
1559614881658,47.052,122.0,0.05195,0.535,3.3907765
1559614881721,47.115,122.0,0.05192,0.533,3.37614992
1559614881767,47.161,122.0,0.05192,0.533,3.37614992
1559614881813,47.207,122.0,0.05192,0.533,3.37614992
1559614881859,47.253,122.0,0.05192,0.533,3.37614992
1559614881920,47.314,122.0,0.05158,0.538,3.38550488
1559614881966,47.36,122.0,0.05158,0.538,3.38550488
1559614882012,47.406,122.0,0.05158,0.538,3.38550488
1559614882058,47.452,122.0,0.05158,0.538,3.38550488
1559614882120,47.514,122.0,0.05163,0.538,3.38878668
1559614882166,47.56,122.0,0.05163,0.538,3.38878668
1559614882212,47.606,122.0,0.05163,0.538,3.38878668
1559614882259,47.653,122.0,0.05163,0.538,3.38878668
1559614882320,47.714,122.0,0.05201,0.534,3.38834748
1559614882366,47.76,122.0,0.05201,0.534,3.38834748
1559614882412,47.806,122.0,0.05201,0.534,3.38834748
1559614882458,47.852,122.0,0.05201,0.534,3.38834748
1559614882520,47.914,122.0,0.05196,0.535,3.3914292
1559614882567,47.961,122.0,0.05196,0.535,3.3914292
1559614882613,48.007,122.0,0.05196,0.535,3.3914292
1559614882659,48.053,122.0,0.05196,0.535,3.3914292
1559614882720,48.114,122.0,0.05174,0.536,3.38338208
1559614882766,48.16,122.0,0.05174,0.536,3.38338208
1559614882812,48.206,122.0,0.05174,0.536,3.38338208
1559614882858,48.252,122.0,0.05174,0.536,3.38338208
1559614882920,48.314,122.0,0.05178,0.536,3.38599776
1559614882966,48.36,122.0,0.05178,0.536,3.38599776
1559614883012,48.406,122.0,0.05178,0.536,3.38599776
1559614883059,48.453,122.0,0.05178,0.536,3.38599776
1559614883120,48.514,122.0,0.05185,0.535,3.3842495
1559614883166,48.56,122.0,0.05185,0.535,3.3842495
1559614883212,48.606,122.0,0.05185,0.535,3.3842495
1559614883258,48.652,122.0,0.05185,0.535,3.3842495
1559614883320,48.714,122.0,0.0518,0.536,3.3873056
1559614883367,48.761,122.0,0.0518,0.536,3.3873056
1559614883413,48.807,122.0,0.0518,0.536,3.3873056
1559614883459,48.853,122.0,0.0518,0.536,3.3873056
1559614883520,48.914,122.0,0.052,0.534,3.387696
1559614883566,48.96,122.0,0.052,0.534,3.387696
1559614883612,49.006,122.0,0.052,0.534,3.387696
1559614883658,49.052,122.0,0.052,0.534,3.387696
1559614883720,49.114,122.0,0.05184,0.536,3.38992128
1559614883766,49.16,122.0,0.05184,0.536,3.38992128
1559614883813,49.207,122.0,0.05184,0.536,3.38992128
1559614883859,49.253,122.0,0.05184,0.536,3.38992128
1559614883920,49.314,122.0,0.05159,0.538,3.38616124
1559614883966,49.36,122.0,0.05159,0.538,3.38616124
1559614884012,49.406,122.0,0.05159,0.538,3.38616124
1559614884058,49.452,122.0,0.05159,0.538,3.38616124
1559614884121,49.515,122.0,0.05154,0.537,3.37659156
1559614884167,49.561,122.0,0.05154,0.537,3.37659156
1559614884213,49.607,122.0,0.05154,0.537,3.37659156
1559614884259,49.653,122.0,0.05154,0.537,3.37659156
1559614884320,49.714,121.9,0.0518,0.536,3.38452912
1559614884366,49.76,121.9,0.0518,0.536,3.38452912
1559614884413,49.807,121.9,0.0518,0.536,3.38452912
1559614884459,49.853,121.9,0.0518,0.536,3.38452912
1559614884520,49.914,121.9,0.05165,0.539,3.393616765
1559614884566,49.96,121.9,0.05165,0.539,3.393616765
1559614884612,50.006,121.9,0.05165,0.539,3.393616765
1559614884658,50.052,121.9,0.05165,0.539,3.393616765
1559614884721,50.115,122.0,0.05166,0.536,3.37815072
1559614884767,50.161,122.0,0.05166,0.536,3.37815072
1559614884813,50.207,122.0,0.05166,0.536,3.37815072
1559614884859,50.253,122.0,0.05166,0.536,3.37815072
1559614884920,50.314,122.0,0.05173,0.537,3.38903922
1559614884967,50.361,122.0,0.05173,0.537,3.38903922
1559614885013,50.407,122.0,0.05173,0.537,3.38903922
1559614885059,50.453,122.0,0.05173,0.537,3.38903922
1559614885120,50.514,122.0,0.05147,0.539,3.38456426
1559614885166,50.56,122.0,0.05147,0.539,3.38456426
1559614885212,50.606,122.0,0.05147,0.539,3.38456426
1559614885258,50.652,122.0,0.05147,0.539,3.38456426
1559614885320,50.714,121.9,0.05179,0.536,3.383875736
1559614885365,50.759,121.9,0.05179,0.536,3.383875736
1559614885412,50.806,121.9,0.05179,0.536,3.383875736
1559614885458,50.852,121.9,0.05179,0.536,3.383875736
1559614885520,50.914,122.0,0.05188,0.536,3.39253696
1559614885566,50.96,122.0,0.05188,0.536,3.39253696
1559614885612,51.006,122.0,0.05188,0.536,3.39253696
1559614885658,51.052,122.0,0.05188,0.536,3.39253696
1559614885720,51.114,122.0,0.05175,0.537,3.3903495
1559614885766,51.16,122.0,0.05175,0.537,3.3903495
1559614885813,51.207,122.0,0.05175,0.537,3.3903495
1559614885859,51.253,122.0,0.05175,0.537,3.3903495
1559614885920,51.314,122.0,0.05173,0.535,3.3764171
1559614885966,51.36,122.0,0.05173,0.535,3.3764171
1559614886012,51.406,122.0,0.05173,0.535,3.3764171
1559614886058,51.452,122.0,0.05173,0.535,3.3764171
1559614886119,51.513,122.0,0.05191,0.536,3.39449872
1559614886165,51.559,122.0,0.05191,0.536,3.39449872
1559614886212,51.606,122.0,0.05191,0.536,3.39449872
1559614886258,51.652,122.0,0.05191,0.536,3.39449872
1559614886320,51.714,121.9,0.05201,0.534,3.385570146
1559614886367,51.761,121.9,0.05201,0.534,3.385570146
1559614886413,51.807,121.9,0.05201,0.534,3.385570146
1559614886459,51.853,121.9,0.05201,0.534,3.385570146
1559614886520,51.914,122.0,0.05177,0.536,3.38534384
1559614886566,51.96,122.0,0.05177,0.536,3.38534384
1559614886612,52.006,122.0,0.05177,0.536,3.38534384
1559614886658,52.052,122.0,0.05177,0.536,3.38534384
1559614886719,52.113,122.0,0.05194,0.536,3.39646048
1559614886765,52.159,122.0,0.05194,0.536,3.39646048
1559614886812,52.206,122.0,0.05194,0.536,3.39646048
1559614886858,52.252,122.0,0.05194,0.536,3.39646048
1559614886920,52.314,122.0,0.05209,0.534,3.39355932
1559614886966,52.36,122.0,0.05209,0.534,3.39355932
1559614887012,52.406,122.0,0.05209,0.534,3.39355932
1559614887059,52.453,122.0,0.05209,0.534,3.39355932
1559614887120,52.514,122.0,0.05204,0.533,3.38395304
1559614887166,52.56,122.0,0.05204,0.533,3.38395304
1559614887212,52.606,122.0,0.05204,0.533,3.38395304
1559614887258,52.652,122.0,0.05204,0.533,3.38395304
1559614887319,52.713,122.0,0.05213,0.532,3.38344552
1559614887365,52.759,122.0,0.05213,0.532,3.38344552
1559614887411,52.805,122.0,0.05213,0.532,3.38344552
1559614887458,52.852,122.0,0.05213,0.532,3.38344552
1559614887520,52.914,122.0,0.05202,0.534,3.38899896
1559614887566,52.96,122.0,0.05202,0.534,3.38899896
1559614887613,53.007,122.0,0.05202,0.534,3.38899896
1559614887659,53.053,122.0,0.05202,0.534,3.38899896
1559614887720,53.114,122.0,0.05201,0.533,3.38200226
1559614887766,53.16,122.0,0.05201,0.533,3.38200226
1559614887812,53.206,122.0,0.05201,0.533,3.38200226
1559614887859,53.253,122.0,0.05201,0.533,3.38200226
1559614887920,53.314,122.0,0.05198,0.534,3.38639304
1559614887966,53.36,122.0,0.05198,0.534,3.38639304
1559614888012,53.406,122.0,0.05198,0.534,3.38639304
1559614888058,53.453,122.0,0.05198,0.534,3.38639304
1559614888120,53.514,122.0,0.05226,0.532,3.39188304
1559614888166,53.56,122.0,0.05226,0.532,3.39188304
1559614888212,53.606,122.0,0.05226,0.532,3.39188304
1559614888258,53.652,122.0,0.05226,0.532,3.39188304
1559614888319,53.713,121.9,0.0522,0.532,3.38521176
1559614888365,53.759,121.9,0.0522,0.532,3.38521176
1559614888412,53.806,121.9,0.0522,0.532,3.38521176
1559614888458,53.852,121.9,0.0522,0.532,3.38521176
1559614888519,53.913,121.9,0.05201,0.535,3.391910165
1559614888565,53.959,121.9,0.05201,0.535,3.391910165
1559614888611,54.005,121.9,0.05201,0.535,3.391910165
1559614888657,54.051,121.9,0.05201,0.535,3.391910165
1559614888720,54.114,122.0,0.0521,0.534,3.3942108
1559614888766,54.16,122.0,0.0521,0.534,3.3942108
1559614888812,54.206,122.0,0.0521,0.534,3.3942108
1559614888858,54.252,122.0,0.0521,0.534,3.3942108
1559614888919,54.313,122.0,0.05185,0.534,3.3779238
1559614888965,54.359,122.0,0.05185,0.534,3.3779238
1559614889011,54.405,122.0,0.05185,0.534,3.3779238
1559614889057,54.451,122.0,0.05185,0.534,3.3779238
1559614889120,54.514,122.0,0.052,0.534,3.387696
1559614889166,54.56,122.0,0.052,0.534,3.387696
1559614889212,54.606,122.0,0.052,0.534,3.387696
1559614889258,54.652,122.0,0.052,0.534,3.387696
1559614889320,54.714,121.9,0.05196,0.535,3.38864934
1559614889366,54.76,121.9,0.05196,0.535,3.38864934
1559614889413,54.807,121.9,0.05196,0.535,3.38864934
1559614889459,54.853,121.9,0.05196,0.535,3.38864934
1559614889520,54.914,122.0,0.05179,0.536,3.38665168
1559614889566,54.96,122.0,0.05179,0.536,3.38665168
1559614889612,55.006,122.0,0.05179,0.536,3.38665168
1559614889658,55.052,122.0,0.05179,0.536,3.38665168
1559614889719,55.113,122.0,0.05183,0.537,3.39559062
1559614889766,55.16,122.0,0.05183,0.537,3.39559062
1559614889812,55.206,122.0,0.05183,0.537,3.39559062
1559614889858,55.252,122.0,0.05183,0.537,3.39559062
1559614889919,55.313,122.0,0.05178,0.537,3.39231492
1559614889965,55.359,122.0,0.05178,0.537,3.39231492
1559614890011,55.405,122.0,0.05178,0.537,3.39231492
1559614890057,55.451,122.0,0.05178,0.537,3.39231492
1559614890120,55.514,122.0,0.05161,0.537,3.38117754
1559614890166,55.56,122.0,0.05161,0.537,3.38117754
1559614890212,55.606,122.0,0.05161,0.537,3.38117754
1559614890258,55.652,122.0,0.05161,0.537,3.38117754
1559614890320,55.714,121.9,0.05164,0.538,3.386664808
1559614890366,55.76,121.9,0.05164,0.538,3.386664808
1559614890412,55.806,121.9,0.05164,0.538,3.386664808
1559614890458,55.852,121.9,0.05164,0.538,3.386664808
1559614890519,55.913,122.0,0.05176,0.537,3.39100464
1559614890566,55.96,122.0,0.05176,0.537,3.39100464
1559614890612,56.006,122.0,0.05176,0.537,3.39100464
1559614890658,56.052,122.0,0.05176,0.537,3.39100464
1559614890720,56.114,122.0,0.05168,0.537,3.38576352
1559614890766,56.16,122.0,0.05168,0.537,3.38576352
1559614890812,56.206,122.0,0.05168,0.537,3.38576352
1559614890859,56.253,122.0,0.05168,0.537,3.38576352
1559614890920,56.314,122.0,0.05546,0.545,3.6875354
1559614890966,56.36,122.0,0.05546,0.545,3.6875354
1559614891012,56.406,122.0,0.05546,0.545,3.6875354
1559614891059,56.453,122.0,0.05546,0.545,3.6875354
1559614891120,56.514,122.0,0.05178,0.536,3.38599776
1559614891166,56.56,122.0,0.05178,0.536,3.38599776
1559614891212,56.606,122.0,0.05178,0.536,3.38599776
1559614891258,56.652,122.0,0.05178,0.536,3.38599776
1559614891319,56.713,122.0,0.05205,0.532,3.3782532
1559614891365,56.759,122.0,0.05205,0.532,3.3782532
1559614891412,56.806,122.0,0.05205,0.532,3.3782532
1559614891458,56.852,122.0,0.05205,0.532,3.3782532
1559614891520,56.914,122.0,0.05116,0.533,3.32673016
