# Mon Jun 03 19:55:45 2019
abstime,time_stamp,volt,curr,pf,mul
1559616945671,0.078,121.9,0.05129,0.526,3.288684026
1559616945719,0.126,121.9,0.06004,0.548,4.010744048
1559616945765,0.172,121.9,0.06004,0.548,4.010744048
1559616945810,0.217,121.9,0.06004,0.548,4.010744048
1559616945856,0.263,121.9,0.06004,0.548,4.010744048
1559616945906,0.313,121.9,0.05998,0.541,3.955555042
1559616945952,0.359,121.9,0.05998,0.541,3.955555042
1559616945998,0.405,121.9,0.05998,0.541,3.955555042
1559616946044,0.451,121.9,0.05998,0.541,3.955555042
1559616946105,0.512,121.9,0.0599,0.545,3.97948645
1559616946151,0.558,121.9,0.0599,0.545,3.97948645
1559616946197,0.604,121.9,0.0599,0.545,3.97948645
1559616946242,0.649,121.9,0.0599,0.545,3.97948645
1559616946305,0.712,121.9,0.06024,0.543,3.987388008
1559616946351,0.758,121.9,0.06024,0.543,3.987388008
1559616946397,0.804,121.9,0.06024,0.543,3.987388008
1559616946443,0.85,121.9,0.06024,0.543,3.987388008
1559616946506,0.913,121.9,0.06,0.545,3.98613
1559616946552,0.959,121.9,0.06,0.545,3.98613
1559616946598,1.005,121.9,0.06,0.545,3.98613
1559616946644,1.051,121.9,0.06,0.545,3.98613
1559616946705,1.112,121.9,0.05674,0.536,3.707300816
1559616946751,1.158,121.9,0.05674,0.536,3.707300816
1559616946797,1.204,121.9,0.05674,0.536,3.707300816
1559616946843,1.25,121.9,0.05674,0.536,3.707300816
1559616946905,1.313,121.9,0.05159,0.525,3.301631025
1559616946952,1.359,121.9,0.05159,0.525,3.301631025
1559616946998,1.405,121.9,0.05159,0.525,3.301631025
1559616947044,1.451,121.9,0.05159,0.525,3.301631025
1559616947105,1.512,122.0,0.05127,0.527,3.29635338
1559616947151,1.558,122.0,0.05127,0.527,3.29635338
1559616947197,1.604,122.0,0.05127,0.527,3.29635338
1559616947243,1.65,122.0,0.05127,0.527,3.29635338
1559616947306,1.713,122.0,0.05115,0.528,3.2948784
1559616947352,1.759,122.0,0.05115,0.528,3.2948784
1559616947398,1.805,122.0,0.05115,0.528,3.2948784
1559616947444,1.851,122.0,0.05115,0.528,3.2948784
1559616947505,1.912,122.0,0.05134,0.528,3.30711744
1559616947551,1.958,122.0,0.05134,0.528,3.30711744
1559616947597,2.004,122.0,0.05134,0.528,3.30711744
1559616947643,2.05,122.0,0.05134,0.528,3.30711744
1559616947705,2.112,121.9,0.05124,0.527,3.291724212
1559616947751,2.158,121.9,0.05124,0.527,3.291724212
1559616947797,2.205,121.9,0.05124,0.527,3.291724212
1559616947844,2.251,121.9,0.05124,0.527,3.291724212
1559616947905,2.312,121.9,0.05141,0.525,3.290111475
1559616947950,2.357,121.9,0.05141,0.525,3.290111475
1559616947997,2.404,121.9,0.05141,0.525,3.290111475
1559616948043,2.45,121.9,0.05141,0.525,3.290111475
1559616948105,2.512,121.9,0.05166,0.523,3.293516142
1559616948151,2.558,121.9,0.05166,0.523,3.293516142
1559616948197,2.605,121.9,0.05166,0.523,3.293516142
1559616948244,2.651,121.9,0.05166,0.523,3.293516142
1559616948305,2.712,121.9,0.0517,0.522,3.28976406
1559616948350,2.758,121.9,0.0517,0.522,3.28976406
1559616948397,2.804,121.9,0.0517,0.522,3.28976406
1559616948443,2.85,121.9,0.0517,0.522,3.28976406
1559616948505,2.912,121.9,0.05159,0.523,3.289053383
1559616948551,2.958,121.9,0.05159,0.523,3.289053383
1559616948597,3.004,121.9,0.05159,0.523,3.289053383
1559616948643,3.05,121.9,0.05159,0.523,3.289053383
1559616948706,3.113,121.9,0.05185,0.521,3.292988315
1559616948752,3.159,121.9,0.05185,0.521,3.292988315
1559616948798,3.205,121.9,0.05185,0.521,3.292988315
1559616948844,3.251,121.9,0.05185,0.521,3.292988315
1559616948905,3.312,121.9,0.05174,0.521,3.286002226
1559616948951,3.358,121.9,0.05174,0.521,3.286002226
1559616948997,3.404,121.9,0.05174,0.521,3.286002226
1559616949043,3.45,121.9,0.05174,0.521,3.286002226
1559616949105,3.512,121.9,0.05185,0.523,3.305629345
1559616949151,3.558,121.9,0.05185,0.523,3.305629345
1559616949197,3.604,121.9,0.05185,0.523,3.305629345
1559616949243,3.65,121.9,0.05185,0.523,3.305629345
1559616949305,3.712,121.9,0.05164,0.523,3.292241068
1559616949351,3.758,121.9,0.05164,0.523,3.292241068
1559616949397,3.804,121.9,0.05164,0.523,3.292241068
1559616949443,3.85,121.9,0.05164,0.523,3.292241068
1559616949506,3.913,121.9,0.0516,0.522,3.28340088
1559616949552,3.959,121.9,0.0516,0.522,3.28340088
1559616949598,4.006,121.9,0.0516,0.522,3.28340088
1559616949644,4.051,121.9,0.0516,0.522,3.28340088
1559616949705,4.112,121.9,0.05163,0.522,3.285309834
1559616949752,4.159,121.9,0.05163,0.522,3.285309834
1559616949798,4.205,121.9,0.05163,0.522,3.285309834
1559616949844,4.251,121.9,0.05163,0.522,3.285309834
1559616949905,4.312,121.9,0.05185,0.521,3.292988315
1559616949951,4.358,121.9,0.05185,0.521,3.292988315
1559616949997,4.404,121.9,0.05185,0.521,3.292988315
1559616950043,4.45,121.9,0.05185,0.521,3.292988315
1559616950104,4.511,121.9,0.05171,0.522,3.290400378
1559616950150,4.557,121.9,0.05171,0.522,3.290400378
1559616950196,4.604,121.9,0.05171,0.522,3.290400378
1559616950243,4.65,121.9,0.05171,0.522,3.290400378
1559616950305,4.712,121.9,0.05169,0.523,3.295428753
1559616950351,4.758,121.9,0.05169,0.523,3.295428753
1559616950397,4.804,121.9,0.05169,0.523,3.295428753
1559616950443,4.85,121.9,0.05169,0.523,3.295428753
1559616950505,4.912,121.9,0.05179,0.522,3.295490922
1559616950550,4.957,121.9,0.05179,0.522,3.295490922
1559616950596,5.003,121.9,0.05179,0.522,3.295490922
1559616950643,5.05,121.9,0.05179,0.522,3.295490922
1559616950705,5.112,121.9,0.05141,0.525,3.290111475
1559616950751,5.158,121.9,0.05141,0.525,3.290111475
1559616950797,5.204,121.9,0.05141,0.525,3.290111475
1559616950843,5.25,121.9,0.05141,0.525,3.290111475
1559616950904,5.311,121.9,0.05124,0.526,3.285478056
1559616950950,5.357,121.9,0.05124,0.526,3.285478056
1559616950996,5.403,121.9,0.05124,0.526,3.285478056
1559616951043,5.45,121.9,0.05124,0.526,3.285478056
1559616951105,5.512,122.0,0.05131,0.528,3.30518496
1559616951151,5.558,122.0,0.05131,0.528,3.30518496
1559616951197,5.604,122.0,0.05131,0.528,3.30518496
1559616951243,5.65,122.0,0.05131,0.528,3.30518496
1559616951305,5.712,122.0,0.05113,0.529,3.29982794
1559616951351,5.758,122.0,0.05113,0.529,3.29982794
1559616951397,5.804,122.0,0.05113,0.529,3.29982794
1559616951443,5.85,122.0,0.05113,0.529,3.29982794
1559616951504,5.911,122.0,0.05135,0.525,3.2889675
1559616951550,5.957,122.0,0.05135,0.525,3.2889675
1559616951596,6.003,122.0,0.05135,0.525,3.2889675
1559616951643,6.05,122.0,0.05135,0.525,3.2889675
1559616951705,6.112,121.9,0.05685,0.531,3.679837965
1559616951751,6.158,121.9,0.05685,0.531,3.679837965
1559616951797,6.204,121.9,0.05685,0.531,3.679837965
1559616951844,6.251,121.9,0.05685,0.531,3.679837965
1559616951905,6.312,121.9,0.05251,0.526,3.366909694
1559616951951,6.358,121.9,0.05251,0.526,3.366909694
1559616951997,6.404,121.9,0.05251,0.526,3.366909694
1559616952043,6.45,121.9,0.05251,0.526,3.366909694
1559616952105,6.512,121.9,0.05147,0.526,3.300225518
1559616952151,6.558,121.9,0.05147,0.526,3.300225518
1559616952198,6.605,121.9,0.05147,0.526,3.300225518
1559616952244,6.651,121.9,0.05147,0.526,3.300225518
1559616952305,6.712,121.9,0.05154,0.524,3.292148424
1559616952351,6.758,121.9,0.05154,0.524,3.292148424
1559616952397,6.804,121.9,0.05154,0.524,3.292148424
1559616952444,6.851,121.9,0.05154,0.524,3.292148424
1559616952505,6.912,121.9,0.05144,0.524,3.285760864
1559616952551,6.958,121.9,0.05144,0.524,3.285760864
1559616952597,7.004,121.9,0.05144,0.524,3.285760864
1559616952643,7.05,121.9,0.05144,0.524,3.285760864
1559616952704,7.111,121.9,0.05135,0.525,3.286271625
1559616952750,7.157,121.9,0.05135,0.525,3.286271625
1559616952796,7.203,121.9,0.05135,0.525,3.286271625
1559616952843,7.25,121.9,0.05135,0.525,3.286271625
1559616952905,7.312,121.9,0.05126,0.527,3.293009038
1559616952951,7.358,121.9,0.05126,0.527,3.293009038
1559616952997,7.404,121.9,0.05126,0.527,3.293009038
1559616953043,7.45,121.9,0.05126,0.527,3.293009038
1559616953104,7.511,121.9,0.05102,0.529,3.290029802
1559616953151,7.558,121.9,0.05102,0.529,3.290029802
1559616953197,7.604,121.9,0.05102,0.529,3.290029802
1559616953243,7.65,121.9,0.05102,0.529,3.290029802
1559616953304,7.711,121.9,0.05114,0.528,3.291534048
1559616953350,7.757,121.9,0.05114,0.528,3.291534048
1559616953396,7.803,121.9,0.05114,0.528,3.291534048
1559616953442,7.849,121.9,0.05114,0.528,3.291534048
1559616953505,7.912,121.9,0.05146,0.526,3.299584324
1559616953551,7.958,121.9,0.05146,0.526,3.299584324
1559616953598,8.005,121.9,0.05146,0.526,3.299584324
1559616953644,8.051,121.9,0.05146,0.526,3.299584324
1559616953705,8.112,121.9,0.0513,0.526,3.28932522
1559616953751,8.158,121.9,0.0513,0.526,3.28932522
1559616953797,8.204,121.9,0.0513,0.526,3.28932522
1559616953843,8.25,121.9,0.0513,0.526,3.28932522
1559616953904,8.311,121.9,0.05247,0.523,3.345156639
1559616953950,8.357,121.9,0.05247,0.523,3.345156639
1559616953996,8.403,121.9,0.05247,0.523,3.345156639
1559616954042,8.449,121.9,0.05247,0.523,3.345156639
1559616954105,8.512,121.9,0.05197,0.524,3.319614932
1559616954151,8.558,121.9,0.05197,0.524,3.319614932
1559616954197,8.604,121.9,0.05197,0.524,3.319614932
1559616954243,8.65,121.9,0.05197,0.524,3.319614932
1559616954304,8.711,121.9,0.05203,0.524,3.323447468
1559616954350,8.757,121.9,0.05203,0.524,3.323447468
1559616954397,8.804,121.9,0.05203,0.524,3.323447468
1559616954443,8.85,121.9,0.05203,0.524,3.323447468
1559616954504,8.911,121.9,0.05198,0.524,3.320253688
1559616954550,8.957,121.9,0.05198,0.524,3.320253688
1559616954596,9.003,121.9,0.05198,0.524,3.320253688
1559616954642,9.049,121.9,0.05198,0.524,3.320253688
1559616954705,9.112,121.9,0.05221,0.522,3.322216278
1559616954751,9.158,121.9,0.05221,0.522,3.322216278
1559616954797,9.204,121.9,0.05221,0.522,3.322216278
1559616954843,9.25,121.9,0.05221,0.522,3.322216278
1559616954904,9.311,121.9,0.05219,0.522,3.320943642
1559616954950,9.357,121.9,0.05219,0.522,3.320943642
1559616954996,9.403,121.9,0.05219,0.522,3.320943642
1559616955042,9.449,121.9,0.05219,0.522,3.320943642
1559616955105,9.512,121.9,0.05204,0.525,3.3304299
1559616955151,9.558,121.9,0.05204,0.525,3.3304299
1559616955197,9.604,121.9,0.05204,0.525,3.3304299
1559616955243,9.65,121.9,0.05204,0.525,3.3304299
1559616955304,9.711,121.9,0.05194,0.525,3.32403015
1559616955350,9.757,121.9,0.05194,0.525,3.32403015
1559616955396,9.803,121.9,0.05194,0.525,3.32403015
1559616955442,9.849,121.9,0.05194,0.525,3.32403015
1559616955504,9.911,121.9,0.0519,0.525,3.32147025
1559616955550,9.957,121.9,0.0519,0.525,3.32147025
1559616955596,10.003,121.9,0.0519,0.525,3.32147025
1559616955643,10.05,121.9,0.0519,0.525,3.32147025
1559616955704,10.111,121.9,0.05218,0.522,3.320307324
1559616955750,10.157,121.9,0.05218,0.522,3.320307324
1559616955796,10.203,121.9,0.05218,0.522,3.320307324
1559616955842,10.249,121.9,0.05218,0.522,3.320307324
1559616955904,10.311,121.9,0.05205,0.524,3.32472498
1559616955950,10.357,121.9,0.05205,0.524,3.32472498
1559616955997,10.404,121.9,0.05205,0.524,3.32472498
1559616956043,10.45,121.9,0.05205,0.524,3.32472498
1559616956104,10.511,121.9,0.05231,0.521,3.322202869
1559616956150,10.557,121.9,0.05231,0.521,3.322202869
1559616956196,10.603,121.9,0.05231,0.521,3.322202869
1559616956242,10.649,121.9,0.05231,0.521,3.322202869
1559616956304,10.711,121.9,0.05212,0.523,3.322842844
1559616956350,10.757,121.9,0.05212,0.523,3.322842844
1559616956396,10.803,121.9,0.05212,0.523,3.322842844
1559616956442,10.849,121.9,0.05212,0.523,3.322842844
1559616956504,10.911,121.9,0.05208,0.525,3.3329898
1559616956550,10.957,121.9,0.05208,0.525,3.3329898
1559616956597,11.004,121.9,0.05208,0.525,3.3329898
1559616956643,11.05,121.9,0.05208,0.525,3.3329898
1559616956704,11.111,121.9,0.05256,0.527,3.376522728
1559616956750,11.157,121.9,0.05256,0.527,3.376522728
1559616956796,11.203,121.9,0.05256,0.527,3.376522728
1559616956842,11.249,121.9,0.05256,0.527,3.376522728
1559616956905,11.312,121.9,0.05173,0.528,3.329508336
1559616956951,11.358,121.9,0.05173,0.528,3.329508336
1559616956997,11.404,121.9,0.05173,0.528,3.329508336
1559616957043,11.45,121.9,0.05173,0.528,3.329508336
1559616957104,11.511,121.9,0.05164,0.527,3.317420732
1559616957150,11.557,121.9,0.05164,0.527,3.317420732
1559616957196,11.603,121.9,0.05164,0.527,3.317420732
1559616957243,11.65,121.9,0.05164,0.527,3.317420732
1559616957304,11.711,121.9,0.05216,0.523,3.325392992
1559616957350,11.757,121.9,0.05216,0.523,3.325392992
1559616957396,11.803,121.9,0.05216,0.523,3.325392992
1559616957442,11.849,121.9,0.05216,0.523,3.325392992
1559616957504,11.911,121.9,0.05213,0.526,3.342544322
1559616957552,11.959,121.9,0.05213,0.526,3.342544322
1559616957598,12.005,121.9,0.05213,0.526,3.342544322
1559616957644,12.051,121.9,0.05213,0.526,3.342544322
1559616957704,12.111,121.9,0.05202,0.524,3.322808712
1559616957750,12.157,121.9,0.05202,0.524,3.322808712
1559616957796,12.203,121.9,0.05202,0.524,3.322808712
1559616957842,12.249,121.9,0.05202,0.524,3.322808712
1559616957904,12.311,121.9,0.05166,0.527,3.318705558
1559616957950,12.357,121.9,0.05166,0.527,3.318705558
1559616957996,12.403,121.9,0.05166,0.527,3.318705558
1559616958042,12.449,121.9,0.05166,0.527,3.318705558
1559616958104,12.511,121.9,0.05196,0.526,3.331644024
1559616958150,12.557,121.9,0.05196,0.526,3.331644024
1559616958195,12.602,121.9,0.05196,0.526,3.331644024
1559616958241,12.648,121.9,0.05196,0.526,3.331644024
1559616958304,12.711,121.9,0.05184,0.525,3.3176304
1559616958350,12.757,121.9,0.05184,0.525,3.3176304
1559616958396,12.803,121.9,0.05184,0.525,3.3176304
1559616958443,12.85,121.9,0.05184,0.525,3.3176304
1559616958504,12.911,122.0,0.05185,0.526,3.3273182
1559616958550,12.957,122.0,0.05185,0.526,3.3273182
1559616958596,13.003,122.0,0.05185,0.526,3.3273182
1559616958642,13.049,122.0,0.05185,0.526,3.3273182
1559616958704,13.111,121.9,0.05176,0.526,3.318820144
1559616958750,13.157,121.9,0.05176,0.526,3.318820144
1559616958796,13.203,121.9,0.05176,0.526,3.318820144
1559616958843,13.25,121.9,0.05176,0.526,3.318820144
1559616958904,13.311,121.9,0.05148,0.529,3.319692948
1559616958950,13.357,121.9,0.05148,0.529,3.319692948
1559616958996,13.403,121.9,0.05148,0.529,3.319692948
1559616959042,13.449,121.9,0.05148,0.529,3.319692948
1559616959105,13.512,121.9,0.05163,0.527,3.316778319
1559616959152,13.559,121.9,0.05163,0.527,3.316778319
1559616959198,13.605,121.9,0.05163,0.527,3.316778319
1559616959244,13.651,121.9,0.05163,0.527,3.316778319
1559616959304,13.711,122.0,0.05216,0.522,3.32175744
1559616959352,13.759,122.0,0.05216,0.522,3.32175744
1559616959398,13.805,122.0,0.05216,0.522,3.32175744
1559616959444,13.851,122.0,0.05216,0.522,3.32175744
1559616959504,13.911,122.0,0.05238,0.521,3.32937756
1559616959550,13.957,122.0,0.05238,0.521,3.32937756
1559616959596,14.003,122.0,0.05238,0.521,3.32937756
1559616959642,14.049,122.0,0.05238,0.521,3.32937756
1559616959704,14.111,121.9,0.05191,0.526,3.328438054
1559616959749,14.156,121.9,0.05191,0.526,3.328438054
1559616959796,14.203,121.9,0.05191,0.526,3.328438054
1559616959842,14.249,121.9,0.05191,0.526,3.328438054
1559616959904,14.311,121.9,0.05192,0.525,3.3227502
1559616959950,14.357,121.9,0.05192,0.525,3.3227502
1559616959996,14.403,121.9,0.05192,0.525,3.3227502
1559616960042,14.449,121.9,0.05192,0.525,3.3227502
1559616960103,14.51,121.9,0.05196,0.524,3.318976176
1559616960150,14.557,121.9,0.05196,0.524,3.318976176
1559616960196,14.603,121.9,0.05196,0.524,3.318976176
1559616960242,14.649,121.9,0.05196,0.524,3.318976176
1559616960304,14.711,121.9,0.05203,0.524,3.323447468
1559616960351,14.758,121.9,0.05203,0.524,3.323447468
1559616960397,14.804,121.9,0.05203,0.524,3.323447468
1559616960443,14.85,121.9,0.05203,0.524,3.323447468
1559616960504,14.911,121.9,0.05213,0.522,3.317125734
1559616960550,14.957,121.9,0.05213,0.522,3.317125734
1559616960596,15.003,121.9,0.05213,0.522,3.317125734
1559616960643,15.05,121.9,0.05213,0.522,3.317125734
1559616960704,15.111,121.9,0.0521,0.524,3.32791876
1559616960750,15.157,121.9,0.0521,0.524,3.32791876
1559616960796,15.203,121.9,0.0521,0.524,3.32791876
1559616960842,15.249,121.9,0.0521,0.524,3.32791876
1559616960903,15.31,121.9,0.05197,0.524,3.319614932
1559616960949,15.356,121.9,0.05197,0.524,3.319614932
1559616960995,15.402,121.9,0.05197,0.524,3.319614932
1559616961041,15.448,121.9,0.05197,0.524,3.319614932
1559616961104,15.511,121.9,0.05212,0.524,3.329196272
1559616961149,15.556,121.9,0.05212,0.524,3.329196272
1559616961196,15.603,121.9,0.05212,0.524,3.329196272
1559616961242,15.649,121.9,0.05212,0.524,3.329196272
1559616961303,15.71,121.9,0.05206,0.523,3.319017622
1559616961349,15.756,121.9,0.05206,0.523,3.319017622
1559616961396,15.803,121.9,0.05206,0.523,3.319017622
1559616961442,15.849,121.9,0.05206,0.523,3.319017622
1559616961504,15.911,121.9,0.05201,0.524,3.322169956
1559616961550,15.957,121.9,0.05201,0.524,3.322169956
1559616961596,16.003,121.9,0.05201,0.524,3.322169956
1559616961642,16.049,121.9,0.05201,0.524,3.322169956
1559616961703,16.11,121.9,0.05212,0.523,3.322842844
1559616961749,16.157,121.9,0.05212,0.523,3.322842844
1559616961796,16.203,121.9,0.05212,0.523,3.322842844
1559616961842,16.249,121.9,0.05212,0.523,3.322842844
1559616961903,16.31,121.9,0.05222,0.522,3.322852596
1559616961949,16.356,121.9,0.05222,0.522,3.322852596
1559616961995,16.402,121.9,0.05222,0.522,3.322852596
1559616962041,16.448,121.9,0.05222,0.522,3.322852596
1559616962104,16.511,121.9,0.05211,0.523,3.322205307
1559616962150,16.557,121.9,0.05211,0.523,3.322205307
1559616962196,16.603,121.9,0.05211,0.523,3.322205307
1559616962242,16.649,121.9,0.05211,0.523,3.322205307
1559616962303,16.71,121.9,0.05214,0.522,3.317762052
1559616962350,16.757,121.9,0.05214,0.522,3.317762052
1559616962396,16.803,121.9,0.05214,0.522,3.317762052
1559616962442,16.849,121.9,0.05214,0.522,3.317762052
1559616962503,16.91,121.9,0.05188,0.526,3.326514472
1559616962549,16.956,121.9,0.05188,0.526,3.326514472
1559616962595,17.002,121.9,0.05188,0.526,3.326514472
1559616962641,17.048,121.9,0.05188,0.526,3.326514472
1559616962703,17.11,121.9,0.05243,0.524,3.348997708
1559616962749,17.156,121.9,0.05243,0.524,3.348997708
1559616962796,17.203,121.9,0.05243,0.524,3.348997708
1559616962842,17.249,121.9,0.05243,0.524,3.348997708
1559616962904,17.311,121.9,0.05188,0.525,3.3201903
1559616962951,17.358,121.9,0.05188,0.525,3.3201903
1559616962997,17.404,121.9,0.05188,0.525,3.3201903
1559616963044,17.451,121.9,0.05188,0.525,3.3201903
1559616963103,17.51,121.9,0.05204,0.523,3.317742548
1559616963149,17.556,121.9,0.05204,0.523,3.317742548
1559616963196,17.603,121.9,0.05204,0.523,3.317742548
1559616963242,17.649,121.9,0.05204,0.523,3.317742548
1559616963304,17.711,121.9,0.05201,0.524,3.322169956
1559616963351,17.758,121.9,0.05201,0.524,3.322169956
1559616963397,17.804,121.9,0.05201,0.524,3.322169956
1559616963444,17.851,121.9,0.05201,0.524,3.322169956
1559616963504,17.911,122.0,0.05186,0.525,3.321633
1559616963550,17.957,122.0,0.05186,0.525,3.321633
1559616963596,18.003,122.0,0.05186,0.525,3.321633
1559616963642,18.049,122.0,0.05186,0.525,3.321633
1559616963703,18.11,122.0,0.05198,0.524,3.32297744
1559616963749,18.156,122.0,0.05198,0.524,3.32297744
1559616963795,18.202,122.0,0.05198,0.524,3.32297744
1559616963841,18.248,122.0,0.05198,0.524,3.32297744
1559616963904,18.311,121.9,0.05205,0.524,3.32472498
1559616963950,18.357,121.9,0.05205,0.524,3.32472498
1559616963996,18.403,121.9,0.05205,0.524,3.32472498
1559616964042,18.449,121.9,0.05205,0.524,3.32472498
1559616964103,18.51,121.9,0.05209,0.524,3.327280004
1559616964149,18.556,121.9,0.05209,0.524,3.327280004
1559616964195,18.602,121.9,0.05209,0.524,3.327280004
1559616964241,18.648,121.9,0.05209,0.524,3.327280004
1559616964304,18.711,121.9,0.05193,0.524,3.317059908
1559616964351,18.758,121.9,0.05193,0.524,3.317059908
1559616964397,18.804,121.9,0.05193,0.524,3.317059908
1559616964443,18.85,121.9,0.05193,0.524,3.317059908
1559616964503,18.91,121.9,0.05179,0.526,3.320743726
1559616964549,18.956,121.9,0.05179,0.526,3.320743726
1559616964595,19.002,121.9,0.05179,0.526,3.320743726
1559616964641,19.048,121.9,0.05179,0.526,3.320743726
1559616964704,19.111,121.9,0.05187,0.526,3.325873278
1559616964750,19.157,121.9,0.05187,0.526,3.325873278
1559616964796,19.203,121.9,0.05187,0.526,3.325873278
1559616964842,19.249,121.9,0.05187,0.526,3.325873278
1559616964903,19.31,121.9,0.05201,0.524,3.322169956
1559616964949,19.356,121.9,0.05201,0.524,3.322169956
1559616964995,19.402,121.9,0.05201,0.524,3.322169956
1559616965042,19.449,121.9,0.05201,0.524,3.322169956
1559616965104,19.511,121.9,0.05235,0.521,3.324743265
1559616965150,19.557,121.9,0.05235,0.521,3.324743265
1559616965196,19.603,121.9,0.05235,0.521,3.324743265
1559616965242,19.649,121.9,0.05235,0.521,3.324743265
1559616965303,19.71,121.9,0.0521,0.523,3.32156777
1559616965349,19.756,121.9,0.0521,0.523,3.32156777
1559616965395,19.802,121.9,0.0521,0.523,3.32156777
1559616965441,19.848,121.9,0.0521,0.523,3.32156777
1559616965504,19.911,121.9,0.05201,0.525,3.328509975
1559616965550,19.957,121.9,0.05201,0.525,3.328509975
1559616965596,20.003,121.9,0.05201,0.525,3.328509975
1559616965642,20.049,121.9,0.05201,0.525,3.328509975
1559616965703,20.11,121.9,0.05212,0.523,3.322842844
1559616965749,20.156,121.9,0.05212,0.523,3.322842844
1559616965795,20.202,121.9,0.05212,0.523,3.322842844
1559616965841,20.248,121.9,0.05212,0.523,3.322842844
1559616965904,20.311,121.9,0.05196,0.525,3.3253101
1559616965950,20.357,121.9,0.05196,0.525,3.3253101
1559616965996,20.403,121.9,0.05196,0.525,3.3253101
1559616966042,20.449,121.9,0.05196,0.525,3.3253101
1559616966103,20.51,121.9,0.05179,0.526,3.320743726
1559616966149,20.556,121.9,0.05179,0.526,3.320743726
1559616966195,20.602,121.9,0.05179,0.526,3.320743726
1559616966241,20.649,121.9,0.05179,0.526,3.320743726
1559616966305,20.712,121.9,0.05176,0.527,3.325129688
1559616966351,20.758,121.9,0.05176,0.527,3.325129688
1559616966397,20.804,121.9,0.05176,0.527,3.325129688
1559616966443,20.85,121.9,0.05176,0.527,3.325129688
1559616966504,20.911,121.9,0.05209,0.523,3.320930233
1559616966550,20.957,121.9,0.05209,0.523,3.320930233
1559616966596,21.003,121.9,0.05209,0.523,3.320930233
1559616966642,21.049,121.9,0.05209,0.523,3.320930233
1559616966705,21.112,121.9,0.05208,0.523,3.320292696
1559616966751,21.158,121.9,0.05208,0.523,3.320292696
1559616966797,21.204,121.9,0.05208,0.523,3.320292696
1559616966843,21.25,121.9,0.05208,0.523,3.320292696
1559616966904,21.311,121.9,0.05206,0.525,3.33170985
1559616966950,21.357,121.9,0.05206,0.525,3.33170985
1559616966996,21.403,121.9,0.05206,0.525,3.33170985
1559616967042,21.449,121.9,0.05206,0.525,3.33170985
1559616967103,21.511,121.9,0.05197,0.525,3.325950075
1559616967149,21.557,121.9,0.05197,0.525,3.325950075
1559616967195,21.602,121.9,0.05197,0.525,3.325950075
1559616967241,21.648,121.9,0.05197,0.525,3.325950075
1559616967304,21.711,121.9,0.05198,0.524,3.320253688
1559616967350,21.757,121.9,0.05198,0.524,3.320253688
1559616967396,21.803,121.9,0.05198,0.524,3.320253688
1559616967442,21.849,121.9,0.05198,0.524,3.320253688
1559616967503,21.91,122.0,0.05201,0.524,3.32489528
1559616967549,21.956,122.0,0.05201,0.524,3.32489528
1559616967595,22.002,122.0,0.05201,0.524,3.32489528
1559616967642,22.049,122.0,0.05201,0.524,3.32489528
1559616967704,22.111,121.9,0.05203,0.523,3.317105011
1559616967750,22.157,121.9,0.05203,0.523,3.317105011
1559616967796,22.203,121.9,0.05203,0.523,3.317105011
1559616967842,22.249,121.9,0.05203,0.523,3.317105011
1559616967904,22.311,121.9,0.05168,0.523,3.294791216
1559616967950,22.357,121.9,0.05168,0.523,3.294791216
1559616967996,22.403,121.9,0.05168,0.523,3.294791216
1559616968042,22.449,121.9,0.05168,0.523,3.294791216
1559616968104,22.511,121.9,0.05132,0.526,3.290607608
1559616968150,22.557,121.9,0.05132,0.526,3.290607608
1559616968196,22.603,121.9,0.05132,0.526,3.290607608
1559616968243,22.65,121.9,0.05132,0.526,3.290607608
1559616968304,22.711,121.9,0.05142,0.525,3.29075145
1559616968350,22.757,121.9,0.05142,0.525,3.29075145
1559616968396,22.803,121.9,0.05142,0.525,3.29075145
1559616968442,22.849,121.9,0.05142,0.525,3.29075145
1559616968503,22.91,121.9,0.05169,0.523,3.295428753
1559616968549,22.956,121.9,0.05169,0.523,3.295428753
1559616968595,23.002,121.9,0.05169,0.523,3.295428753
1559616968642,23.049,121.9,0.05169,0.523,3.295428753
1559616968704,23.111,121.9,0.05173,0.522,3.291673014
1559616968750,23.157,121.9,0.05173,0.522,3.291673014
1559616968796,23.203,121.9,0.05173,0.522,3.291673014
1559616968842,23.249,121.9,0.05173,0.522,3.291673014
1559616968904,23.311,121.9,0.05159,0.523,3.289053383
1559616968949,23.356,121.9,0.05159,0.523,3.289053383
1559616968996,23.403,121.9,0.05159,0.523,3.289053383
1559616969042,23.449,121.9,0.05159,0.523,3.289053383
1559616969104,23.511,121.9,0.05147,0.524,3.287677132
1559616969150,23.557,121.9,0.05147,0.524,3.287677132
1559616969196,23.603,121.9,0.05147,0.524,3.287677132
1559616969242,23.649,121.9,0.05147,0.524,3.287677132
1559616969304,23.711,121.9,0.05149,0.524,3.288954644
1559616969350,23.757,121.9,0.05149,0.524,3.288954644
1559616969396,23.803,121.9,0.05149,0.524,3.288954644
1559616969442,23.849,121.9,0.05149,0.524,3.288954644
1559616969503,23.91,121.9,0.05171,0.522,3.290400378
1559616969550,23.957,121.9,0.05171,0.522,3.290400378
1559616969596,24.003,121.9,0.05171,0.522,3.290400378
1559616969642,24.049,121.9,0.05171,0.522,3.290400378
1559616969703,24.11,121.9,0.05163,0.522,3.285309834
1559616969749,24.156,121.9,0.05163,0.522,3.285309834
1559616969795,24.202,121.9,0.05163,0.522,3.285309834
1559616969841,24.248,121.9,0.05163,0.522,3.285309834
1559616969903,24.31,121.9,0.05152,0.524,3.290870912
1559616969949,24.356,121.9,0.05152,0.524,3.290870912
1559616969994,24.401,121.9,0.05152,0.524,3.290870912
1559616970040,24.447,121.9,0.05152,0.524,3.290870912
1559616970103,24.51,121.9,0.05144,0.526,3.298301936
1559616970149,24.556,121.9,0.05144,0.526,3.298301936
1559616970195,24.602,121.9,0.05144,0.526,3.298301936
1559616970241,24.648,121.9,0.05144,0.526,3.298301936
1559616970303,24.71,121.9,0.05117,0.527,3.287227321
1559616970350,24.757,121.9,0.05117,0.527,3.287227321
1559616970396,24.803,121.9,0.05117,0.527,3.287227321
1559616970442,24.849,121.9,0.05117,0.527,3.287227321
1559616970503,24.91,121.9,0.05144,0.525,3.2920314
1559616970549,24.956,121.9,0.05144,0.525,3.2920314
1559616970595,25.002,121.9,0.05144,0.525,3.2920314
1559616970641,25.048,121.9,0.05144,0.525,3.2920314
1559616970702,25.109,121.9,0.05168,0.522,3.288491424
1559616970749,25.156,121.9,0.05168,0.522,3.288491424
1559616970795,25.202,121.9,0.05168,0.522,3.288491424
1559616970841,25.248,121.9,0.05168,0.522,3.288491424
1559616970902,25.309,121.9,0.05138,0.525,3.28819155
1559616970948,25.355,121.9,0.05138,0.525,3.28819155
1559616970994,25.401,121.9,0.05138,0.525,3.28819155
1559616971040,25.447,121.9,0.05138,0.525,3.28819155
1559616971102,25.509,121.9,0.05144,0.525,3.2920314
1559616971148,25.555,121.9,0.05144,0.525,3.2920314
1559616971194,25.601,121.9,0.05144,0.525,3.2920314
1559616971240,25.647,121.9,0.05144,0.525,3.2920314
1559616971302,25.709,121.9,0.05167,0.522,3.287855106
1559616971349,25.756,121.9,0.05167,0.522,3.287855106
1559616971395,25.802,121.9,0.05167,0.522,3.287855106
1559616971441,25.848,121.9,0.05167,0.522,3.287855106
1559616971503,25.91,121.9,0.05161,0.524,3.296619716
1559616971549,25.956,121.9,0.05161,0.524,3.296619716
1559616971595,26.002,121.9,0.05161,0.524,3.296619716
1559616971641,26.048,121.9,0.05161,0.524,3.296619716
1559616971702,26.109,121.9,0.0518,0.521,3.28981282
1559616971749,26.156,121.9,0.0518,0.521,3.28981282
1559616971795,26.202,121.9,0.0518,0.521,3.28981282
1559616971841,26.248,121.9,0.0518,0.521,3.28981282
1559616971902,26.309,121.9,0.052,0.524,3.3215312
1559616971948,26.355,121.9,0.052,0.524,3.3215312
1559616971994,26.401,121.9,0.052,0.524,3.3215312
1559616972041,26.448,121.9,0.052,0.524,3.3215312
1559616972103,26.51,121.9,0.05175,0.527,3.324487275
1559616972149,26.556,121.9,0.05175,0.527,3.324487275
1559616972195,26.602,121.9,0.05175,0.527,3.324487275
1559616972241,26.648,121.9,0.05175,0.527,3.324487275
1559616972303,26.71,121.9,0.05171,0.527,3.321917623
1559616972349,26.756,121.9,0.05171,0.527,3.321917623
1559616972395,26.802,121.9,0.05171,0.527,3.321917623
1559616972441,26.848,121.9,0.05171,0.527,3.321917623
1559616972502,26.909,121.9,0.05198,0.524,3.320253688
1559616972549,26.956,121.9,0.05198,0.524,3.320253688
1559616972595,27.002,121.9,0.05198,0.524,3.320253688
1559616972641,27.048,121.9,0.05198,0.524,3.320253688
1559616972702,27.109,121.9,0.05213,0.522,3.317125734
1559616972748,27.155,121.9,0.05213,0.522,3.317125734
1559616972794,27.201,121.9,0.05213,0.522,3.317125734
1559616972840,27.247,121.9,0.05213,0.522,3.317125734
1559616972903,27.31,121.9,0.05225,0.522,3.32476155
1559616972949,27.356,121.9,0.05225,0.522,3.32476155
1559616972995,27.402,121.9,0.05225,0.522,3.32476155
1559616973041,27.448,121.9,0.05225,0.522,3.32476155
1559616973102,27.509,121.9,0.05463,0.529,3.522821013
1559616973148,27.555,121.9,0.05463,0.529,3.522821013
1559616973194,27.601,121.9,0.05463,0.529,3.522821013
1559616973240,27.647,121.9,0.05463,0.529,3.522821013
1559616973302,27.709,121.9,0.05498,0.528,3.538688736
1559616973348,27.755,121.9,0.05498,0.528,3.538688736
1559616973394,27.801,121.9,0.05498,0.528,3.538688736
1559616973440,27.847,121.9,0.05498,0.528,3.538688736
1559616973503,27.91,121.9,0.05182,0.522,3.297399876
1559616973549,27.956,121.9,0.05182,0.522,3.297399876
1559616973595,28.002,121.9,0.05182,0.522,3.297399876
1559616973641,28.048,121.9,0.05182,0.522,3.297399876
1559616973702,28.109,121.9,0.05167,0.524,3.300452252
1559616973748,28.155,121.9,0.05167,0.524,3.300452252
1559616973794,28.201,121.9,0.05167,0.524,3.300452252
1559616973840,28.247,121.9,0.05167,0.524,3.300452252
1559616973902,28.309,121.9,0.05143,0.527,3.303930059
1559616973949,28.356,121.9,0.05143,0.527,3.303930059
1559616973995,28.402,121.9,0.05143,0.527,3.303930059
1559616974041,28.448,121.9,0.05143,0.527,3.303930059
1559616974102,28.509,121.9,0.0514,0.527,3.30200282
1559616974148,28.555,121.9,0.0514,0.527,3.30200282
1559616974194,28.601,121.9,0.0514,0.527,3.30200282
1559616974240,28.647,121.9,0.0514,0.527,3.30200282
1559616974303,28.71,121.9,0.0516,0.525,3.302271
1559616974349,28.756,121.9,0.0516,0.525,3.302271
1559616974395,28.802,121.9,0.0516,0.525,3.302271
1559616974441,28.848,121.9,0.0516,0.525,3.302271
1559616974503,28.91,121.9,0.0521,0.524,3.32791876
1559616974549,28.956,121.9,0.0521,0.524,3.32791876
1559616974595,29.002,121.9,0.0521,0.524,3.32791876
1559616974640,29.047,121.9,0.0521,0.524,3.32791876
1559616974702,29.109,121.9,0.05215,0.519,3.299327115
1559616974748,29.155,121.9,0.05215,0.519,3.299327115
1559616974795,29.202,121.9,0.05215,0.519,3.299327115
1559616974841,29.248,121.9,0.05215,0.519,3.299327115
1559616974902,29.309,121.9,0.05177,0.522,3.294218286
1559616974948,29.355,121.9,0.05177,0.522,3.294218286
1559616974994,29.401,121.9,0.05177,0.522,3.294218286
1559616975040,29.447,121.9,0.05177,0.522,3.294218286
1559616975102,29.509,121.9,0.0515,0.525,3.29587125
1559616975148,29.556,121.9,0.0515,0.525,3.29587125
1559616975195,29.602,121.9,0.0515,0.525,3.29587125
1559616975241,29.648,121.9,0.0515,0.525,3.29587125
1559616975302,29.709,121.9,0.05173,0.525,3.310590675
1559616975348,29.755,121.9,0.05173,0.525,3.310590675
1559616975394,29.801,121.9,0.05173,0.525,3.310590675
1559616975440,29.847,121.9,0.05173,0.525,3.310590675
1559616975503,29.91,121.9,0.05191,0.525,3.322110225
1559616975549,29.956,121.9,0.05191,0.525,3.322110225
1559616975595,30.002,121.9,0.05191,0.525,3.322110225
1559616975640,30.047,121.9,0.05191,0.525,3.322110225
1559616975702,30.109,121.9,0.05186,0.522,3.299945148
1559616975748,30.155,121.9,0.05186,0.522,3.299945148
1559616975795,30.202,121.9,0.05186,0.522,3.299945148
1559616975841,30.248,121.9,0.05186,0.522,3.299945148
1559616975902,30.309,121.9,0.05189,0.527,3.333481057
1559616975948,30.355,121.9,0.05189,0.527,3.333481057
1559616975994,30.401,121.9,0.05189,0.527,3.333481057
1559616976039,30.446,121.9,0.05189,0.527,3.333481057
1559616976102,30.509,121.8,0.05668,0.536,3.700342464
1559616976148,30.555,121.8,0.05668,0.536,3.700342464
1559616976195,30.602,121.8,0.05668,0.536,3.700342464
1559616976241,30.648,121.8,0.05668,0.536,3.700342464
1559616976302,30.709,121.8,0.05149,0.526,3.298799532
1559616976348,30.755,121.8,0.05149,0.526,3.298799532
1559616976394,30.801,121.8,0.05149,0.526,3.298799532
1559616976440,30.847,121.8,0.05149,0.526,3.298799532
1559616976502,30.909,121.9,0.05185,0.523,3.305629345
1559616976548,30.955,121.9,0.05185,0.523,3.305629345
1559616976594,31.001,121.9,0.05185,0.523,3.305629345
1559616976640,31.047,121.9,0.05185,0.523,3.305629345
1559616976703,31.11,121.9,0.05196,0.521,3.299974404
1559616976749,31.156,121.9,0.05196,0.521,3.299974404
1559616976795,31.202,121.9,0.05196,0.521,3.299974404
1559616976841,31.248,121.9,0.05196,0.521,3.299974404
1559616976902,31.309,121.9,0.05193,0.521,3.298069107
1559616976948,31.355,121.9,0.05193,0.521,3.298069107
1559616976994,31.401,121.9,0.05193,0.521,3.298069107
1559616977040,31.447,121.9,0.05193,0.521,3.298069107
1559616977102,31.51,121.9,0.05193,0.522,3.304399374
1559616977149,31.556,121.9,0.05193,0.522,3.304399374
1559616977195,31.602,121.9,0.05193,0.522,3.304399374
1559616977241,31.648,121.9,0.05193,0.522,3.304399374
1559616977302,31.709,121.9,0.05177,0.523,3.300529049
1559616977348,31.755,121.9,0.05177,0.523,3.300529049
1559616977394,31.801,121.9,0.05177,0.523,3.300529049
1559616977440,31.847,121.9,0.05177,0.523,3.300529049
1559616977502,31.91,121.9,0.05206,0.521,3.306325394
1559616977549,31.956,121.9,0.05206,0.521,3.306325394
1559616977594,32.002,121.9,0.05206,0.521,3.306325394
1559616977641,32.048,121.9,0.05206,0.521,3.306325394
1559616977702,32.109,121.9,0.05181,0.522,3.296763558
1559616977748,32.155,121.9,0.05181,0.522,3.296763558
1559616977794,32.201,121.9,0.05181,0.522,3.296763558
1559616977841,32.248,121.9,0.05181,0.522,3.296763558
1559616977902,32.309,121.9,0.05177,0.523,3.300529049
1559616977948,32.355,121.9,0.05177,0.523,3.300529049
1559616977994,32.401,121.9,0.05177,0.523,3.300529049
1559616978040,32.447,121.9,0.05177,0.523,3.300529049
1559616978102,32.509,121.9,0.05164,0.524,3.298535984
1559616978148,32.555,121.9,0.05164,0.524,3.298535984
1559616978194,32.601,121.9,0.05164,0.524,3.298535984
1559616978240,32.647,121.9,0.05164,0.524,3.298535984
1559616978302,32.709,121.9,0.0518,0.523,3.30244166
1559616978347,32.755,121.9,0.0518,0.523,3.30244166
1559616978394,32.801,121.9,0.0518,0.523,3.30244166
1559616978440,32.847,121.9,0.0518,0.523,3.30244166
1559616978502,32.909,121.9,0.05195,0.521,3.299339305
1559616978548,32.955,121.9,0.05195,0.521,3.299339305
1559616978594,33.001,121.9,0.05195,0.521,3.299339305
1559616978640,33.047,121.9,0.05195,0.521,3.299339305
1559616978702,33.109,121.9,0.05194,0.521,3.298704206
1559616978747,33.155,121.9,0.05194,0.521,3.298704206
1559616978794,33.201,121.9,0.05194,0.521,3.298704206
1559616978840,33.247,121.9,0.05194,0.521,3.298704206
1559616978902,33.309,121.9,0.05196,0.521,3.299974404
1559616978948,33.355,121.9,0.05196,0.521,3.299974404
1559616978994,33.401,121.9,0.05196,0.521,3.299974404
1559616979041,33.448,121.9,0.05196,0.521,3.299974404
1559616979102,33.509,121.8,0.05175,0.524,3.3028506
1559616979147,33.554,121.8,0.05175,0.524,3.3028506
1559616979193,33.6,121.8,0.05175,0.524,3.3028506
1559616979239,33.647,121.8,0.05175,0.524,3.3028506
1559616979302,33.709,121.8,0.05168,0.524,3.298382976
1559616979348,33.755,121.8,0.05168,0.524,3.298382976
1559616979395,33.802,121.8,0.05168,0.524,3.298382976
1559616979441,33.848,121.8,0.05168,0.524,3.298382976
1559616979502,33.909,121.9,0.05162,0.525,3.30355095
1559616979548,33.955,121.9,0.05162,0.525,3.30355095
1559616979595,34.002,121.9,0.05162,0.525,3.30355095
1559616979641,34.048,121.9,0.05162,0.525,3.30355095
1559616979702,34.109,121.9,0.05128,0.527,3.294293864
1559616979749,34.156,121.9,0.05128,0.527,3.294293864
1559616979795,34.202,121.9,0.05128,0.527,3.294293864
1559616979841,34.248,121.9,0.05128,0.527,3.294293864
1559616979901,34.308,121.9,0.05133,0.527,3.297505929
1559616979947,34.354,121.9,0.05133,0.527,3.297505929
1559616979994,34.401,121.9,0.05133,0.527,3.297505929
1559616980040,34.447,121.9,0.05133,0.527,3.297505929
1559616980102,34.509,121.8,0.05153,0.525,3.29508585
1559616980148,34.555,121.8,0.05153,0.525,3.29508585
1559616980194,34.601,121.8,0.05153,0.525,3.29508585
1559616980241,34.648,121.8,0.05153,0.525,3.29508585
1559616980301,34.708,121.8,0.05161,0.525,3.30020145
1559616980347,34.754,121.8,0.05161,0.525,3.30020145
1559616980393,34.8,121.8,0.05161,0.525,3.30020145
1559616980440,34.847,121.8,0.05161,0.525,3.30020145
1559616980502,34.909,121.9,0.05167,0.525,3.306750825
1559616980548,34.955,121.9,0.05167,0.525,3.306750825
1559616980594,35.001,121.9,0.05167,0.525,3.306750825
1559616980641,35.048,121.9,0.05167,0.525,3.306750825
1559616980702,35.109,121.9,0.05158,0.525,3.30099105
1559616980748,35.155,121.9,0.05158,0.525,3.30099105
1559616980794,35.201,121.9,0.05158,0.525,3.30099105
1559616980839,35.246,121.9,0.05158,0.525,3.30099105
1559616980902,35.309,121.9,0.05152,0.525,3.2971512
1559616980948,35.355,121.9,0.05152,0.525,3.2971512
1559616980996,35.403,121.9,0.05152,0.525,3.2971512
1559616981041,35.448,121.9,0.05152,0.525,3.2971512
1559616981101,35.508,121.9,0.05161,0.524,3.296619716
1559616981147,35.554,121.9,0.05161,0.524,3.296619716
1559616981193,35.6,121.9,0.05161,0.524,3.296619716
1559616981239,35.646,121.9,0.05161,0.524,3.296619716
1559616981301,35.708,121.9,0.05158,0.526,3.307278652
1559616981347,35.754,121.9,0.05158,0.526,3.307278652
1559616981393,35.8,121.9,0.05158,0.526,3.307278652
1559616981440,35.847,121.9,0.05158,0.526,3.307278652
1559616981502,35.909,121.9,0.05159,0.525,3.301631025
1559616981548,35.955,121.9,0.05159,0.525,3.301631025
1559616981594,36.001,121.9,0.05159,0.525,3.301631025
1559616981640,36.047,121.9,0.05159,0.525,3.301631025
1559616981701,36.108,121.9,0.05149,0.525,3.295231275
1559616981747,36.154,121.9,0.05149,0.525,3.295231275
1559616981793,36.2,121.9,0.05149,0.525,3.295231275
1559616981839,36.246,121.9,0.05149,0.525,3.295231275
1559616981902,36.309,121.9,0.05144,0.527,3.304572472
1559616981948,36.355,121.9,0.05144,0.527,3.304572472
1559616981994,36.401,121.9,0.05144,0.527,3.304572472
1559616982040,36.447,121.9,0.05144,0.527,3.304572472
1559616982102,36.509,121.9,0.05178,0.524,3.307478568
1559616982148,36.555,121.9,0.05178,0.524,3.307478568
1559616982196,36.603,121.9,0.05178,0.524,3.307478568
1559616982242,36.649,121.9,0.05178,0.524,3.307478568
1559616982301,36.708,121.9,0.0518,0.522,3.29612724
1559616982348,36.755,121.9,0.0518,0.522,3.29612724
1559616982394,36.801,121.9,0.0518,0.522,3.29612724
1559616982440,36.847,121.9,0.0518,0.522,3.29612724
1559616982501,36.908,121.9,0.05231,0.522,3.328579458
1559616982547,36.954,121.9,0.05231,0.522,3.328579458
1559616982593,37.0,121.9,0.05231,0.522,3.328579458
1559616982640,37.047,121.9,0.05231,0.522,3.328579458
1559616982702,37.109,121.9,0.05245,0.52,3.3247006
1559616982748,37.155,121.9,0.05245,0.52,3.3247006
1559616982795,37.202,121.9,0.05245,0.52,3.3247006
1559616982841,37.248,121.9,0.05245,0.52,3.3247006
1559616982901,37.308,121.9,0.05171,0.523,3.296703827
1559616982947,37.354,121.9,0.05171,0.523,3.296703827
1559616982993,37.4,121.9,0.05171,0.523,3.296703827
1559616983039,37.446,121.9,0.05171,0.523,3.296703827
1559616983101,37.509,121.8,0.0516,0.524,3.29327712
1559616983148,37.555,121.8,0.0516,0.524,3.29327712
1559616983194,37.601,121.8,0.0516,0.524,3.29327712
1559616983240,37.647,121.8,0.0516,0.524,3.29327712
1559616983301,37.708,121.8,0.05157,0.524,3.291362424
1559616983348,37.755,121.8,0.05157,0.524,3.291362424
1559616983393,37.8,121.8,0.05157,0.524,3.291362424
1559616983440,37.847,121.8,0.05157,0.524,3.291362424
1559616983502,37.909,121.9,0.05184,0.524,3.311311104
1559616983548,37.955,121.9,0.05184,0.524,3.311311104
1559616983594,38.001,121.9,0.05184,0.524,3.311311104
1559616983640,38.047,121.9,0.05184,0.524,3.311311104
1559616983701,38.108,121.9,0.05138,0.527,3.300717994
1559616983747,38.154,121.9,0.05138,0.527,3.300717994
1559616983793,38.2,121.9,0.05138,0.527,3.300717994
1559616983839,38.246,121.9,0.05138,0.527,3.300717994
1559616983902,38.309,121.8,0.05174,0.523,3.295910436
1559616983948,38.355,121.8,0.05174,0.523,3.295910436
1559616983995,38.402,121.8,0.05174,0.523,3.295910436
1559616984041,38.448,121.8,0.05174,0.523,3.295910436
1559616984101,38.508,121.8,0.05144,0.526,3.295596192
1559616984147,38.554,121.8,0.05144,0.526,3.295596192
1559616984193,38.6,121.8,0.05144,0.526,3.295596192
1559616984239,38.646,121.8,0.05144,0.526,3.295596192
1559616984302,38.709,121.8,0.0516,0.525,3.299562
1559616984348,38.755,121.8,0.0516,0.525,3.299562
1559616984395,38.802,121.8,0.0516,0.525,3.299562
1559616984441,38.848,121.8,0.0516,0.525,3.299562
1559616984501,38.908,121.9,0.05163,0.525,3.304190925
1559616984547,38.954,121.9,0.05163,0.525,3.304190925
1559616984593,39.0,121.9,0.05163,0.525,3.304190925
1559616984639,39.046,121.9,0.05163,0.525,3.304190925
1559616984702,39.109,121.9,0.0517,0.523,3.29606629
1559616984748,39.155,121.9,0.0517,0.523,3.29606629
1559616984795,39.202,121.9,0.0517,0.523,3.29606629
1559616984841,39.248,121.9,0.0517,0.523,3.29606629
1559616984901,39.308,121.9,0.05164,0.524,3.298535984
1559616984947,39.354,121.9,0.05164,0.524,3.298535984
1559616984993,39.4,121.9,0.05164,0.524,3.298535984
1559616985039,39.446,121.9,0.05164,0.524,3.298535984
1559616985102,39.509,121.9,0.05157,0.526,3.306637458
1559616985148,39.555,121.9,0.05157,0.526,3.306637458
1559616985194,39.601,121.9,0.05157,0.526,3.306637458
1559616985240,39.647,121.9,0.05157,0.526,3.306637458
1559616985301,39.708,121.8,0.05128,0.528,3.297837312
1559616985347,39.754,121.8,0.05128,0.528,3.297837312
1559616985393,39.8,121.8,0.05128,0.528,3.297837312
1559616985439,39.846,121.8,0.05128,0.528,3.297837312
1559616985501,39.908,121.9,0.05133,0.528,3.303763056
1559616985547,39.954,121.9,0.05133,0.528,3.303763056
1559616985593,40.0,121.9,0.05133,0.528,3.303763056
1559616985639,40.046,121.9,0.05133,0.528,3.303763056
1559616985702,40.109,121.9,0.05153,0.525,3.297791175
1559616985748,40.155,121.9,0.05153,0.525,3.297791175
1559616985794,40.201,121.9,0.05153,0.525,3.297791175
1559616985840,40.247,121.9,0.05153,0.525,3.297791175
1559616985901,40.308,121.9,0.05204,0.526,3.336773576
1559616985947,40.354,121.9,0.05204,0.526,3.336773576
1559616985993,40.4,121.9,0.05204,0.526,3.336773576
1559616986039,40.446,121.9,0.05204,0.526,3.336773576
1559616986102,40.509,121.9,0.05146,0.527,3.305857298
1559616986148,40.555,121.9,0.05146,0.527,3.305857298
1559616986194,40.601,121.9,0.05146,0.527,3.305857298
1559616986240,40.647,121.9,0.05146,0.527,3.305857298
1559616986301,40.708,121.9,0.05126,0.528,3.299257632
1559616986347,40.754,121.9,0.05126,0.528,3.299257632
1559616986395,40.802,121.9,0.05126,0.528,3.299257632
1559616986441,40.848,121.9,0.05126,0.528,3.299257632
1559616986502,40.909,121.9,0.05169,0.527,3.320632797
1559616986548,40.955,121.9,0.05169,0.527,3.320632797
1559616986594,41.001,121.9,0.05169,0.527,3.320632797
1559616986640,41.047,121.9,0.05169,0.527,3.320632797
1559616986701,41.108,121.9,0.05258,0.526,3.371398052
1559616986747,41.154,121.9,0.05258,0.526,3.371398052
1559616986793,41.2,121.9,0.05258,0.526,3.371398052
1559616986839,41.246,121.9,0.05258,0.526,3.371398052
1559616986902,41.309,121.9,0.05259,0.526,3.372039246
1559616986948,41.355,121.9,0.05259,0.526,3.372039246
1559616986994,41.401,121.9,0.05259,0.526,3.372039246
1559616987040,41.447,121.9,0.05259,0.526,3.372039246
1559616987101,41.508,121.9,0.05235,0.528,3.36941352
1559616987147,41.554,121.9,0.05235,0.528,3.36941352
1559616987193,41.6,121.9,0.05235,0.528,3.36941352
1559616987239,41.646,121.9,0.05235,0.528,3.36941352
1559616987302,41.709,121.9,0.05202,0.531,3.367197378
1559616987348,41.755,121.9,0.05202,0.531,3.367197378
1559616987394,41.801,121.9,0.05202,0.531,3.367197378
1559616987440,41.847,121.9,0.05202,0.531,3.367197378
1559616987501,41.908,121.9,0.05212,0.53,3.36731684
1559616987547,41.954,121.9,0.05212,0.53,3.36731684
1559616987593,42.0,121.9,0.05212,0.53,3.36731684
1559616987639,42.046,121.9,0.05212,0.53,3.36731684
1559616987701,42.108,121.9,0.05171,0.527,3.321917623
1559616987747,42.154,121.9,0.05171,0.527,3.321917623
1559616987793,42.2,121.9,0.05171,0.527,3.321917623
1559616987839,42.246,121.9,0.05171,0.527,3.321917623
1559616987901,42.308,121.8,0.05163,0.525,3.30148035
1559616987948,42.355,121.8,0.05163,0.525,3.30148035
1559616987994,42.401,121.8,0.05163,0.525,3.30148035
1559616988041,42.448,121.8,0.05163,0.525,3.30148035
1559616988101,42.508,121.8,0.05157,0.526,3.303924876
1559616988147,42.554,121.8,0.05157,0.526,3.303924876
1559616988193,42.6,121.8,0.05157,0.526,3.303924876
1559616988239,42.646,121.8,0.05157,0.526,3.303924876
1559616988301,42.708,121.8,0.05164,0.524,3.295830048
1559616988347,42.754,121.8,0.05164,0.524,3.295830048
1559616988393,42.8,121.8,0.05164,0.524,3.295830048
1559616988439,42.846,121.8,0.05164,0.524,3.295830048
1559616988501,42.908,121.9,0.05158,0.525,3.30099105
1559616988547,42.954,121.9,0.05158,0.525,3.30099105
1559616988593,43.0,121.9,0.05158,0.525,3.30099105
1559616988640,43.047,121.9,0.05158,0.525,3.30099105
1559616988700,43.107,121.9,0.05154,0.526,3.304713876
1559616988746,43.153,121.9,0.05154,0.526,3.304713876
1559616988793,43.2,121.9,0.05154,0.526,3.304713876
1559616988839,43.246,121.9,0.05154,0.526,3.304713876
1559616988901,43.308,121.9,0.0518,0.522,3.29612724
1559616988947,43.354,121.9,0.0518,0.522,3.29612724
1559616988993,43.4,121.9,0.0518,0.522,3.29612724
1559616989040,43.447,121.9,0.0518,0.522,3.29612724
1559616989101,43.508,121.8,0.05138,0.527,3.298010268
1559616989147,43.554,121.8,0.05138,0.527,3.298010268
1559616989193,43.6,121.8,0.05138,0.527,3.298010268
1559616989239,43.646,121.8,0.05138,0.527,3.298010268
1559616989301,43.708,121.8,0.05118,0.529,3.297639996
1559616989347,43.754,121.8,0.05118,0.529,3.297639996
1559616989393,43.8,121.8,0.05118,0.529,3.297639996
1559616989440,43.847,121.8,0.05118,0.529,3.297639996
1559616989501,43.908,121.9,0.05173,0.524,3.304284788
1559616989547,43.954,121.9,0.05173,0.524,3.304284788
1559616989594,44.001,121.9,0.05173,0.524,3.304284788
1559616989640,44.047,121.9,0.05173,0.524,3.304284788
1559616989701,44.108,121.9,0.052,0.521,3.3025148
1559616989747,44.154,121.9,0.052,0.521,3.3025148
1559616989794,44.201,121.9,0.052,0.521,3.3025148
1559616989840,44.247,121.9,0.052,0.521,3.3025148
1559616989901,44.308,121.9,0.05177,0.522,3.294218286
1559616989947,44.354,121.9,0.05177,0.522,3.294218286
1559616989993,44.4,121.9,0.05177,0.522,3.294218286
1559616990039,44.446,121.9,0.05177,0.522,3.294218286
1559616990100,44.507,121.9,0.05172,0.523,3.297341364
1559616990146,44.553,121.9,0.05172,0.523,3.297341364
1559616990192,44.599,121.9,0.05172,0.523,3.297341364
1559616990238,44.645,121.9,0.05172,0.523,3.297341364
1559616990301,44.708,121.9,0.05164,0.524,3.298535984
1559616990347,44.754,121.9,0.05164,0.524,3.298535984
1559616990393,44.8,121.9,0.05164,0.524,3.298535984
1559616990439,44.846,121.9,0.05164,0.524,3.298535984
1559616990500,44.907,121.9,0.05141,0.526,3.296378354
1559616990546,44.953,121.9,0.05141,0.526,3.296378354
1559616990592,44.999,121.9,0.05141,0.526,3.296378354
1559616990638,45.045,121.9,0.05141,0.526,3.296378354
1559616990700,45.107,121.9,0.05155,0.526,3.30535507
1559616990747,45.154,121.9,0.05155,0.526,3.30535507
1559616990794,45.201,121.9,0.05155,0.526,3.30535507
1559616990840,45.247,121.9,0.05155,0.526,3.30535507
1559616990901,45.308,121.9,0.05143,0.526,3.297660742
1559616990947,45.354,121.9,0.05143,0.526,3.297660742
1559616990993,45.4,121.9,0.05143,0.526,3.297660742
1559616991039,45.446,121.9,0.05143,0.526,3.297660742
1559616991100,45.507,121.9,0.05195,0.528,3.34366824
1559616991146,45.553,121.9,0.05195,0.528,3.34366824
1559616991192,45.599,121.9,0.05195,0.528,3.34366824
1559616991238,45.645,121.9,0.05195,0.528,3.34366824
1559616991301,45.708,121.9,0.05218,0.53,3.37119326
1559616991347,45.754,121.9,0.05218,0.53,3.37119326
1559616991393,45.8,121.9,0.05218,0.53,3.37119326
1559616991439,45.846,121.9,0.05218,0.53,3.37119326
1559616991500,45.907,121.9,0.05234,0.528,3.368769888
1559616991546,45.953,121.9,0.05234,0.528,3.368769888
1559616991592,45.999,121.9,0.05234,0.528,3.368769888
1559616991638,46.045,121.9,0.05234,0.528,3.368769888
1559616991700,46.107,121.9,0.05244,0.527,3.368813772
1559616991746,46.153,121.9,0.05244,0.527,3.368813772
1559616991793,46.2,121.9,0.05244,0.527,3.368813772
1559616991839,46.246,121.9,0.05244,0.527,3.368813772
1559616991901,46.308,121.9,0.05253,0.527,3.374595489
1559616991947,46.354,121.9,0.05253,0.527,3.374595489
1559616991993,46.4,121.9,0.05253,0.527,3.374595489
1559616992040,46.447,121.9,0.05253,0.527,3.374595489
1559616992101,46.508,121.9,0.05238,0.527,3.364959294
1559616992147,46.554,121.9,0.05238,0.527,3.364959294
1559616992193,46.6,121.9,0.05238,0.527,3.364959294
1559616992239,46.646,121.9,0.05238,0.527,3.364959294
1559616992301,46.708,121.8,0.05238,0.528,3.368578752
1559616992347,46.754,121.8,0.05238,0.528,3.368578752
1559616992393,46.8,121.8,0.05238,0.528,3.368578752
1559616992439,46.846,121.8,0.05238,0.528,3.368578752
1559616992500,46.907,121.9,0.05261,0.527,3.379734793
1559616992546,46.953,121.9,0.05261,0.527,3.379734793
1559616992592,46.999,121.9,0.05261,0.527,3.379734793
1559616992639,47.046,121.9,0.05261,0.527,3.379734793
1559616992701,47.108,121.9,0.05259,0.525,3.365628525
1559616992748,47.155,121.9,0.05259,0.525,3.365628525
1559616992794,47.201,121.9,0.05259,0.525,3.365628525
1559616992840,47.247,121.9,0.05259,0.525,3.365628525
1559616992901,47.308,121.9,0.05294,0.526,3.394481036
1559616992947,47.354,121.9,0.05294,0.526,3.394481036
1559616992993,47.4,121.9,0.05294,0.526,3.394481036
1559616993039,47.446,121.9,0.05294,0.526,3.394481036
1559616993101,47.508,121.9,0.05254,0.526,3.368833276
1559616993147,47.554,121.9,0.05254,0.526,3.368833276
1559616993193,47.6,121.9,0.05254,0.526,3.368833276
1559616993239,47.646,121.9,0.05254,0.526,3.368833276
1559616993301,47.708,121.8,0.05252,0.527,3.371185272
1559616993347,47.754,121.8,0.05252,0.527,3.371185272
1559616993393,47.8,121.8,0.05252,0.527,3.371185272
1559616993439,47.846,121.8,0.05252,0.527,3.371185272
1559616993500,47.907,121.8,0.05253,0.527,3.371827158
1559616993546,47.953,121.8,0.05253,0.527,3.371827158
1559616993592,47.999,121.8,0.05253,0.527,3.371827158
1559616993638,48.045,121.8,0.05253,0.527,3.371827158
1559616993700,48.107,121.9,0.05259,0.525,3.365628525
1559616993747,48.154,121.9,0.05259,0.525,3.365628525
1559616993793,48.2,121.9,0.05259,0.525,3.365628525
1559616993839,48.246,121.9,0.05259,0.525,3.365628525
1559616993900,48.307,121.9,0.05263,0.525,3.368188425
1559616993946,48.353,121.9,0.05263,0.525,3.368188425
1559616993992,48.399,121.9,0.05263,0.525,3.368188425
1559616994038,48.445,121.9,0.05263,0.525,3.368188425
1559616994101,48.508,121.9,0.05254,0.527,3.375237902
1559616994147,48.554,121.9,0.05254,0.527,3.375237902
1559616994193,48.6,121.9,0.05254,0.527,3.375237902
1559616994239,48.646,121.9,0.05254,0.527,3.375237902
1559616994300,48.707,121.9,0.0523,0.528,3.36619536
1559616994346,48.753,121.9,0.0523,0.528,3.36619536
1559616994392,48.799,121.9,0.0523,0.528,3.36619536
1559616994438,48.845,121.9,0.0523,0.528,3.36619536
1559616994501,48.908,121.9,0.05226,0.528,3.363620832
1559616994547,48.954,121.9,0.05226,0.528,3.363620832
1559616994593,49.0,121.9,0.05226,0.528,3.363620832
1559616994639,49.046,121.9,0.05226,0.528,3.363620832
1559616994700,49.107,121.9,0.05228,0.529,3.371281028
1559616994746,49.153,121.9,0.05228,0.529,3.371281028
1559616994791,49.198,121.9,0.05228,0.529,3.371281028
1559616994837,49.244,121.9,0.05228,0.529,3.371281028
1559616994901,49.308,121.9,0.05258,0.527,3.377807554
1559616994947,49.354,121.9,0.05258,0.527,3.377807554
1559616994993,49.4,121.9,0.05258,0.527,3.377807554
1559616995039,49.446,121.9,0.05258,0.527,3.377807554
1559616995100,49.507,121.9,0.05238,0.527,3.364959294
1559616995146,49.553,121.9,0.05238,0.527,3.364959294
1559616995193,49.6,121.9,0.05238,0.527,3.364959294
1559616995238,49.645,121.9,0.05238,0.527,3.364959294
1559616995301,49.708,121.9,0.05247,0.527,3.370741011
1559616995347,49.754,121.9,0.05247,0.527,3.370741011
1559616995393,49.8,121.9,0.05247,0.527,3.370741011
1559616995439,49.846,121.9,0.05247,0.527,3.370741011
1559616995500,49.907,121.9,0.05247,0.529,3.383533197
1559616995547,49.954,121.9,0.05247,0.529,3.383533197
1559616995593,50.0,121.9,0.05247,0.529,3.383533197
1559616995638,50.045,121.9,0.05247,0.529,3.383533197
1559616995701,50.108,121.9,0.05236,0.527,3.363674468
1559616995747,50.154,121.9,0.05236,0.527,3.363674468
1559616995793,50.2,121.9,0.05236,0.527,3.363674468
1559616995839,50.246,121.9,0.05236,0.527,3.363674468
1559616995900,50.307,121.9,0.05271,0.526,3.379733574
1559616995946,50.353,121.9,0.05271,0.526,3.379733574
1559616995993,50.4,121.9,0.05271,0.526,3.379733574
1559616996039,50.446,121.9,0.05271,0.526,3.379733574
1559616996100,50.507,121.9,0.05245,0.527,3.369456185
1559616996145,50.553,121.9,0.05245,0.527,3.369456185
1559616996192,50.599,121.9,0.05245,0.527,3.369456185
1559616996238,50.645,121.9,0.05245,0.527,3.369456185
1559616996300,50.707,121.9,0.05246,0.528,3.376493472
1559616996346,50.753,121.9,0.05246,0.528,3.376493472
1559616996392,50.799,121.9,0.05246,0.528,3.376493472
1559616996439,50.846,121.9,0.05246,0.528,3.376493472
1559616996500,50.907,121.9,0.05238,0.528,3.371344416
1559616996546,50.953,121.9,0.05238,0.528,3.371344416
1559616996592,50.999,121.9,0.05238,0.528,3.371344416
1559616996638,51.045,121.9,0.05238,0.528,3.371344416
1559616996701,51.108,121.9,0.05229,0.528,3.365551728
1559616996747,51.154,121.9,0.05229,0.528,3.365551728
1559616996793,51.2,121.9,0.05229,0.528,3.365551728
1559616996839,51.246,121.9,0.05229,0.528,3.365551728
1559616996900,51.307,121.9,0.05254,0.526,3.368833276
1559616996946,51.353,121.9,0.05254,0.526,3.368833276
1559616996992,51.399,121.9,0.05254,0.526,3.368833276
1559616997039,51.446,121.9,0.05254,0.526,3.368833276
1559616997100,51.507,121.9,0.05238,0.529,3.377729538
1559616997145,51.552,121.9,0.05238,0.529,3.377729538
1559616997191,51.599,121.9,0.05238,0.529,3.377729538
1559616997238,51.645,121.9,0.05238,0.529,3.377729538
1559616997300,51.707,121.8,0.05243,0.529,3.378180246
1559616997346,51.753,121.8,0.05243,0.529,3.378180246
1559616997392,51.799,121.8,0.05243,0.529,3.378180246
1559616997438,51.845,121.8,0.05243,0.529,3.378180246
1559616997500,51.907,121.8,0.05256,0.526,3.367351008
1559616997545,51.952,121.8,0.05256,0.526,3.367351008
1559616997591,51.999,121.8,0.05256,0.526,3.367351008
1559616997638,52.045,121.8,0.05256,0.526,3.367351008
1559616997700,52.107,121.9,0.05267,0.525,3.370748325
1559616997746,52.153,121.9,0.05267,0.525,3.370748325
1559616997792,52.199,121.9,0.05267,0.525,3.370748325
1559616997838,52.245,121.9,0.05267,0.525,3.370748325
1559616997900,52.307,121.9,0.05276,0.524,3.370076656
1559616997947,52.354,121.9,0.05276,0.524,3.370076656
1559616997993,52.4,121.9,0.05276,0.524,3.370076656
1559616998039,52.446,121.9,0.05276,0.524,3.370076656
1559616998100,52.507,121.9,0.05249,0.527,3.372025837
1559616998146,52.553,121.9,0.05249,0.527,3.372025837
1559616998192,52.599,121.9,0.05249,0.527,3.372025837
1559616998238,52.645,121.9,0.05249,0.527,3.372025837
1559616998299,52.706,121.9,0.05239,0.528,3.371988048
1559616998345,52.753,121.9,0.05239,0.528,3.371988048
1559616998392,52.799,121.9,0.05239,0.528,3.371988048
1559616998437,52.844,121.9,0.05239,0.528,3.371988048
1559616998500,52.907,121.9,0.05201,0.532,3.372890108
1559616998546,52.953,121.9,0.05201,0.532,3.372890108
1559616998592,52.999,121.9,0.05201,0.532,3.372890108
1559616998638,53.045,121.9,0.05201,0.532,3.372890108
1559616998699,53.106,121.9,0.05197,0.531,3.363960933
1559616998745,53.152,121.9,0.05197,0.531,3.363960933
1559616998790,53.197,121.9,0.05197,0.531,3.363960933
1559616998836,53.243,121.9,0.05197,0.531,3.363960933
1559616998900,53.307,121.9,0.05222,0.529,3.367411922
1559616998946,53.353,121.9,0.05222,0.529,3.367411922
1559616998992,53.399,121.9,0.05222,0.529,3.367411922
1559616999038,53.445,121.9,0.05222,0.529,3.367411922
1559616999100,53.507,121.9,0.05223,0.529,3.368056773
1559616999146,53.553,121.9,0.05223,0.529,3.368056773
1559616999192,53.599,121.9,0.05223,0.529,3.368056773
1559616999238,53.645,121.9,0.05223,0.529,3.368056773
1559616999300,53.707,121.9,0.05256,0.526,3.370115664
1559616999346,53.753,121.9,0.05256,0.526,3.370115664
1559616999392,53.799,121.9,0.05256,0.526,3.370115664
1559616999439,53.846,121.9,0.05256,0.526,3.370115664
1559616999500,53.907,121.9,0.05268,0.526,3.377809992
1559616999546,53.953,121.9,0.05268,0.526,3.377809992
1559616999592,53.999,121.9,0.05268,0.526,3.377809992
1559616999638,54.045,121.9,0.05268,0.526,3.377809992
1559616999700,54.107,121.9,0.05247,0.526,3.364344918
1559616999746,54.153,121.9,0.05247,0.526,3.364344918
1559616999792,54.199,121.9,0.05247,0.526,3.364344918
1559616999838,54.246,121.9,0.05247,0.526,3.364344918
1559616999899,54.306,121.9,0.05243,0.527,3.368171359
1559616999945,54.352,121.9,0.05243,0.527,3.368171359
1559616999993,54.4,121.9,0.05243,0.527,3.368171359
1559617000039,54.446,121.9,0.05243,0.527,3.368171359
1559617000100,54.507,121.9,0.05271,0.529,3.399009621
1559617000146,54.553,121.9,0.05271,0.529,3.399009621
1559617000192,54.599,121.9,0.05271,0.529,3.399009621
1559617000238,54.646,121.9,0.05271,0.529,3.399009621
1559617000300,54.707,121.9,0.05206,0.531,3.369786534
1559617000346,54.753,121.9,0.05206,0.531,3.369786534
1559617000392,54.799,121.9,0.05206,0.531,3.369786534
1559617000437,54.844,121.9,0.05206,0.531,3.369786534
1559617000500,54.907,121.9,0.05194,0.532,3.368350552
1559617000546,54.953,121.9,0.05194,0.532,3.368350552
1559617000592,54.999,121.9,0.05194,0.532,3.368350552
1559617000639,55.046,121.9,0.05194,0.532,3.368350552
1559617000700,55.107,121.9,0.05208,0.53,3.36473256
1559617000746,55.153,121.9,0.05208,0.53,3.36473256
1559617000792,55.199,121.9,0.05208,0.53,3.36473256
1559617000838,55.245,121.9,0.05208,0.53,3.36473256
1559617000899,55.306,121.9,0.05234,0.528,3.368769888
1559617000945,55.352,121.9,0.05234,0.528,3.368769888
1559617000992,55.399,121.9,0.05234,0.528,3.368769888
1559617001038,55.445,121.9,0.05234,0.528,3.368769888
1559617001100,55.507,121.9,0.05221,0.529,3.366767071
1559617001146,55.553,121.9,0.05221,0.529,3.366767071
1559617001192,55.599,121.9,0.05221,0.529,3.366767071
1559617001239,55.646,121.9,0.05221,0.529,3.366767071
1559617001300,55.707,121.8,0.05239,0.53,3.38198406
1559617001346,55.753,121.8,0.05239,0.53,3.38198406
1559617001392,55.799,121.8,0.05239,0.53,3.38198406
1559617001438,55.845,121.8,0.05239,0.53,3.38198406
1559617001499,55.906,121.8,0.0548,0.535,3.5709324
1559617001545,55.952,121.8,0.0548,0.535,3.5709324
1559617001591,55.998,121.8,0.0548,0.535,3.5709324
1559617001637,56.044,121.8,0.0548,0.535,3.5709324
1559617001700,56.107,121.9,0.05263,0.529,3.393850813
1559617001746,56.153,121.9,0.05263,0.529,3.393850813
1559617001792,56.199,121.9,0.05263,0.529,3.393850813
1559617001838,56.245,121.9,0.05263,0.529,3.393850813
1559617001899,56.306,121.9,0.05247,0.528,3.377137104
1559617001945,56.352,121.9,0.05247,0.528,3.377137104
1559617001991,56.398,121.9,0.05247,0.528,3.377137104
