# Thu May 30 16:12:33 2019
abstime,time_stamp,volt,curr,pf,mul
1559257953959,0.08,121.7,0.04941,0.533,3.205034001
1559257954006,0.127,121.7,0.04941,0.533,3.205034001
1559257954051,0.172,121.7,0.05481,0.541,3.608673957
1559257954097,0.218,121.7,0.05481,0.541,3.608673957
1559257954142,0.263,121.7,0.05481,0.541,3.608673957
1559257954187,0.308,121.7,0.05481,0.541,3.608673957
1559257954239,0.36,121.7,0.05406,0.538,3.539556876
1559257954285,0.406,121.7,0.05406,0.538,3.539556876
1559257954330,0.451,121.7,0.05406,0.538,3.539556876
1559257954376,0.497,121.7,0.05406,0.538,3.539556876
1559257954439,0.56,121.7,0.05399,0.539,3.541544237
1559257954485,0.606,121.7,0.05399,0.539,3.541544237
1559257954531,0.652,121.7,0.05399,0.539,3.541544237
1559257954577,0.699,121.7,0.05399,0.539,3.541544237
1559257954640,0.761,121.7,0.05402,0.54,3.55008636
1559257954686,0.807,121.7,0.05402,0.54,3.55008636
1559257954732,0.853,121.7,0.05402,0.54,3.55008636
1559257954778,0.899,121.7,0.05402,0.54,3.55008636
1559257954839,0.96,121.7,0.05411,0.538,3.542830606
1559257954885,1.006,121.7,0.05411,0.538,3.542830606
1559257954931,1.052,121.7,0.05411,0.538,3.542830606
1559257954977,1.098,121.7,0.05411,0.538,3.542830606
1559257955039,1.161,121.7,0.05401,0.539,3.542856163
1559257955086,1.207,121.7,0.05401,0.539,3.542856163
1559257955132,1.253,121.7,0.05401,0.539,3.542856163
1559257955178,1.299,121.7,0.05401,0.539,3.542856163
1559257955239,1.36,121.7,0.05408,0.538,3.540866368
1559257955285,1.406,121.7,0.05408,0.538,3.540866368
1559257955331,1.452,121.7,0.05408,0.538,3.540866368
1559257955377,1.498,121.7,0.05408,0.538,3.540866368
1559257955439,1.561,121.6,0.05376,0.541,3.536633856
1559257955486,1.607,121.6,0.05376,0.541,3.536633856
1559257955532,1.653,121.6,0.05376,0.541,3.536633856
1559257955578,1.699,121.6,0.05376,0.541,3.536633856
1559257955639,1.76,121.6,0.0538,0.541,3.53926528
1559257955685,1.806,121.6,0.0538,0.541,3.53926528
1559257955731,1.852,121.6,0.0538,0.541,3.53926528
1559257955777,1.898,121.6,0.0538,0.541,3.53926528
1559257955839,1.961,121.6,0.05409,0.538,3.538611072
1559257955886,2.007,121.6,0.05409,0.538,3.538611072
1559257955932,2.053,121.6,0.05409,0.538,3.538611072
1559257955978,2.099,121.6,0.05409,0.538,3.538611072
1559257956039,2.16,121.6,0.05419,0.537,3.538563648
1559257956085,2.206,121.6,0.05419,0.537,3.538563648
1559257956131,2.252,121.6,0.05419,0.537,3.538563648
1559257956177,2.298,121.6,0.05419,0.537,3.538563648
1559257956240,2.361,121.6,0.05426,0.537,3.543134592
1559257956286,2.407,121.6,0.05426,0.537,3.543134592
1559257956332,2.453,121.6,0.05426,0.537,3.543134592
1559257956378,2.499,121.6,0.05426,0.537,3.543134592
1559257956439,2.56,121.6,0.05436,0.538,3.556274688
1559257956485,2.606,121.6,0.05436,0.538,3.556274688
1559257956531,2.652,121.6,0.05436,0.538,3.556274688
1559257956577,2.698,121.6,0.05436,0.538,3.556274688
1559257956640,2.761,121.6,0.05397,0.54,3.54388608
1559257956686,2.807,121.6,0.05397,0.54,3.54388608
1559257956732,2.853,121.6,0.05397,0.54,3.54388608
1559257956778,2.899,121.6,0.05397,0.54,3.54388608
1559257956839,2.96,121.6,0.05404,0.539,3.541911296
1559257956885,3.006,121.6,0.05404,0.539,3.541911296
1559257956931,3.052,121.6,0.05404,0.539,3.541911296
1559257956978,3.099,121.6,0.05404,0.539,3.541911296
1559257957039,3.16,121.6,0.05422,0.538,3.547115776
1559257957085,3.206,121.6,0.05422,0.538,3.547115776
1559257957131,3.252,121.6,0.05422,0.538,3.547115776
1559257957177,3.298,121.6,0.05422,0.538,3.547115776
1559257957239,3.36,121.6,0.0543,0.537,3.54574656
1559257957285,3.406,121.6,0.0543,0.537,3.54574656
1559257957331,3.452,121.6,0.0543,0.537,3.54574656
1559257957378,3.499,121.6,0.0543,0.537,3.54574656
1559257957439,3.56,121.6,0.05401,0.539,3.539945024
1559257957484,3.605,121.6,0.05401,0.539,3.539945024
1559257957531,3.652,121.6,0.05401,0.539,3.539945024
1559257957577,3.698,121.6,0.05401,0.539,3.539945024
1559257957639,3.76,121.6,0.05417,0.538,3.543844736
1559257957685,3.806,121.6,0.05417,0.538,3.543844736
1559257957731,3.852,121.6,0.05417,0.538,3.543844736
1559257957777,3.898,121.6,0.05417,0.538,3.543844736
1559257957840,3.961,121.7,0.05423,0.537,3.544087767
1559257957888,4.009,121.7,0.05423,0.537,3.544087767
1559257957934,4.055,121.7,0.05423,0.537,3.544087767
1559257957980,4.101,121.7,0.05423,0.537,3.544087767
1559257958038,4.159,121.7,0.05439,0.536,3.547924968
1559257958084,4.205,121.7,0.05439,0.536,3.547924968
1559257958129,4.25,121.7,0.05439,0.536,3.547924968
1559257958175,4.296,121.7,0.05439,0.536,3.547924968
1559257958239,4.36,121.7,0.05439,0.536,3.547924968
1559257958285,4.406,121.7,0.05439,0.536,3.547924968
1559257958331,4.452,121.7,0.05439,0.536,3.547924968
1559257958376,4.497,121.7,0.05439,0.536,3.547924968
1559257958439,4.56,121.7,0.05397,0.539,3.540232311
1559257958485,4.606,121.7,0.05397,0.539,3.540232311
1559257958531,4.652,121.7,0.05397,0.539,3.540232311
1559257958577,4.698,121.7,0.05397,0.539,3.540232311
1559257958638,4.759,121.7,0.05398,0.54,3.54745764
1559257958684,4.805,121.7,0.05398,0.54,3.54745764
1559257958730,4.851,121.7,0.05398,0.54,3.54745764
1559257958777,4.898,121.7,0.05398,0.54,3.54745764
1559257958839,4.96,121.7,0.05423,0.538,3.550687558
1559257958885,5.006,121.7,0.05423,0.538,3.550687558
1559257958931,5.052,121.7,0.05423,0.538,3.550687558
1559257958977,5.099,121.7,0.05423,0.538,3.550687558
1559257959038,5.16,121.7,0.05508,0.54,3.61974744
1559257959085,5.206,121.7,0.05508,0.54,3.61974744
1559257959131,5.252,121.7,0.05508,0.54,3.61974744
1559257959177,5.298,121.7,0.05508,0.54,3.61974744
1559257959239,5.36,121.7,0.0541,0.539,3.54875983
1559257959285,5.406,121.7,0.0541,0.539,3.54875983
1559257959331,5.452,121.7,0.0541,0.539,3.54875983
1559257959377,5.498,121.7,0.0541,0.539,3.54875983
1559257959438,5.559,121.7,0.05405,0.54,3.5520579
1559257959484,5.605,121.7,0.05405,0.54,3.5520579
1559257959530,5.651,121.7,0.05405,0.54,3.5520579
1559257959576,5.697,121.7,0.05405,0.54,3.5520579
1559257959639,5.76,121.7,0.05405,0.54,3.5520579
1559257959685,5.806,121.7,0.05405,0.54,3.5520579
1559257959731,5.852,121.7,0.05405,0.54,3.5520579
1559257959777,5.898,121.7,0.05405,0.54,3.5520579
1559257959838,5.959,121.7,0.05411,0.538,3.542830606
1559257959884,6.005,121.7,0.05411,0.538,3.542830606
1559257959930,6.051,121.7,0.05411,0.538,3.542830606
1559257959976,6.097,121.7,0.05411,0.538,3.542830606
1559257960038,6.16,121.7,0.05456,0.535,3.55237432
1559257960085,6.206,121.7,0.05456,0.535,3.55237432
1559257960131,6.252,121.7,0.05456,0.535,3.55237432
1559257960177,6.298,121.7,0.05456,0.535,3.55237432
1559257960239,6.36,121.6,0.0544,0.535,3.5390464
1559257960285,6.406,121.6,0.0544,0.535,3.5390464
1559257960331,6.452,121.6,0.0544,0.535,3.5390464
1559257960377,6.498,121.6,0.0544,0.535,3.5390464
1559257960438,6.559,121.6,0.05434,0.537,3.548358528
1559257960484,6.605,121.6,0.05434,0.537,3.548358528
1559257960530,6.651,121.6,0.05434,0.537,3.548358528
1559257960576,6.697,121.6,0.05434,0.537,3.548358528
1559257960639,6.76,121.6,0.05707,0.542,3.761323904
1559257960685,6.806,121.6,0.05707,0.542,3.761323904
1559257960731,6.852,121.6,0.05707,0.542,3.761323904
1559257960777,6.898,121.6,0.05707,0.542,3.761323904
1559257960839,6.96,121.6,0.05765,0.545,3.8205808
1559257960885,7.006,121.6,0.05765,0.545,3.8205808
1559257960931,7.052,121.6,0.05765,0.545,3.8205808
1559257960977,7.099,121.6,0.05765,0.545,3.8205808
1559257961039,7.16,121.6,0.05786,0.546,3.841533696
1559257961085,7.206,121.6,0.05786,0.546,3.841533696
1559257961131,7.252,121.6,0.05786,0.546,3.841533696
1559257961177,7.298,121.6,0.05786,0.546,3.841533696
1559257961239,7.36,121.6,0.05759,0.544,3.809601536
1559257961285,7.406,121.6,0.05759,0.544,3.809601536
1559257961331,7.452,121.6,0.05759,0.544,3.809601536
1559257961377,7.498,121.6,0.05759,0.544,3.809601536
1559257961438,7.559,121.6,0.05788,0.542,3.814708736
1559257961485,7.606,121.6,0.05788,0.542,3.814708736
1559257961531,7.652,121.6,0.05788,0.542,3.814708736
1559257961577,7.698,121.6,0.05788,0.542,3.814708736
1559257961638,7.759,121.6,0.05907,0.543,3.900321216
1559257961684,7.805,121.6,0.05907,0.543,3.900321216
1559257961730,7.851,121.6,0.05907,0.543,3.900321216
1559257961776,7.897,121.6,0.05907,0.543,3.900321216
1559257961839,7.96,121.6,0.05791,0.54,3.80260224
1559257961888,8.009,121.6,0.05791,0.54,3.80260224
1559257961934,8.055,121.6,0.05791,0.54,3.80260224
1559257961980,8.101,121.6,0.05791,0.54,3.80260224
1559257962039,8.16,121.7,0.05787,0.541,3.810143439
1559257962085,8.206,121.7,0.05787,0.541,3.810143439
1559257962131,8.252,121.7,0.05787,0.541,3.810143439
1559257962177,8.298,121.7,0.05787,0.541,3.810143439
1559257962238,8.359,121.7,0.05807,0.539,3.809177141
1559257962284,8.405,121.7,0.05807,0.539,3.809177141
1559257962330,8.451,121.7,0.05807,0.539,3.809177141
1559257962376,8.497,121.7,0.05807,0.539,3.809177141
1559257962439,8.56,121.7,0.05791,0.54,3.80572938
1559257962485,8.606,121.7,0.05791,0.54,3.80572938
1559257962531,8.652,121.7,0.05791,0.54,3.80572938
1559257962577,8.698,121.7,0.05791,0.54,3.80572938
1559257962638,8.759,121.7,0.05758,0.541,3.791049926
1559257962684,8.805,121.7,0.05758,0.541,3.791049926
1559257962730,8.851,121.7,0.05758,0.541,3.791049926
1559257962776,8.897,121.7,0.05758,0.541,3.791049926
1559257962838,8.959,121.7,0.05766,0.541,3.796317102
1559257962885,9.006,121.7,0.05766,0.541,3.796317102
1559257962931,9.052,121.7,0.05766,0.541,3.796317102
1559257962977,9.098,121.7,0.05766,0.541,3.796317102
1559257963039,9.16,121.8,0.05782,0.54,3.80293704
1559257963085,9.206,121.8,0.05782,0.54,3.80293704
1559257963131,9.252,121.8,0.05782,0.54,3.80293704
1559257963177,9.298,121.8,0.05782,0.54,3.80293704
1559257963239,9.36,121.7,0.05599,0.536,3.652294888
1559257963285,9.406,121.7,0.05599,0.536,3.652294888
1559257963331,9.452,121.7,0.05599,0.536,3.652294888
1559257963377,9.498,121.7,0.05599,0.536,3.652294888
1559257963438,9.559,121.7,0.05451,0.534,3.542484978
1559257963484,9.605,121.7,0.05451,0.534,3.542484978
1559257963530,9.651,121.7,0.05451,0.534,3.542484978
1559257963576,9.697,121.7,0.05451,0.534,3.542484978
1559257963639,9.76,121.7,0.05457,0.534,3.546384246
1559257963685,9.806,121.7,0.05457,0.534,3.546384246
1559257963731,9.852,121.7,0.05457,0.534,3.546384246
1559257963777,9.898,121.7,0.05457,0.534,3.546384246
1559257963838,9.959,121.7,0.0546,0.533,3.54168906
1559257963884,10.005,121.7,0.0546,0.533,3.54168906
1559257963930,10.051,121.7,0.0546,0.533,3.54168906
1559257963976,10.097,121.7,0.0546,0.533,3.54168906
1559257964039,10.16,121.7,0.05894,0.544,3.902110912
1559257964085,10.206,121.7,0.05894,0.544,3.902110912
1559257964131,10.252,121.7,0.05894,0.544,3.902110912
1559257964178,10.299,121.7,0.05894,0.544,3.902110912
1559257964238,10.359,121.7,0.05791,0.54,3.80572938
1559257964284,10.405,121.7,0.05791,0.54,3.80572938
1559257964330,10.451,121.7,0.05791,0.54,3.80572938
1559257964377,10.498,121.7,0.05791,0.54,3.80572938
1559257964439,10.56,121.7,0.05781,0.542,3.813228534
1559257964485,10.606,121.7,0.05781,0.542,3.813228534
1559257964531,10.652,121.7,0.05781,0.542,3.813228534
1559257964577,10.698,121.7,0.05781,0.542,3.813228534
1559257964639,10.76,121.6,0.05758,0.543,3.801938304
1559257964685,10.806,121.6,0.05758,0.543,3.801938304
1559257964731,10.852,121.6,0.05758,0.543,3.801938304
1559257964777,10.898,121.6,0.05758,0.543,3.801938304
1559257964838,10.959,121.6,0.05785,0.544,3.82680064
1559257964885,11.006,121.6,0.05785,0.544,3.82680064
1559257964931,11.052,121.6,0.05785,0.544,3.82680064
1559257964977,11.098,121.6,0.05785,0.544,3.82680064
1559257965038,11.159,121.7,0.05746,0.544,3.804127808
1559257965084,11.205,121.7,0.05746,0.544,3.804127808
1559257965130,11.251,121.7,0.05746,0.544,3.804127808
1559257965176,11.297,121.7,0.05746,0.544,3.804127808
1559257965238,11.359,121.6,0.05763,0.543,3.805239744
1559257965285,11.406,121.6,0.05763,0.543,3.805239744
1559257965331,11.452,121.6,0.05763,0.543,3.805239744
1559257965377,11.498,121.6,0.05763,0.543,3.805239744
1559257965438,11.559,121.6,0.05794,0.541,3.811617664
1559257965484,11.605,121.6,0.05794,0.541,3.811617664
1559257965530,11.651,121.6,0.05794,0.541,3.811617664
1559257965576,11.697,121.6,0.05794,0.541,3.811617664
1559257965639,11.76,121.6,0.05768,0.542,3.801527296
1559257965685,11.806,121.6,0.05768,0.542,3.801527296
1559257965731,11.852,121.6,0.05768,0.542,3.801527296
1559257965777,11.898,121.6,0.05768,0.542,3.801527296
1559257965838,11.959,121.6,0.05857,0.544,3.874428928
1559257965884,12.005,121.6,0.05857,0.544,3.874428928
1559257965930,12.051,121.6,0.05857,0.544,3.874428928
1559257965976,12.097,121.6,0.05857,0.544,3.874428928
1559257966038,12.159,121.6,0.06113,0.551,4.095807808
1559257966084,12.205,121.6,0.06113,0.551,4.095807808
1559257966131,12.252,121.6,0.06113,0.551,4.095807808
1559257966177,12.298,121.6,0.06113,0.551,4.095807808
1559257966238,12.359,121.7,0.06015,0.551,4.033460505
1559257966284,12.405,121.7,0.06015,0.551,4.033460505
1559257966330,12.451,121.7,0.06015,0.551,4.033460505
1559257966376,12.497,121.7,0.06015,0.551,4.033460505
1559257966438,12.559,121.6,0.06021,0.552,4.041487872
1559257966485,12.606,121.6,0.06021,0.552,4.041487872
1559257966531,12.652,121.6,0.06021,0.552,4.041487872
1559257966577,12.698,121.6,0.06021,0.552,4.041487872
1559257966638,12.759,121.7,0.05995,0.552,4.02734508
1559257966684,12.805,121.7,0.05995,0.552,4.02734508
1559257966730,12.851,121.7,0.05995,0.552,4.02734508
1559257966776,12.897,121.7,0.05995,0.552,4.02734508
1559257966838,12.959,121.7,0.06011,0.554,4.052724398
1559257966884,13.005,121.7,0.06011,0.554,4.052724398
1559257966931,13.052,121.7,0.06011,0.554,4.052724398
1559257966977,13.098,121.7,0.06011,0.554,4.052724398
1559257967038,13.159,121.8,0.06009,0.55,4.0254291
1559257967084,13.205,121.8,0.06009,0.55,4.0254291
1559257967131,13.252,121.8,0.06009,0.55,4.0254291
1559257967177,13.298,121.8,0.06009,0.55,4.0254291
1559257967238,13.359,121.8,0.05992,0.551,4.021339056
1559257967284,13.405,121.8,0.05992,0.551,4.021339056
1559257967330,13.451,121.8,0.05992,0.551,4.021339056
1559257967376,13.497,121.8,0.05992,0.551,4.021339056
1559257967438,13.559,121.8,0.05966,0.551,4.003889988
1559257967484,13.605,121.8,0.05966,0.551,4.003889988
1559257967530,13.651,121.8,0.05966,0.551,4.003889988
1559257967576,13.697,121.8,0.05966,0.551,4.003889988
1559257967638,13.759,121.8,0.06033,0.55,4.0415067
1559257967684,13.805,121.8,0.06033,0.55,4.0415067
1559257967730,13.851,121.8,0.06033,0.55,4.0415067
1559257967776,13.897,121.8,0.06033,0.55,4.0415067
1559257967838,13.959,121.8,0.06033,0.55,4.0415067
1559257967884,14.005,121.8,0.06033,0.55,4.0415067
1559257967930,14.051,121.8,0.06033,0.55,4.0415067
1559257967976,14.097,121.8,0.06033,0.55,4.0415067
1559257968038,14.159,121.8,0.05991,0.55,4.0133709
1559257968084,14.205,121.8,0.05991,0.55,4.0133709
1559257968130,14.251,121.8,0.05991,0.55,4.0133709
1559257968176,14.297,121.8,0.05991,0.55,4.0133709
1559257968237,14.358,121.8,0.06011,0.548,4.012126104
1559257968283,14.404,121.8,0.06011,0.548,4.012126104
1559257968329,14.45,121.8,0.06011,0.548,4.012126104
1559257968376,14.497,121.8,0.06011,0.548,4.012126104
1559257968438,14.559,121.8,0.06028,0.548,4.023472992
1559257968484,14.605,121.8,0.06028,0.548,4.023472992
1559257968530,14.651,121.8,0.06028,0.548,4.023472992
1559257968576,14.697,121.8,0.06028,0.548,4.023472992
1559257968637,14.758,121.7,0.06008,0.549,4.014143064
1559257968683,14.804,121.7,0.06008,0.549,4.014143064
1559257968729,14.85,121.7,0.06008,0.549,4.014143064
1559257968775,14.896,121.7,0.06008,0.549,4.014143064
1559257968838,14.959,121.7,0.06004,0.55,4.0187774
1559257968884,15.005,121.7,0.06004,0.55,4.0187774
1559257968930,15.051,121.7,0.06004,0.55,4.0187774
1559257968976,15.097,121.7,0.06004,0.55,4.0187774
1559257969038,15.159,121.7,0.06075,0.552,4.0810878
1559257969084,15.205,121.7,0.06075,0.552,4.0810878
1559257969130,15.251,121.7,0.06075,0.552,4.0810878
1559257969177,15.298,121.7,0.06075,0.552,4.0810878
1559257969238,15.359,121.7,0.0606,0.546,4.02676092
1559257969284,15.405,121.7,0.0606,0.546,4.02676092
1559257969330,15.451,121.7,0.0606,0.546,4.02676092
1559257969376,15.497,121.7,0.0606,0.546,4.02676092
1559257969438,15.559,121.7,0.06045,0.549,4.038863985
1559257969484,15.605,121.7,0.06045,0.549,4.038863985
1559257969530,15.651,121.7,0.06045,0.549,4.038863985
1559257969576,15.697,121.7,0.06045,0.549,4.038863985
1559257969637,15.758,121.6,0.06054,0.551,4.056276864
1559257969683,15.804,121.6,0.06054,0.551,4.056276864
1559257969729,15.85,121.6,0.06054,0.551,4.056276864
1559257969777,15.898,121.6,0.06054,0.551,4.056276864
1559257969838,15.959,121.6,0.06031,0.55,4.0335328
1559257969884,16.005,121.6,0.06031,0.55,4.0335328
1559257969930,16.051,121.6,0.06031,0.55,4.0335328
1559257969976,16.097,121.6,0.06031,0.55,4.0335328
1559257970037,16.158,121.7,0.06021,0.55,4.03015635
1559257970083,16.204,121.7,0.06021,0.55,4.03015635
1559257970129,16.25,121.7,0.06021,0.55,4.03015635
1559257970175,16.296,121.7,0.06021,0.55,4.03015635
1559257970238,16.359,121.7,0.06015,0.55,4.02614025
1559257970284,16.405,121.7,0.06015,0.55,4.02614025
1559257970330,16.451,121.7,0.06015,0.55,4.02614025
1559257970377,16.498,121.7,0.06015,0.55,4.02614025
1559257970437,16.558,121.7,0.06008,0.55,4.0214548
1559257970483,16.604,121.7,0.06008,0.55,4.0214548
1559257970529,16.65,121.7,0.06008,0.55,4.0214548
1559257970576,16.697,121.7,0.06008,0.55,4.0214548
1559257970638,16.759,121.6,0.05994,0.551,4.016075904
1559257970684,16.805,121.6,0.05994,0.551,4.016075904
1559257970730,16.851,121.6,0.05994,0.551,4.016075904
1559257970776,16.897,121.6,0.05994,0.551,4.016075904
1559257970837,16.958,121.7,0.06057,0.547,4.032138843
1559257970883,17.004,121.7,0.06057,0.547,4.032138843
1559257970929,17.05,121.7,0.06057,0.547,4.032138843
1559257970975,17.096,121.7,0.06057,0.547,4.032138843
1559257971038,17.159,121.7,0.06067,0.545,4.024028755
1559257971084,17.205,121.7,0.06067,0.545,4.024028755
1559257971130,17.251,121.7,0.06067,0.545,4.024028755
1559257971176,17.297,121.7,0.06067,0.545,4.024028755
1559257971237,17.358,121.8,0.06054,0.546,4.026079512
1559257971283,17.404,121.8,0.06054,0.546,4.026079512
1559257971329,17.45,121.8,0.06054,0.546,4.026079512
1559257971375,17.496,121.8,0.06054,0.546,4.026079512
1559257971438,17.559,121.8,0.06072,0.549,4.060237104
1559257971484,17.605,121.8,0.06072,0.549,4.060237104
1559257971530,17.651,121.8,0.06072,0.549,4.060237104
1559257971576,17.697,121.8,0.06072,0.549,4.060237104
1559257971637,17.758,121.8,0.0604,0.547,4.02412584
1559257971683,17.804,121.8,0.0604,0.547,4.02412584
1559257971729,17.85,121.8,0.0604,0.547,4.02412584
1559257971775,17.896,121.8,0.0604,0.547,4.02412584
1559257971838,17.959,121.8,0.0603,0.548,4.02480792
1559257971884,18.005,121.8,0.0603,0.548,4.02480792
1559257971930,18.051,121.8,0.0603,0.548,4.02480792
1559257971976,18.097,121.8,0.0603,0.548,4.02480792
1559257972038,18.159,121.8,0.06028,0.548,4.023472992
1559257972084,18.205,121.8,0.06028,0.548,4.023472992
1559257972130,18.251,121.8,0.06028,0.548,4.023472992
1559257972176,18.297,121.8,0.06028,0.548,4.023472992
1559257972237,18.358,121.8,0.0604,0.547,4.02412584
1559257972283,18.404,121.8,0.0604,0.547,4.02412584
1559257972329,18.45,121.8,0.0604,0.547,4.02412584
1559257972375,18.496,121.8,0.0604,0.547,4.02412584
1559257972438,18.559,121.8,0.06031,0.548,4.025475384
1559257972484,18.605,121.8,0.06031,0.548,4.025475384
1559257972530,18.651,121.8,0.06031,0.548,4.025475384
1559257972576,18.697,121.8,0.06031,0.548,4.025475384
1559257972637,18.758,121.8,0.06043,0.547,4.026124578
1559257972683,18.804,121.8,0.06043,0.547,4.026124578
1559257972729,18.85,121.8,0.06043,0.547,4.026124578
1559257972775,18.896,121.8,0.06043,0.547,4.026124578
1559257972838,18.959,121.8,0.06061,0.545,4.02335241
1559257972884,19.005,121.8,0.06061,0.545,4.02335241
1559257972930,19.051,121.8,0.06061,0.545,4.02335241
1559257972976,19.097,121.8,0.06061,0.545,4.02335241
1559257973037,19.158,121.8,0.06078,0.545,4.03463718
1559257973083,19.204,121.8,0.06078,0.545,4.03463718
1559257973129,19.25,121.8,0.06078,0.545,4.03463718
1559257973176,19.297,121.8,0.06078,0.545,4.03463718
1559257973238,19.359,121.8,0.06083,0.545,4.03795623
1559257973284,19.405,121.8,0.06083,0.545,4.03795623
1559257973330,19.451,121.8,0.06083,0.545,4.03795623
1559257973376,19.497,121.8,0.06083,0.545,4.03795623
1559257973437,19.558,121.7,0.06034,0.547,4.016827766
1559257973483,19.604,121.7,0.06034,0.547,4.016827766
1559257973529,19.65,121.7,0.06034,0.547,4.016827766
1559257973575,19.696,121.7,0.06034,0.547,4.016827766
1559257973638,19.759,121.7,0.06005,0.551,4.026754835
1559257973684,19.805,121.7,0.06005,0.551,4.026754835
1559257973731,19.852,121.7,0.06005,0.551,4.026754835
1559257973777,19.898,121.7,0.06005,0.551,4.026754835
1559257973838,19.959,121.7,0.06011,0.55,4.02346285
1559257973884,20.005,121.7,0.06011,0.55,4.02346285
1559257973930,20.051,121.7,0.06011,0.55,4.02346285
1559257973976,20.097,121.7,0.06011,0.55,4.02346285
1559257974037,20.158,121.7,0.06068,0.552,4.076385312
1559257974084,20.205,121.7,0.06068,0.552,4.076385312
1559257974130,20.251,121.7,0.06068,0.552,4.076385312
1559257974176,20.297,121.7,0.06068,0.552,4.076385312
1559257974237,20.358,121.7,0.06026,0.551,4.040836742
1559257974283,20.404,121.7,0.06026,0.551,4.040836742
1559257974330,20.451,121.7,0.06026,0.551,4.040836742
1559257974376,20.497,121.7,0.06026,0.551,4.040836742
1559257974437,20.558,121.7,0.06037,0.551,4.048212979
1559257974483,20.604,121.7,0.06037,0.551,4.048212979
1559257974529,20.65,121.7,0.06037,0.551,4.048212979
1559257974575,20.696,121.7,0.06037,0.551,4.048212979
1559257974638,20.759,121.7,0.0601,0.55,4.0227935
1559257974684,20.805,121.7,0.0601,0.55,4.0227935
1559257974730,20.851,121.7,0.0601,0.55,4.0227935
1559257974776,20.897,121.7,0.0601,0.55,4.0227935
1559257974838,20.959,121.7,0.06035,0.549,4.032182655
1559257974884,21.005,121.7,0.06035,0.549,4.032182655
1559257974930,21.051,121.7,0.06035,0.549,4.032182655
1559257974976,21.097,121.7,0.06035,0.549,4.032182655
1559257975037,21.158,121.7,0.06034,0.548,4.024171144
1559257975083,21.204,121.7,0.06034,0.548,4.024171144
1559257975129,21.25,121.7,0.06034,0.548,4.024171144
1559257975175,21.296,121.7,0.06034,0.548,4.024171144
1559257975238,21.359,121.8,0.06034,0.548,4.027477776
1559257975284,21.405,121.8,0.06034,0.548,4.027477776
1559257975330,21.451,121.8,0.06034,0.548,4.027477776
1559257975376,21.497,121.8,0.06034,0.548,4.027477776
1559257975437,21.558,121.8,0.06025,0.544,3.9921168
1559257975483,21.604,121.8,0.06025,0.544,3.9921168
1559257975529,21.65,121.8,0.06025,0.544,3.9921168
1559257975575,21.696,121.8,0.06025,0.544,3.9921168
1559257975637,21.758,121.8,0.06,0.547,3.997476
1559257975683,21.804,121.8,0.06,0.547,3.997476
1559257975729,21.85,121.8,0.06,0.547,3.997476
1559257975775,21.896,121.8,0.06,0.547,3.997476
1559257975837,21.958,121.8,0.06017,0.55,4.0307883
1559257975883,22.004,121.8,0.06017,0.55,4.0307883
1559257975929,22.05,121.8,0.06017,0.55,4.0307883
1559257975976,22.097,121.8,0.06017,0.55,4.0307883
1559257976037,22.158,121.8,0.06013,0.551,4.035432534
1559257976083,22.204,121.8,0.06013,0.551,4.035432534
1559257976129,22.25,121.8,0.06013,0.551,4.035432534
1559257976175,22.296,121.8,0.06013,0.551,4.035432534
1559257976237,22.358,121.8,0.06003,0.551,4.028721354
1559257976283,22.404,121.8,0.06003,0.551,4.028721354
1559257976330,22.451,121.8,0.06003,0.551,4.028721354
1559257976376,22.497,121.8,0.06003,0.551,4.028721354
1559257976437,22.558,121.8,0.0599,0.553,4.03458846
1559257976483,22.604,121.8,0.0599,0.553,4.03458846
1559257976529,22.65,121.8,0.0599,0.553,4.03458846
1559257976575,22.696,121.8,0.0599,0.553,4.03458846
1559257976637,22.758,121.8,0.05981,0.553,4.028526474
1559257976683,22.804,121.8,0.05981,0.553,4.028526474
1559257976729,22.85,121.8,0.05981,0.553,4.028526474
1559257976776,22.897,121.8,0.05981,0.553,4.028526474
1559257976837,22.958,121.8,0.0598,0.553,4.02785292
1559257976883,23.004,121.8,0.0598,0.553,4.02785292
1559257976929,23.05,121.8,0.0598,0.553,4.02785292
1559257976975,23.096,121.8,0.0598,0.553,4.02785292
1559257977037,23.158,121.8,0.06001,0.553,4.041997554
1559257977083,23.204,121.8,0.06001,0.553,4.041997554
1559257977129,23.25,121.8,0.06001,0.553,4.041997554
1559257977176,23.297,121.8,0.06001,0.553,4.041997554
1559257977237,23.358,121.8,0.05993,0.553,4.036609122
1559257977282,23.403,121.8,0.05993,0.553,4.036609122
1559257977328,23.449,121.8,0.05993,0.553,4.036609122
1559257977374,23.495,121.8,0.05993,0.553,4.036609122
1559257977436,23.557,121.8,0.06083,0.546,4.045365324
1559257977482,23.603,121.8,0.06083,0.546,4.045365324
1559257977528,23.65,121.8,0.06083,0.546,4.045365324
1559257977576,23.697,121.8,0.06083,0.546,4.045365324
1559257977637,23.758,121.7,0.06034,0.549,4.031514522
1559257977683,23.804,121.7,0.06034,0.549,4.031514522
1559257977729,23.85,121.7,0.06034,0.549,4.031514522
1559257977775,23.896,121.7,0.06034,0.549,4.031514522
1559257977836,23.957,121.7,0.05984,0.554,4.034520512
1559257977882,24.003,121.7,0.05984,0.554,4.034520512
1559257977928,24.049,121.7,0.05984,0.554,4.034520512
1559257977973,24.094,121.7,0.05984,0.554,4.034520512
1559257978037,24.158,121.7,0.05999,0.553,4.037332999
1559257978082,24.203,121.7,0.05999,0.553,4.037332999
1559257978127,24.248,121.7,0.05999,0.553,4.037332999
1559257978173,24.294,121.7,0.05999,0.553,4.037332999
1559257978237,24.358,121.7,0.05987,0.553,4.029256987
1559257978282,24.403,121.7,0.05987,0.553,4.029256987
1559257978328,24.449,121.7,0.05987,0.553,4.029256987
1559257978374,24.495,121.7,0.05987,0.553,4.029256987
1559257978436,24.557,121.7,0.05983,0.554,4.033846294
1559257978482,24.603,121.7,0.05983,0.554,4.033846294
1559257978529,24.65,121.7,0.05983,0.554,4.033846294
1559257978575,24.696,121.7,0.05983,0.554,4.033846294
1559257978637,24.758,121.7,0.06,0.553,4.038006
1559257978683,24.804,121.7,0.06,0.553,4.038006
1559257978729,24.85,121.7,0.06,0.553,4.038006
1559257978775,24.896,121.7,0.06,0.553,4.038006
1559257978837,24.958,121.7,0.06007,0.551,4.028095969
1559257978883,25.004,121.7,0.06007,0.551,4.028095969
1559257978929,25.05,121.7,0.06007,0.551,4.028095969
1559257978976,25.097,121.7,0.06007,0.551,4.028095969
1559257979037,25.158,121.7,0.06167,0.553,4.150397167
1559257979083,25.204,121.7,0.06167,0.553,4.150397167
1559257979129,25.25,121.7,0.06167,0.553,4.150397167
1559257979175,25.296,121.7,0.06167,0.553,4.150397167
1559257979236,25.357,121.8,0.05984,0.549,4.001393088
1559257979282,25.403,121.8,0.05984,0.549,4.001393088
1559257979328,25.449,121.8,0.05984,0.549,4.001393088
1559257979374,25.495,121.8,0.05984,0.549,4.001393088
1559257979437,25.558,121.8,0.05964,0.551,4.002547752
1559257979483,25.604,121.8,0.05964,0.551,4.002547752
1559257979529,25.65,121.8,0.05964,0.551,4.002547752
1559257979575,25.696,121.8,0.05964,0.551,4.002547752
1559257979636,25.757,121.7,0.05935,0.55,3.97259225
1559257979682,25.803,121.7,0.05935,0.55,3.97259225
1559257979728,25.849,121.7,0.05935,0.55,3.97259225
1559257979774,25.895,121.7,0.05935,0.55,3.97259225
1559257979836,25.957,121.8,0.0597,0.548,3.98476008
1559257979883,26.004,121.8,0.0597,0.548,3.98476008
1559257979929,26.05,121.8,0.0597,0.548,3.98476008
1559257979975,26.096,121.8,0.0597,0.548,3.98476008
1559257980036,26.157,121.8,0.05908,0.546,3.928985424
1559257980082,26.203,121.8,0.05908,0.546,3.928985424
1559257980128,26.249,121.8,0.05908,0.546,3.928985424
1559257980175,26.296,121.8,0.05908,0.546,3.928985424
1559257980237,26.358,121.8,0.05946,0.552,3.997709856
1559257980283,26.404,121.8,0.05946,0.552,3.997709856
1559257980329,26.45,121.8,0.05946,0.552,3.997709856
1559257980375,26.496,121.8,0.05946,0.552,3.997709856
1559257980437,26.558,121.8,0.05964,0.551,4.002547752
1559257980483,26.604,121.8,0.05964,0.551,4.002547752
1559257980529,26.65,121.8,0.05964,0.551,4.002547752
1559257980575,26.696,121.8,0.05964,0.551,4.002547752
1559257980636,26.757,121.8,0.05978,0.553,4.026505812
1559257980682,26.803,121.8,0.05978,0.553,4.026505812
1559257980728,26.849,121.8,0.05978,0.553,4.026505812
1559257980774,26.895,121.8,0.05978,0.553,4.026505812
1559257980837,26.958,121.8,0.06004,0.552,4.036705344
1559257980883,27.004,121.8,0.06004,0.552,4.036705344
1559257980929,27.05,121.8,0.06004,0.552,4.036705344
1559257980975,27.096,121.8,0.06004,0.552,4.036705344
1559257981036,27.157,121.8,0.05926,0.55,3.9698274
1559257981082,27.203,121.8,0.05926,0.55,3.9698274
1559257981128,27.249,121.8,0.05926,0.55,3.9698274
1559257981174,27.295,121.8,0.05926,0.55,3.9698274
1559257981237,27.358,121.8,0.05899,0.546,3.923000172
1559257981283,27.404,121.8,0.05899,0.546,3.923000172
1559257981329,27.45,121.8,0.05899,0.546,3.923000172
1559257981375,27.496,121.8,0.05899,0.546,3.923000172
1559257981436,27.557,121.8,0.0585,0.547,3.8975391
1559257981482,27.603,121.8,0.0585,0.547,3.8975391
1559257981528,27.649,121.8,0.0585,0.547,3.8975391
1559257981574,27.695,121.8,0.0585,0.547,3.8975391
1559257981637,27.758,121.7,0.0574,0.549,3.83508342
1559257981683,27.804,121.7,0.0574,0.549,3.83508342
1559257981729,27.85,121.7,0.0574,0.549,3.83508342
1559257981775,27.896,121.7,0.0574,0.549,3.83508342
1559257981836,27.957,121.7,0.05776,0.547,3.845077424
1559257981882,28.003,121.7,0.05776,0.547,3.845077424
1559257981928,28.049,121.7,0.05776,0.547,3.845077424
1559257981974,28.095,121.7,0.05776,0.547,3.845077424
1559257982037,28.158,121.7,0.05926,0.552,3.980991984
1559257982083,28.204,121.7,0.05926,0.552,3.980991984
1559257982129,28.25,121.7,0.05926,0.552,3.980991984
1559257982175,28.296,121.7,0.05926,0.552,3.980991984
1559257982236,28.357,121.7,0.05944,0.548,3.964148704
1559257982282,28.403,121.7,0.05944,0.548,3.964148704
1559257982328,28.449,121.7,0.05944,0.548,3.964148704
1559257982374,28.495,121.7,0.05944,0.548,3.964148704
1559257982436,28.557,121.7,0.05955,0.548,3.97148478
1559257982482,28.603,121.7,0.05955,0.548,3.97148478
1559257982528,28.649,121.7,0.05955,0.548,3.97148478
1559257982575,28.696,121.7,0.05955,0.548,3.97148478
1559257982636,28.757,121.7,0.05969,0.547,3.973557331
1559257982682,28.803,121.7,0.05969,0.547,3.973557331
1559257982728,28.849,121.7,0.05969,0.547,3.973557331
1559257982774,28.895,121.7,0.05969,0.547,3.973557331
1559257982836,28.957,121.7,0.0597,0.546,3.96695754
1559257982882,29.003,121.7,0.0597,0.546,3.96695754
1559257982928,29.049,121.7,0.0597,0.546,3.96695754
1559257982974,29.095,121.7,0.0597,0.546,3.96695754
1559257983037,29.158,121.7,0.05835,0.546,3.87725247
1559257983083,29.204,121.7,0.05835,0.546,3.87725247
1559257983129,29.25,121.7,0.05835,0.546,3.87725247
1559257983175,29.296,121.7,0.05835,0.546,3.87725247
1559257983236,29.357,121.7,0.05776,0.54,3.79587168
1559257983282,29.403,121.7,0.05776,0.54,3.79587168
1559257983328,29.449,121.7,0.05776,0.54,3.79587168
1559257983374,29.495,121.7,0.05776,0.54,3.79587168
1559257983436,29.557,121.8,0.05766,0.545,3.82752846
1559257983482,29.603,121.8,0.05766,0.545,3.82752846
1559257983528,29.649,121.8,0.05766,0.545,3.82752846
1559257983574,29.695,121.8,0.05766,0.545,3.82752846
1559257983636,29.757,121.7,0.05843,0.547,3.889679257
1559257983682,29.803,121.7,0.05843,0.547,3.889679257
1559257983728,29.849,121.7,0.05843,0.547,3.889679257
1559257983775,29.896,121.7,0.05843,0.547,3.889679257
1559257983836,29.957,121.7,0.05851,0.548,3.902125516
1559257983882,30.003,121.7,0.05851,0.548,3.902125516
1559257983928,30.049,121.7,0.05851,0.548,3.902125516
1559257983974,30.095,121.7,0.05851,0.548,3.902125516
1559257984036,30.157,121.7,0.05942,0.552,3.991740528
1559257984082,30.203,121.7,0.05942,0.552,3.991740528
1559257984129,30.25,121.7,0.05942,0.552,3.991740528
1559257984175,30.296,121.7,0.05942,0.552,3.991740528
1559257984236,30.357,121.8,0.05928,0.552,3.985607808
1559257984282,30.403,121.8,0.05928,0.552,3.985607808
1559257984328,30.449,121.8,0.05928,0.552,3.985607808
1559257984374,30.495,121.8,0.05928,0.552,3.985607808
1559257984436,30.557,121.8,0.05952,0.55,3.9872448
1559257984482,30.603,121.8,0.05952,0.55,3.9872448
1559257984528,30.649,121.8,0.05952,0.55,3.9872448
1559257984574,30.695,121.8,0.05952,0.55,3.9872448
1559257984636,30.757,121.8,0.05891,0.548,3.932030424
1559257984682,30.803,121.8,0.05891,0.548,3.932030424
1559257984728,30.849,121.8,0.05891,0.548,3.932030424
1559257984774,30.895,121.8,0.05891,0.548,3.932030424
1559257984836,30.957,121.7,0.05844,0.549,3.904569252
1559257984882,31.003,121.7,0.05844,0.549,3.904569252
1559257984928,31.049,121.7,0.05844,0.549,3.904569252
1559257984974,31.095,121.7,0.05844,0.549,3.904569252
1559257985037,31.158,121.8,0.05878,0.549,3.930512796
1559257985083,31.204,121.8,0.05878,0.549,3.930512796
1559257985129,31.25,121.8,0.05878,0.549,3.930512796
1559257985175,31.296,121.8,0.05878,0.549,3.930512796
1559257985236,31.357,121.8,0.05896,0.544,3.906642432
1559257985282,31.403,121.8,0.05896,0.544,3.906642432
1559257985329,31.45,121.8,0.05896,0.544,3.906642432
1559257985375,31.496,121.8,0.05896,0.544,3.906642432
1559257985436,31.557,121.8,0.05861,0.547,3.904867806
1559257985482,31.603,121.8,0.05861,0.547,3.904867806
1559257985530,31.651,121.8,0.05861,0.547,3.904867806
1559257985576,31.697,121.8,0.05861,0.547,3.904867806
1559257985637,31.758,121.7,0.05925,0.55,3.96589875
1559257985683,31.804,121.7,0.05925,0.55,3.96589875
1559257985729,31.85,121.7,0.05925,0.55,3.96589875
1559257985775,31.896,121.7,0.05925,0.55,3.96589875
1559257985836,31.957,121.7,0.05934,0.551,3.979144578
1559257985882,32.003,121.7,0.05934,0.551,3.979144578
1559257985928,32.049,121.7,0.05934,0.551,3.979144578
1559257985974,32.095,121.7,0.05934,0.551,3.979144578
1559257986035,32.157,121.7,0.05941,0.55,3.97660835
1559257986081,32.202,121.7,0.05941,0.55,3.97660835
1559257986127,32.248,121.7,0.05941,0.55,3.97660835
1559257986173,32.294,121.7,0.05941,0.55,3.97660835
1559257986236,32.357,121.7,0.05944,0.551,3.985850248
1559257986281,32.402,121.7,0.05944,0.551,3.985850248
1559257986328,32.449,121.7,0.05944,0.551,3.985850248
1559257986374,32.495,121.7,0.05944,0.551,3.985850248
1559257986436,32.557,121.7,0.05949,0.55,3.98196315
1559257986482,32.603,121.7,0.05949,0.55,3.98196315
1559257986528,32.649,121.7,0.05949,0.55,3.98196315
1559257986574,32.695,121.7,0.05949,0.55,3.98196315
1559257986635,32.756,121.7,0.05959,0.548,3.974152444
1559257986681,32.802,121.7,0.05959,0.548,3.974152444
1559257986727,32.848,121.7,0.05959,0.548,3.974152444
1559257986774,32.895,121.7,0.05959,0.548,3.974152444
1559257986836,32.957,121.6,0.05975,0.547,3.9742832
1559257986882,33.003,121.6,0.05975,0.547,3.9742832
1559257986928,33.049,121.6,0.05975,0.547,3.9742832
1559257986974,33.095,121.6,0.05975,0.547,3.9742832
1559257987035,33.157,121.6,0.05966,0.548,3.975551488
1559257987082,33.203,121.6,0.05966,0.548,3.975551488
1559257987128,33.249,121.6,0.05966,0.548,3.975551488
1559257987174,33.295,121.6,0.05966,0.548,3.975551488
1559257987236,33.357,121.6,0.0598,0.547,3.97760896
1559257987282,33.403,121.6,0.0598,0.547,3.97760896
1559257987328,33.449,121.6,0.0598,0.547,3.97760896
1559257987374,33.495,121.6,0.0598,0.547,3.97760896
1559257987435,33.557,121.7,0.06003,0.544,3.974274144
1559257987481,33.602,121.7,0.06003,0.544,3.974274144
1559257987527,33.648,121.7,0.06003,0.544,3.974274144
1559257987574,33.695,121.7,0.06003,0.544,3.974274144
1559257987636,33.757,121.7,0.0601,0.544,3.97890848
1559257987682,33.803,121.7,0.0601,0.544,3.97890848
1559257987728,33.849,121.7,0.0601,0.544,3.97890848
1559257987774,33.895,121.7,0.0601,0.544,3.97890848
1559257987836,33.957,121.7,0.05947,0.55,3.98062445
1559257987882,34.003,121.7,0.05947,0.55,3.98062445
1559257987928,34.05,121.7,0.05947,0.55,3.98062445
1559257987975,34.096,121.7,0.05947,0.55,3.98062445
1559257988036,34.157,121.7,0.0596,0.547,3.96756604
1559257988082,34.203,121.7,0.0596,0.547,3.96756604
1559257988128,34.249,121.7,0.0596,0.547,3.96756604
1559257988174,34.295,121.7,0.0596,0.547,3.96756604
1559257988236,34.357,121.8,0.05881,0.545,3.90386661
1559257988282,34.403,121.8,0.05881,0.545,3.90386661
1559257988329,34.45,121.8,0.05881,0.545,3.90386661
1559257988375,34.496,121.8,0.05881,0.545,3.90386661
1559257988436,34.557,121.8,0.05869,0.545,3.89590089
1559257988482,34.603,121.8,0.05869,0.545,3.89590089
1559257988528,34.649,121.8,0.05869,0.545,3.89590089
1559257988574,34.695,121.8,0.05869,0.545,3.89590089
1559257988635,34.756,121.8,0.05882,0.543,3.890201868
1559257988681,34.802,121.8,0.05882,0.543,3.890201868
1559257988727,34.848,121.8,0.05882,0.543,3.890201868
1559257988774,34.895,121.8,0.05882,0.543,3.890201868
1559257988836,34.957,121.8,0.05852,0.545,3.88461612
1559257988882,35.003,121.8,0.05852,0.545,3.88461612
1559257988928,35.049,121.8,0.05852,0.545,3.88461612
1559257988974,35.095,121.8,0.05852,0.545,3.88461612
1559257989035,35.156,121.8,0.05981,0.539,3.926538462
1559257989081,35.202,121.8,0.05981,0.539,3.926538462
1559257989127,35.248,121.8,0.05981,0.539,3.926538462
1559257989173,35.294,121.8,0.05981,0.539,3.926538462
1559257989236,35.357,121.8,0.05934,0.537,3.881227644
1559257989282,35.403,121.8,0.05934,0.537,3.881227644
1559257989328,35.449,121.8,0.05934,0.537,3.881227644
1559257989374,35.495,121.8,0.05934,0.537,3.881227644
1559257989435,35.556,121.8,0.05934,0.54,3.90291048
1559257989481,35.602,121.8,0.05934,0.54,3.90291048
1559257989527,35.648,121.8,0.05934,0.54,3.90291048
1559257989573,35.694,121.8,0.05934,0.54,3.90291048
1559257989635,35.756,121.7,0.05889,0.543,3.891633759
1559257989681,35.802,121.7,0.05889,0.543,3.891633759
1559257989727,35.848,121.7,0.05889,0.543,3.891633759
1559257989773,35.894,121.7,0.05889,0.543,3.891633759
1559257989835,35.956,121.7,0.05814,0.544,3.849147072
1559257989881,36.002,121.7,0.05814,0.544,3.849147072
1559257989927,36.048,121.7,0.05814,0.544,3.849147072
1559257989974,36.095,121.7,0.05814,0.544,3.849147072
1559257990036,36.157,121.7,0.05944,0.546,3.949681008
1559257990082,36.203,121.7,0.05944,0.546,3.949681008
1559257990128,36.249,121.7,0.05944,0.546,3.949681008
1559257990174,36.296,121.7,0.05944,0.546,3.949681008
1559257990236,36.357,121.7,0.05922,0.544,3.920648256
1559257990282,36.403,121.7,0.05922,0.544,3.920648256
1559257990328,36.449,121.7,0.05922,0.544,3.920648256
1559257990374,36.495,121.7,0.05922,0.544,3.920648256
1559257990435,36.556,121.7,0.05868,0.547,3.906321732
1559257990481,36.602,121.7,0.05868,0.547,3.906321732
1559257990527,36.648,121.7,0.05868,0.547,3.906321732
1559257990573,36.694,121.7,0.05868,0.547,3.906321732
1559257990635,36.756,121.7,0.05852,0.549,3.909914316
1559257990681,36.802,121.7,0.05852,0.549,3.909914316
1559257990728,36.849,121.7,0.05852,0.549,3.909914316
1559257990774,36.895,121.7,0.05852,0.549,3.909914316
1559257990835,36.956,121.6,0.0587,0.547,3.90444224
1559257990881,37.002,121.6,0.0587,0.547,3.90444224
1559257990927,37.048,121.6,0.0587,0.547,3.90444224
1559257990973,37.094,121.6,0.0587,0.547,3.90444224
1559257991035,37.156,121.6,0.05888,0.546,3.909255168
1559257991081,37.202,121.6,0.05888,0.546,3.909255168
1559257991127,37.248,121.6,0.05888,0.546,3.909255168
1559257991173,37.295,121.6,0.05888,0.546,3.909255168
1559257991236,37.357,121.7,0.05862,0.547,3.902327538
1559257991282,37.403,121.7,0.05862,0.547,3.902327538
1559257991328,37.449,121.7,0.05862,0.547,3.902327538
1559257991374,37.495,121.7,0.05862,0.547,3.902327538
1559257991435,37.557,121.7,0.05854,0.548,3.904126264
1559257991482,37.603,121.7,0.05854,0.548,3.904126264
1559257991528,37.649,121.7,0.05854,0.548,3.904126264
1559257991574,37.695,121.7,0.05854,0.548,3.904126264
1559257991635,37.756,121.7,0.0588,0.547,3.91431012
1559257991681,37.802,121.7,0.0588,0.547,3.91431012
1559257991727,37.848,121.7,0.0588,0.547,3.91431012
1559257991773,37.894,121.7,0.0588,0.547,3.91431012
1559257991835,37.957,121.7,0.06027,0.551,4.041507309
1559257991882,38.003,121.7,0.06027,0.551,4.041507309
1559257991928,38.049,121.7,0.06027,0.551,4.041507309
1559257991974,38.095,121.7,0.06027,0.551,4.041507309
1559257992036,38.157,121.7,0.05986,0.548,3.992159176
1559257992082,38.203,121.7,0.05986,0.548,3.992159176
1559257992128,38.249,121.7,0.05986,0.548,3.992159176
1559257992174,38.295,121.7,0.05986,0.548,3.992159176
1559257992235,38.356,121.7,0.05986,0.548,3.992159176
1559257992281,38.402,121.7,0.05986,0.548,3.992159176
1559257992327,38.448,121.7,0.05986,0.548,3.992159176
1559257992373,38.494,121.7,0.05986,0.548,3.992159176
1559257992436,38.557,121.7,0.05951,0.551,3.990544217
1559257992482,38.603,121.7,0.05951,0.551,3.990544217
1559257992528,38.649,121.7,0.05951,0.551,3.990544217
1559257992574,38.695,121.7,0.05951,0.551,3.990544217
1559257992635,38.756,121.8,0.05935,0.551,3.98308533
1559257992682,38.803,121.8,0.05935,0.551,3.98308533
1559257992727,38.849,121.8,0.05935,0.551,3.98308533
1559257992774,38.895,121.8,0.05935,0.551,3.98308533
1559257992835,38.956,121.7,0.05962,0.549,3.983408946
1559257992881,39.002,121.7,0.05962,0.549,3.983408946
1559257992927,39.048,121.7,0.05962,0.549,3.983408946
1559257992973,39.094,121.7,0.05962,0.549,3.983408946
1559257993035,39.156,121.8,0.05965,0.547,3.97415739
1559257993081,39.202,121.8,0.05965,0.547,3.97415739
1559257993128,39.249,121.8,0.05965,0.547,3.97415739
1559257993173,39.295,121.8,0.05965,0.547,3.97415739
1559257993236,39.357,121.8,0.06045,0.549,4.04218269
1559257993282,39.403,121.8,0.06045,0.549,4.04218269
1559257993328,39.449,121.8,0.06045,0.549,4.04218269
1559257993374,39.495,121.8,0.06045,0.549,4.04218269
1559257993435,39.556,121.8,0.06063,0.555,4.09852737
1559257993480,39.601,121.8,0.06063,0.555,4.09852737
1559257993526,39.647,121.8,0.06063,0.555,4.09852737
1559257993572,39.693,121.8,0.06063,0.555,4.09852737
1559257993636,39.757,121.7,0.05964,0.553,4.013777964
1559257993682,39.803,121.7,0.05964,0.553,4.013777964
1559257993728,39.849,121.7,0.05964,0.553,4.013777964
1559257993774,39.895,121.7,0.05964,0.553,4.013777964
1559257993835,39.956,121.7,0.05945,0.552,3.99375588
1559257993881,40.003,121.7,0.05945,0.552,3.99375588
1559257993928,40.049,121.7,0.05945,0.552,3.99375588
1559257993973,40.095,121.7,0.05945,0.552,3.99375588
1559257994035,40.156,121.7,0.06029,0.553,4.057523029
1559257994080,40.202,121.7,0.06029,0.553,4.057523029
1559257994127,40.248,121.7,0.06029,0.553,4.057523029
1559257994173,40.294,121.7,0.06029,0.553,4.057523029
1559257994235,40.356,121.7,0.06042,0.545,4.00744713
1559257994281,40.402,121.7,0.06042,0.545,4.00744713
1559257994327,40.448,121.7,0.06042,0.545,4.00744713
1559257994374,40.495,121.7,0.06042,0.545,4.00744713
1559257994435,40.556,121.7,0.06014,0.547,4.003513786
1559257994481,40.602,121.7,0.06014,0.547,4.003513786
1559257994527,40.648,121.7,0.06014,0.547,4.003513786
1559257994573,40.694,121.7,0.06014,0.547,4.003513786
1559257994635,40.756,121.7,0.05972,0.55,3.9973582
1559257994681,40.802,121.7,0.05972,0.55,3.9973582
1559257994727,40.848,121.7,0.05972,0.55,3.9973582
1559257994774,40.895,121.7,0.05972,0.55,3.9973582
1559257994835,40.956,121.6,0.06005,0.548,4.00153984
1559257994881,41.002,121.6,0.06005,0.548,4.00153984
1559257994927,41.048,121.6,0.06005,0.548,4.00153984
1559257994973,41.094,121.6,0.06005,0.548,4.00153984
1559257995035,41.156,121.6,0.05977,0.551,4.004685632
1559257995081,41.202,121.6,0.05977,0.551,4.004685632
1559257995127,41.248,121.6,0.05977,0.551,4.004685632
1559257995173,41.294,121.6,0.05977,0.551,4.004685632
1559257995235,41.356,121.6,0.06138,0.554,4.134949632
1559257995281,41.402,121.6,0.06138,0.554,4.134949632
1559257995327,41.448,121.6,0.06138,0.554,4.134949632
1559257995373,41.494,121.6,0.06138,0.554,4.134949632
1559257995435,41.556,121.7,0.06057,0.552,4.068995688
1559257995481,41.602,121.7,0.06057,0.552,4.068995688
1559257995527,41.648,121.7,0.06057,0.552,4.068995688
1559257995574,41.695,121.7,0.06057,0.552,4.068995688
1559257995635,41.756,121.7,0.06009,0.551,4.029437103
1559257995681,41.802,121.7,0.06009,0.551,4.029437103
1559257995727,41.848,121.7,0.06009,0.551,4.029437103
1559257995773,41.894,121.7,0.06009,0.551,4.029437103
1559257995835,41.956,121.6,0.06027,0.55,4.0308576
1559257995881,42.002,121.6,0.06027,0.55,4.0308576
1559257995928,42.049,121.6,0.06027,0.55,4.0308576
1559257995974,42.095,121.6,0.06027,0.55,4.0308576
1559257996035,42.156,121.6,0.06028,0.551,4.038856448
1559257996081,42.202,121.6,0.06028,0.551,4.038856448
1559257996127,42.248,121.6,0.06028,0.551,4.038856448
1559257996173,42.294,121.6,0.06028,0.551,4.038856448
1559257996235,42.356,121.7,0.06086,0.551,4.081070762
1559257996281,42.402,121.7,0.06086,0.551,4.081070762
1559257996327,42.448,121.7,0.06086,0.551,4.081070762
1559257996373,42.494,121.7,0.06086,0.551,4.081070762
1559257996435,42.556,121.7,0.06115,0.545,4.055865475
1559257996481,42.602,121.7,0.06115,0.545,4.055865475
1559257996527,42.648,121.7,0.06115,0.545,4.055865475
1559257996574,42.695,121.7,0.06115,0.545,4.055865475
1559257996635,42.756,121.7,0.06028,0.55,4.0348418
1559257996681,42.802,121.7,0.06028,0.55,4.0348418
1559257996727,42.848,121.7,0.06028,0.55,4.0348418
1559257996773,42.894,121.7,0.06028,0.55,4.0348418
1559257996835,42.957,121.7,0.0603,0.55,4.0361805
1559257996881,43.003,121.7,0.0603,0.55,4.0361805
1559257996928,43.049,121.7,0.0603,0.55,4.0361805
1559257996974,43.095,121.7,0.0603,0.55,4.0361805
1559257997035,43.156,121.7,0.06046,0.55,4.0468901
1559257997080,43.201,121.7,0.06046,0.55,4.0468901
1559257997125,43.246,121.7,0.06046,0.55,4.0468901
1559257997171,43.292,121.7,0.06046,0.55,4.0468901
1559257997235,43.356,121.7,0.06088,0.551,4.082411896
1559257997281,43.402,121.7,0.06088,0.551,4.082411896
1559257997328,43.449,121.7,0.06088,0.551,4.082411896
1559257997375,43.496,121.7,0.06088,0.551,4.082411896
1559257997434,43.555,121.8,0.06017,0.554,4.060103124
1559257997480,43.601,121.8,0.06017,0.554,4.060103124
1559257997526,43.647,121.8,0.06017,0.554,4.060103124
1559257997572,43.693,121.8,0.06017,0.554,4.060103124
1559257997635,43.756,121.8,0.06014,0.553,4.050753756
1559257997681,43.802,121.8,0.06014,0.553,4.050753756
1559257997727,43.848,121.8,0.06014,0.553,4.050753756
1559257997773,43.894,121.8,0.06014,0.553,4.050753756
1559257997835,43.956,121.7,0.06042,0.552,4.058918928
1559257997881,44.002,121.7,0.06042,0.552,4.058918928
1559257997927,44.048,121.7,0.06042,0.552,4.058918928
1559257997974,44.095,121.7,0.06042,0.552,4.058918928
1559257998035,44.156,121.7,0.06059,0.555,4.092460665
1559257998081,44.202,121.7,0.06059,0.555,4.092460665
1559257998127,44.248,121.7,0.06059,0.555,4.092460665
1559257998173,44.294,121.7,0.06059,0.555,4.092460665
1559257998235,44.356,121.7,0.06001,0.555,4.053285435
1559257998281,44.402,121.7,0.06001,0.555,4.053285435
1559257998327,44.448,121.7,0.06001,0.555,4.053285435
1559257998374,44.495,121.7,0.06001,0.555,4.053285435
1559257998435,44.556,121.7,0.06005,0.554,4.04867909
1559257998481,44.602,121.7,0.06005,0.554,4.04867909
1559257998527,44.648,121.7,0.06005,0.554,4.04867909
1559257998573,44.694,121.7,0.06005,0.554,4.04867909
1559257998634,44.755,121.7,0.06023,0.556,4.075474996
1559257998680,44.801,121.7,0.06023,0.556,4.075474996
1559257998725,44.847,121.7,0.06023,0.556,4.075474996
1559257998772,44.893,121.7,0.06023,0.556,4.075474996
1559257998835,44.956,121.6,0.0598,0.555,4.0357824
1559257998881,45.002,121.6,0.0598,0.555,4.0357824
1559257998927,45.048,121.6,0.0598,0.555,4.0357824
1559257998973,45.094,121.6,0.0598,0.555,4.0357824
1559257999034,45.156,121.6,0.06032,0.558,4.092880896
1559257999081,45.202,121.6,0.06032,0.558,4.092880896
1559257999127,45.248,121.6,0.06032,0.558,4.092880896
1559257999173,45.294,121.6,0.06032,0.558,4.092880896
1559257999235,45.356,121.6,0.05992,0.556,4.051167232
1559257999281,45.403,121.6,0.05992,0.556,4.051167232
1559257999328,45.449,121.6,0.05992,0.556,4.051167232
1559257999374,45.495,121.6,0.05992,0.556,4.051167232
1559257999435,45.556,121.6,0.0603,0.552,4.04752896
1559257999481,45.602,121.6,0.0603,0.552,4.04752896
1559257999527,45.648,121.6,0.0603,0.552,4.04752896
1559257999573,45.694,121.6,0.0603,0.552,4.04752896
1559257999634,45.755,121.6,0.06046,0.552,4.058268672
1559257999680,45.801,121.6,0.06046,0.552,4.058268672
1559257999726,45.847,121.6,0.06046,0.552,4.058268672
1559257999772,45.893,121.6,0.06046,0.552,4.058268672
1559257999834,45.955,121.6,0.06016,0.554,4.052762624
1559257999880,46.001,121.6,0.06016,0.554,4.052762624
1559257999926,46.048,121.6,0.06016,0.554,4.052762624
1559257999973,46.094,121.6,0.06016,0.554,4.052762624
1559258000035,46.156,121.6,0.06028,0.555,4.06817664
1559258000081,46.202,121.6,0.06028,0.555,4.06817664
1559258000127,46.248,121.6,0.06028,0.555,4.06817664
1559258000173,46.294,121.6,0.06028,0.555,4.06817664
1559258000234,46.355,121.6,0.06021,0.553,4.048809408
1559258000280,46.402,121.6,0.06021,0.553,4.048809408
1559258000326,46.447,121.6,0.06021,0.553,4.048809408
1559258000372,46.494,121.6,0.06021,0.553,4.048809408
1559258000435,46.556,121.7,0.05999,0.554,4.044633782
1559258000481,46.602,121.7,0.05999,0.554,4.044633782
1559258000527,46.648,121.7,0.05999,0.554,4.044633782
1559258000573,46.694,121.7,0.05999,0.554,4.044633782
1559258000634,46.755,121.7,0.06051,0.551,4.057600917
1559258000681,46.802,121.7,0.06051,0.551,4.057600917
1559258000727,46.848,121.7,0.06051,0.551,4.057600917
1559258000773,46.894,121.7,0.06051,0.551,4.057600917
1559258000834,46.955,121.6,0.0603,0.553,4.05486144
1559258000880,47.001,121.6,0.0603,0.553,4.05486144
1559258000926,47.047,121.6,0.0603,0.553,4.05486144
1559258000973,47.094,121.6,0.0603,0.553,4.05486144
1559258001035,47.156,121.6,0.06018,0.555,4.06142784
1559258001081,47.202,121.6,0.06018,0.555,4.06142784
1559258001127,47.248,121.6,0.06018,0.555,4.06142784
1559258001173,47.294,121.6,0.06018,0.555,4.06142784
1559258001235,47.356,121.7,0.06002,0.554,4.046656436
1559258001281,47.402,121.7,0.06002,0.554,4.046656436
1559258001326,47.447,121.7,0.06002,0.554,4.046656436
1559258001372,47.493,121.7,0.06002,0.554,4.046656436
1559258001434,47.556,121.7,0.06045,0.553,4.068291045
1559258001480,47.602,121.7,0.06045,0.553,4.068291045
1559258001527,47.648,121.7,0.06045,0.553,4.068291045
1559258001573,47.694,121.7,0.06045,0.553,4.068291045
1559258001634,47.755,121.7,0.06024,0.552,4.046826816
1559258001680,47.801,121.7,0.06024,0.552,4.046826816
1559258001726,47.847,121.7,0.06024,0.552,4.046826816
1559258001772,47.893,121.7,0.06024,0.552,4.046826816
1559258001834,47.955,121.7,0.06038,0.552,4.056231792
1559258001880,48.001,121.7,0.06038,0.552,4.056231792
1559258001926,48.047,121.7,0.06038,0.552,4.056231792
1559258001972,48.093,121.7,0.06038,0.552,4.056231792
1559258002034,48.156,121.7,0.06058,0.55,4.0549223
1559258002081,48.202,121.7,0.06058,0.55,4.0549223
1559258002127,48.248,121.7,0.06058,0.55,4.0549223
1559258002173,48.294,121.7,0.06058,0.55,4.0549223
1559258002234,48.355,121.7,0.06046,0.551,4.054248082
1559258002280,48.401,121.7,0.06046,0.551,4.054248082
1559258002326,48.447,121.7,0.06046,0.551,4.054248082
1559258002372,48.493,121.7,0.06046,0.551,4.054248082
1559258002434,48.555,121.7,0.06038,0.55,4.0415353
1559258002480,48.601,121.7,0.06038,0.55,4.0415353
1559258002526,48.647,121.7,0.06038,0.55,4.0415353
1559258002572,48.693,121.7,0.06038,0.55,4.0415353
1559258002635,48.756,121.7,0.06035,0.55,4.03952725
1559258002681,48.802,121.7,0.06035,0.55,4.03952725
1559258002727,48.848,121.7,0.06035,0.55,4.03952725
1559258002773,48.894,121.7,0.06035,0.55,4.03952725
1559258002834,48.955,121.7,0.06057,0.552,4.068995688
1559258002880,49.001,121.7,0.06057,0.552,4.068995688
1559258002926,49.047,121.7,0.06057,0.552,4.068995688
1559258002972,49.093,121.7,0.06057,0.552,4.068995688
1559258003034,49.155,121.6,0.06078,0.552,4.079748096
1559258003080,49.201,121.6,0.06078,0.552,4.079748096
1559258003126,49.247,121.6,0.06078,0.552,4.079748096
1559258003172,49.294,121.6,0.06078,0.552,4.079748096
1559258003234,49.355,121.6,0.06019,0.55,4.0255072
1559258003280,49.401,121.6,0.06019,0.55,4.0255072
1559258003326,49.447,121.6,0.06019,0.55,4.0255072
1559258003372,49.493,121.6,0.06019,0.55,4.0255072
1559258003434,49.555,121.6,0.06033,0.549,4.027534272
1559258003481,49.602,121.6,0.06033,0.549,4.027534272
1559258003527,49.648,121.6,0.06033,0.549,4.027534272
1559258003573,49.694,121.6,0.06033,0.549,4.027534272
1559258003634,49.755,121.6,0.06016,0.549,4.016185344
1559258003680,49.801,121.6,0.06016,0.549,4.016185344
1559258003726,49.847,121.6,0.06016,0.549,4.016185344
1559258003772,49.893,121.6,0.06016,0.549,4.016185344
1559258003835,49.956,121.6,0.06056,0.552,4.064980992
1559258003881,50.002,121.6,0.06056,0.552,4.064980992
1559258003927,50.048,121.6,0.06056,0.552,4.064980992
1559258003973,50.094,121.6,0.06056,0.552,4.064980992
1559258004034,50.155,121.6,0.06046,0.554,4.072972544
1559258004080,50.201,121.6,0.06046,0.554,4.072972544
1559258004126,50.247,121.6,0.06046,0.554,4.072972544
1559258004172,50.293,121.6,0.06046,0.554,4.072972544
1559258004234,50.355,121.6,0.05994,0.553,4.030653312
1559258004281,50.402,121.6,0.05994,0.553,4.030653312
1559258004327,50.448,121.6,0.05994,0.553,4.030653312
1559258004373,50.494,121.6,0.05994,0.553,4.030653312
1559258004434,50.555,121.7,0.06037,0.554,4.070254066
1559258004480,50.601,121.7,0.06037,0.554,4.070254066
1559258004526,50.647,121.7,0.06037,0.554,4.070254066
1559258004572,50.693,121.7,0.06037,0.554,4.070254066
1559258004634,50.755,121.7,0.06006,0.554,4.049353308
1559258004680,50.802,121.7,0.06006,0.554,4.049353308
1559258004727,50.848,121.7,0.06006,0.554,4.049353308
1559258004773,50.894,121.7,0.06006,0.554,4.049353308
1559258004834,50.955,121.7,0.05995,0.557,4.063824655
1559258004880,51.001,121.7,0.05995,0.557,4.063824655
1559258004926,51.047,121.7,0.05995,0.557,4.063824655
1559258004972,51.093,121.7,0.05995,0.557,4.063824655
1559258005035,51.156,121.7,0.05998,0.553,4.036659998
1559258005081,51.202,121.7,0.05998,0.553,4.036659998
1559258005127,51.248,121.7,0.05998,0.553,4.036659998
1559258005173,51.294,121.7,0.05998,0.553,4.036659998
1559258005234,51.356,121.7,0.06019,0.552,4.043467896
1559258005281,51.402,121.7,0.06019,0.552,4.043467896
1559258005327,51.448,121.7,0.06019,0.552,4.043467896
1559258005373,51.494,121.7,0.06019,0.552,4.043467896
1559258005434,51.555,121.8,0.0605,0.551,4.0602639
1559258005480,51.601,121.8,0.0605,0.551,4.0602639
1559258005526,51.647,121.8,0.0605,0.551,4.0602639
1559258005572,51.693,121.8,0.0605,0.551,4.0602639
1559258005634,51.755,121.8,0.05994,0.553,4.037282676
1559258005679,51.801,121.8,0.05994,0.553,4.037282676
1559258005726,51.847,121.8,0.05994,0.553,4.037282676
1559258005772,51.893,121.8,0.05994,0.553,4.037282676
1559258005834,51.955,121.8,0.06001,0.552,4.034688336
1559258005880,52.001,121.8,0.06001,0.552,4.034688336
1559258005926,52.047,121.8,0.06001,0.552,4.034688336
1559258005972,52.094,121.8,0.06001,0.552,4.034688336
1559258006034,52.155,121.7,0.06016,0.551,4.034131072
1559258006079,52.2,121.7,0.06016,0.551,4.034131072
1559258006125,52.247,121.7,0.06016,0.551,4.034131072
1559258006171,52.293,121.7,0.06016,0.551,4.034131072
1559258006234,52.355,121.7,0.06054,0.552,4.066980336
1559258006280,52.401,121.7,0.06054,0.552,4.066980336
1559258006326,52.447,121.7,0.06054,0.552,4.066980336
1559258006372,52.493,121.7,0.06054,0.552,4.066980336
1559258006434,52.555,121.7,0.06088,0.552,4.089820992
1559258006480,52.601,121.7,0.06088,0.552,4.089820992
1559258006526,52.648,121.7,0.06088,0.552,4.089820992
1559258006573,52.694,121.7,0.06088,0.552,4.089820992
1559258006634,52.755,121.7,0.06041,0.551,4.050895247
1559258006680,52.801,121.7,0.06041,0.551,4.050895247
1559258006726,52.847,121.7,0.06041,0.551,4.050895247
1559258006772,52.893,121.7,0.06041,0.551,4.050895247
1559258006833,52.954,121.7,0.06025,0.552,4.0474986
1559258006879,53.0,121.7,0.06025,0.552,4.0474986
1559258006925,53.046,121.7,0.06025,0.552,4.0474986
1559258006971,53.092,121.7,0.06025,0.552,4.0474986
1559258007034,53.155,121.7,0.06029,0.552,4.050185736
1559258007080,53.201,121.7,0.06029,0.552,4.050185736
1559258007126,53.247,121.7,0.06029,0.552,4.050185736
1559258007172,53.293,121.7,0.06029,0.552,4.050185736
1559258007234,53.355,121.7,0.06069,0.55,4.06228515
1559258007280,53.401,121.7,0.06069,0.55,4.06228515
1559258007326,53.447,121.7,0.06069,0.55,4.06228515
1559258007373,53.494,121.7,0.06069,0.55,4.06228515
1559258007434,53.555,121.7,0.06075,0.551,4.073694525
1559258007480,53.601,121.7,0.06075,0.551,4.073694525
1559258007526,53.647,121.7,0.06075,0.551,4.073694525
1559258007572,53.693,121.7,0.06075,0.551,4.073694525
1559258007634,53.755,121.7,0.0607,0.55,4.0629545
1559258007680,53.801,121.7,0.0607,0.55,4.0629545
1559258007726,53.847,121.7,0.0607,0.55,4.0629545
1559258007772,53.893,121.7,0.0607,0.55,4.0629545
1559258007833,53.954,121.7,0.0604,0.551,4.05022468
1559258007879,54.0,121.7,0.0604,0.551,4.05022468
1559258007925,54.046,121.7,0.0604,0.551,4.05022468
1559258007971,54.092,121.7,0.0604,0.551,4.05022468
1559258008034,54.155,121.6,0.06048,0.551,4.052256768
1559258008080,54.201,121.6,0.06048,0.551,4.052256768
1559258008126,54.247,121.6,0.06048,0.551,4.052256768
1559258008172,54.293,121.6,0.06048,0.551,4.052256768
1559258008234,54.355,121.7,0.06049,0.552,4.063621416
1559258008280,54.401,121.7,0.06049,0.552,4.063621416
1559258008326,54.447,121.7,0.06049,0.552,4.063621416
1559258008373,54.494,121.7,0.06049,0.552,4.063621416
1559258008434,54.555,121.7,0.06074,0.553,4.087808074
1559258008480,54.601,121.7,0.06074,0.553,4.087808074
1559258008526,54.647,121.7,0.06074,0.553,4.087808074
1559258008572,54.693,121.7,0.06074,0.553,4.087808074
1559258008633,54.754,121.7,0.06016,0.553,4.048774016
1559258008679,54.8,121.7,0.06016,0.553,4.048774016
1559258008725,54.846,121.7,0.06016,0.553,4.048774016
1559258008771,54.892,121.7,0.06016,0.553,4.048774016
1559258008834,54.955,121.7,0.06061,0.549,4.049554113
1559258008880,55.001,121.7,0.06061,0.549,4.049554113
1559258008926,55.047,121.7,0.06061,0.549,4.049554113
1559258008972,55.093,121.7,0.06061,0.549,4.049554113
1559258009034,55.155,121.6,0.06119,0.551,4.099827904
1559258009080,55.201,121.6,0.06119,0.551,4.099827904
1559258009126,55.247,121.6,0.06119,0.551,4.099827904
1559258009172,55.293,121.6,0.06119,0.551,4.099827904
1559258009233,55.354,121.5,0.06041,0.552,4.05157788
1559258009279,55.4,121.5,0.06041,0.552,4.05157788
1559258009325,55.446,121.5,0.06041,0.552,4.05157788
1559258009371,55.492,121.5,0.06041,0.552,4.05157788
1559258009433,55.554,121.6,0.06047,0.551,4.051586752
1559258009479,55.6,121.6,0.06047,0.551,4.051586752
1559258009526,55.647,121.6,0.06047,0.551,4.051586752
1559258009572,55.693,121.6,0.06047,0.551,4.051586752
1559258009634,55.755,121.6,0.06102,0.552,4.095857664
1559258009680,55.801,121.6,0.06102,0.552,4.095857664
1559258009726,55.847,121.6,0.06102,0.552,4.095857664
1559258009772,55.893,121.6,0.06102,0.552,4.095857664
1559258009833,55.954,121.6,0.06018,0.55,4.0248384
1559258009879,56.0,121.6,0.06018,0.55,4.0248384
1559258009926,56.047,121.6,0.06018,0.55,4.0248384
1559258009972,56.093,121.6,0.06018,0.55,4.0248384
1559258010034,56.155,121.6,0.061,0.549,4.0722624
1559258010080,56.201,121.6,0.061,0.549,4.0722624
1559258010126,56.247,121.6,0.061,0.549,4.0722624
1559258010171,56.292,121.6,0.061,0.549,4.0722624
1559258010234,56.355,121.7,0.0632,0.557,4.28413208
1559258010280,56.401,121.7,0.0632,0.557,4.28413208
1559258010326,56.447,121.7,0.0632,0.557,4.28413208
1559258010372,56.493,121.7,0.0632,0.557,4.28413208
1559258010433,56.554,121.7,0.06142,0.549,4.103672886
1559258010479,56.6,121.7,0.06142,0.549,4.103672886
1559258010525,56.646,121.7,0.06142,0.549,4.103672886
1559258010571,56.692,121.7,0.06142,0.549,4.103672886
1559258010633,56.754,121.7,0.06085,0.55,4.07299475
1559258010679,56.8,121.7,0.06085,0.55,4.07299475
1559258010725,56.846,121.7,0.06085,0.55,4.07299475
1559258010771,56.892,121.7,0.06085,0.55,4.07299475
1559258010834,56.955,121.7,0.06126,0.545,4.06316139
1559258010880,57.001,121.7,0.06126,0.545,4.06316139
1559258010926,57.047,121.7,0.06126,0.545,4.06316139
1559258010972,57.093,121.7,0.06126,0.545,4.06316139
1559258011033,57.154,121.6,0.06108,0.547,4.062748416
1559258011079,57.2,121.6,0.06108,0.547,4.062748416
1559258011125,57.246,121.6,0.06108,0.547,4.062748416
1559258011171,57.292,121.6,0.06108,0.547,4.062748416
1559258011234,57.355,121.6,0.06093,0.549,4.067589312
1559258011280,57.401,121.6,0.06093,0.549,4.067589312
1559258011326,57.447,121.6,0.06093,0.549,4.067589312
1559258011372,57.493,121.6,0.06093,0.549,4.067589312
1559258011434,57.555,121.6,0.06121,0.552,4.108611072
1559258011480,57.601,121.6,0.06121,0.552,4.108611072
1559258011526,57.647,121.6,0.06121,0.552,4.108611072
1559258011572,57.693,121.6,0.06121,0.552,4.108611072
1559258011633,57.754,121.6,0.06111,0.544,4.042450944
1559258011679,57.8,121.6,0.06111,0.544,4.042450944
1559258011725,57.846,121.6,0.06111,0.544,4.042450944
1559258011771,57.892,121.6,0.06111,0.544,4.042450944
1559258011834,57.955,121.6,0.06167,0.549,4.116990528
1559258011880,58.001,121.6,0.06167,0.549,4.116990528
1559258011926,58.047,121.6,0.06167,0.549,4.116990528
1559258011972,58.093,121.6,0.06167,0.549,4.116990528
1559258012033,58.154,121.6,0.0638,0.564,4.37555712
1559258012079,58.2,121.6,0.0638,0.564,4.37555712
1559258012126,58.247,121.6,0.0638,0.564,4.37555712
1559258012172,58.293,121.6,0.0638,0.564,4.37555712
1559258012233,58.354,121.6,0.06243,0.557,4.228458816
1559258012279,58.4,121.6,0.06243,0.557,4.228458816
1559258012325,58.446,121.6,0.06243,0.557,4.228458816
1559258012371,58.492,121.6,0.06243,0.557,4.228458816
1559258012433,58.554,121.6,0.06227,0.548,4.149473536
1559258012480,58.601,121.6,0.06227,0.548,4.149473536
1559258012526,58.647,121.6,0.06227,0.548,4.149473536
1559258012572,58.693,121.6,0.06227,0.548,4.149473536
1559258012633,58.754,121.6,0.06154,0.552,4.130761728
1559258012679,58.8,121.6,0.06154,0.552,4.130761728
1559258012725,58.846,121.6,0.06154,0.552,4.130761728
1559258012771,58.892,121.6,0.06154,0.552,4.130761728
1559258012833,58.954,121.6,0.06175,0.552,4.1448576
1559258012880,59.001,121.6,0.06175,0.552,4.1448576
1559258012926,59.047,121.6,0.06175,0.552,4.1448576
1559258012974,59.096,121.6,0.06175,0.552,4.1448576
1559258013033,59.154,121.6,0.0625,0.543,4.1268
1559258013079,59.2,121.6,0.0625,0.543,4.1268
1559258013125,59.246,121.6,0.0625,0.543,4.1268
1559258013171,59.292,121.6,0.0625,0.543,4.1268
1559258013233,59.354,121.6,0.06234,0.548,4.154138112
1559258013279,59.4,121.6,0.06234,0.548,4.154138112
1559258013324,59.445,121.6,0.06234,0.548,4.154138112
1559258013370,59.491,121.6,0.06234,0.548,4.154138112
1559258013434,59.555,121.6,0.06182,0.554,4.164590848
1559258013480,59.601,121.6,0.06182,0.554,4.164590848
1559258013526,59.647,121.6,0.06182,0.554,4.164590848
1559258013571,59.692,121.6,0.06182,0.554,4.164590848
1559258013633,59.754,121.6,0.06245,0.552,4.19184384
1559258013678,59.799,121.6,0.06245,0.552,4.19184384
1559258013725,59.846,121.6,0.06245,0.552,4.19184384
1559258013771,59.892,121.6,0.06245,0.552,4.19184384
1559258013833,59.954,121.7,0.06294,0.55,4.2128889
1559258013879,60.0,121.7,0.06294,0.55,4.2128889
1559258013925,60.046,121.7,0.06294,0.55,4.2128889
1559258013971,60.092,121.7,0.06294,0.55,4.2128889
1559258014034,60.155,121.6,0.0635,0.55,4.24688
1559258014080,60.201,121.6,0.0635,0.55,4.24688
1559258014126,60.247,121.6,0.0635,0.55,4.24688
1559258014172,60.293,121.6,0.0635,0.55,4.24688
1559258014233,60.354,121.7,0.06236,0.554,4.204423448
1559258014279,60.4,121.7,0.06236,0.554,4.204423448
1559258014325,60.446,121.7,0.06236,0.554,4.204423448
1559258014371,60.492,121.7,0.06236,0.554,4.204423448
1559258014433,60.554,121.7,0.06193,0.554,4.175432074
1559258014479,60.6,121.7,0.06193,0.554,4.175432074
1559258014525,60.646,121.7,0.06193,0.554,4.175432074
1559258014571,60.692,121.7,0.06193,0.554,4.175432074
1559258014634,60.755,121.6,0.06411,0.555,4.32665568
1559258014680,60.801,121.6,0.06411,0.555,4.32665568
1559258014726,60.847,121.6,0.06411,0.555,4.32665568
1559258014772,60.893,121.6,0.06411,0.555,4.32665568
1559258014833,60.954,121.5,0.06617,0.557,4.478087835
1559258014879,61.0,121.5,0.06617,0.557,4.478087835
1559258014925,61.046,121.5,0.06617,0.557,4.478087835
1559258014971,61.092,121.5,0.06617,0.557,4.478087835
1559258015033,61.154,121.5,0.06514,0.556,4.40046756
1559258015079,61.2,121.5,0.06514,0.556,4.40046756
1559258015125,61.246,121.5,0.06514,0.556,4.40046756
1559258015171,61.292,121.5,0.06514,0.556,4.40046756
1559258015233,61.354,121.5,0.06567,0.555,4.428292275
1559258015278,61.399,121.5,0.06567,0.555,4.428292275
1559258015325,61.446,121.5,0.06567,0.555,4.428292275
1559258015371,61.492,121.5,0.06567,0.555,4.428292275
1559258015433,61.554,121.5,0.06567,0.555,4.428292275
1559258015479,61.6,121.5,0.06567,0.555,4.428292275
1559258015525,61.646,121.5,0.06567,0.555,4.428292275
1559258015571,61.692,121.5,0.06567,0.555,4.428292275
1559258015633,61.754,121.6,0.06579,0.555,4.44003552
1559258015680,61.801,121.6,0.06579,0.555,4.44003552
1559258015726,61.847,121.6,0.06579,0.555,4.44003552
1559258015772,61.893,121.6,0.06579,0.555,4.44003552
1559258015832,61.953,121.5,0.06578,0.557,4.45169439
1559258015878,61.999,121.5,0.06578,0.557,4.45169439
1559258015925,62.046,121.5,0.06578,0.557,4.45169439
1559258015971,62.092,121.5,0.06578,0.557,4.45169439
1559258016033,62.154,121.5,0.06584,0.558,4.46375448
1559258016079,62.2,121.5,0.06584,0.558,4.46375448
1559258016125,62.246,121.5,0.06584,0.558,4.46375448
1559258016172,62.293,121.5,0.06584,0.558,4.46375448
1559258016233,62.354,121.5,0.06492,0.558,4.40138124
1559258016279,62.4,121.5,0.06492,0.558,4.40138124
1559258016326,62.447,121.5,0.06492,0.558,4.40138124
1559258016372,62.493,121.5,0.06492,0.558,4.40138124
1559258016433,62.554,121.5,0.06522,0.558,4.42172034
1559258016479,62.6,121.5,0.06522,0.558,4.42172034
1559258016525,62.646,121.5,0.06522,0.558,4.42172034
1559258016571,62.692,121.5,0.06522,0.558,4.42172034
1559258016633,62.754,121.6,0.0695,0.558,4.7157696
1559258016680,62.801,121.6,0.0695,0.558,4.7157696
1559258016726,62.847,121.6,0.0695,0.558,4.7157696
1559258016772,62.893,121.6,0.0695,0.558,4.7157696
1559258016832,62.953,121.7,0.06597,0.564,4.528101636
1559258016878,62.999,121.7,0.06597,0.564,4.528101636
1559258016924,63.045,121.7,0.06597,0.564,4.528101636
1559258016974,63.095,121.7,0.06597,0.564,4.528101636
1559258017033,63.154,121.7,0.06443,0.562,4.406715622
1559258017079,63.2,121.7,0.06443,0.562,4.406715622
1559258017126,63.247,121.7,0.06443,0.562,4.406715622
1559258017172,63.293,121.7,0.06443,0.562,4.406715622
1559258017233,63.354,121.7,0.06312,0.551,4.232618904
1559258017279,63.4,121.7,0.06312,0.551,4.232618904
1559258017325,63.446,121.7,0.06312,0.551,4.232618904
1559258017371,63.492,121.7,0.06312,0.551,4.232618904
1559258017433,63.554,121.6,0.06931,0.558,4.702877568
1559258017479,63.6,121.6,0.06931,0.558,4.702877568
1559258017525,63.646,121.6,0.06931,0.558,4.702877568
1559258017572,63.693,121.6,0.06931,0.558,4.702877568
1559258017633,63.754,121.7,0.06484,0.55,4.3400654
1559258017679,63.8,121.7,0.06484,0.55,4.3400654
1559258017725,63.846,121.7,0.06484,0.55,4.3400654
1559258017771,63.892,121.7,0.06484,0.55,4.3400654
1559258017832,63.953,121.7,0.06479,0.554,4.368258422
1559258017878,63.999,121.7,0.06479,0.554,4.368258422
1559258017924,64.045,121.7,0.06479,0.554,4.368258422
1559258017970,64.091,121.7,0.06479,0.554,4.368258422
1559258018033,64.154,121.6,0.06412,0.56,4.36631552
1559258018079,64.2,121.6,0.06412,0.56,4.36631552
1559258018125,64.246,121.6,0.06412,0.56,4.36631552
1559258018171,64.292,121.6,0.06412,0.56,4.36631552
1559258018233,64.354,121.6,0.06519,0.56,4.43917824
1559258018279,64.4,121.6,0.06519,0.56,4.43917824
1559258018325,64.446,121.6,0.06519,0.56,4.43917824
1559258018372,64.493,121.6,0.06519,0.56,4.43917824
1559258018433,64.554,121.6,0.06639,0.559,4.512820416
1559258018479,64.6,121.6,0.06639,0.559,4.512820416
1559258018525,64.646,121.6,0.06639,0.559,4.512820416
1559258018571,64.692,121.6,0.06639,0.559,4.512820416
1559258018632,64.753,121.7,0.06632,0.559,4.511769496
1559258018678,64.799,121.7,0.06632,0.559,4.511769496
1559258018724,64.845,121.7,0.06632,0.559,4.511769496
1559258018770,64.891,121.7,0.06632,0.559,4.511769496
1559258018833,64.954,121.6,0.06661,0.553,4.479176128
1559258018879,65.0,121.6,0.06661,0.553,4.479176128
1559258018925,65.046,121.6,0.06661,0.553,4.479176128
1559258018971,65.092,121.6,0.06661,0.553,4.479176128
1559258019032,65.153,121.5,0.0639,0.557,4.32446445
1559258019078,65.199,121.5,0.0639,0.557,4.32446445
1559258019124,65.245,121.5,0.0639,0.557,4.32446445
1559258019170,65.291,121.5,0.0639,0.557,4.32446445
1559258019233,65.354,121.5,0.06901,0.558,4.67867097
1559258019279,65.4,121.5,0.06901,0.558,4.67867097
1559258019325,65.446,121.5,0.06901,0.558,4.67867097
1559258019371,65.492,121.5,0.06901,0.558,4.67867097
1559258019432,65.553,121.5,0.06885,0.557,4.659458175
1559258019478,65.599,121.5,0.06885,0.557,4.659458175
1559258019524,65.645,121.5,0.06885,0.557,4.659458175
1559258019570,65.691,121.5,0.06885,0.557,4.659458175
1559258019633,65.754,121.5,0.06652,0.552,4.46136336
1559258019679,65.8,121.5,0.06652,0.552,4.46136336
1559258019725,65.846,121.5,0.06652,0.552,4.46136336
1559258019771,65.892,121.5,0.06652,0.552,4.46136336
1559258019832,65.953,121.5,0.06425,0.548,4.2778935
1559258019878,65.999,121.5,0.06425,0.548,4.2778935
1559258019924,66.045,121.5,0.06425,0.548,4.2778935
1559258019970,66.091,121.5,0.06425,0.548,4.2778935
1559258020033,66.154,121.5,0.06687,0.553,4.492961865
1559258020079,66.2,121.5,0.06687,0.553,4.492961865
1559258020125,66.246,121.5,0.06687,0.553,4.492961865
1559258020171,66.292,121.5,0.06687,0.553,4.492961865
1559258020232,66.353,121.5,0.06694,0.556,4.52206476
1559258020278,66.399,121.5,0.06694,0.556,4.52206476
1559258020324,66.445,121.5,0.06694,0.556,4.52206476
1559258020370,66.491,121.5,0.06694,0.556,4.52206476
1559258020433,66.554,121.5,0.06488,0.553,4.35925476
1559258020479,66.6,121.5,0.06488,0.553,4.35925476
1559258020525,66.646,121.5,0.06488,0.553,4.35925476
1559258020571,66.692,121.5,0.06488,0.553,4.35925476
1559258020632,66.753,121.5,0.06509,0.55,4.34963925
1559258020678,66.799,121.5,0.06509,0.55,4.34963925
1559258020725,66.846,121.5,0.06509,0.55,4.34963925
1559258020771,66.892,121.5,0.06509,0.55,4.34963925
1559258020832,66.953,121.5,0.06634,0.554,4.46541174
1559258020878,66.999,121.5,0.06634,0.554,4.46541174
1559258020934,67.055,121.5,0.06634,0.554,4.46541174
1559258020980,67.101,121.5,0.06634,0.554,4.46541174
1559258021032,67.153,121.5,0.0667,0.557,4.51395585
1559258021078,67.199,121.5,0.0667,0.557,4.51395585
1559258021123,67.244,121.5,0.0667,0.557,4.51395585
1559258021169,67.29,121.5,0.0667,0.557,4.51395585
1559258021232,67.353,121.5,0.06678,0.557,4.51936989
1559258021278,67.399,121.5,0.06678,0.557,4.51936989
1559258021324,67.445,121.5,0.06678,0.557,4.51936989
1559258021370,67.491,121.5,0.06678,0.557,4.51936989
1559258021433,67.554,121.5,0.06577,0.556,4.44302658
1559258021479,67.6,121.5,0.06577,0.556,4.44302658
1559258021525,67.646,121.5,0.06577,0.556,4.44302658
1559258021571,67.692,121.5,0.06577,0.556,4.44302658
1559258021632,67.753,121.6,0.06482,0.553,4.358807936
1559258021678,67.799,121.6,0.06482,0.553,4.358807936
1559258021724,67.845,121.6,0.06482,0.553,4.358807936
1559258021770,67.891,121.6,0.06482,0.553,4.358807936
1559258021832,67.953,121.7,0.06871,0.568,4.749619976
1559258021878,67.999,121.7,0.06871,0.568,4.749619976
1559258021924,68.045,121.7,0.06871,0.568,4.749619976
1559258021970,68.091,121.7,0.06871,0.568,4.749619976
1559258022033,68.154,121.6,0.06796,0.56,4.62780416
1559258022079,68.2,121.6,0.06796,0.56,4.62780416
1559258022125,68.246,121.6,0.06796,0.56,4.62780416
1559258022171,68.292,121.6,0.06796,0.56,4.62780416
1559258022232,68.353,121.5,0.06487,0.561,4.421636505
1559258022278,68.399,121.5,0.06487,0.561,4.421636505
1559258022324,68.445,121.5,0.06487,0.561,4.421636505
1559258022370,68.491,121.5,0.06487,0.561,4.421636505
1559258022433,68.554,121.6,0.06427,0.558,4.360899456
1559258022479,68.6,121.6,0.06427,0.558,4.360899456
1559258022525,68.646,121.6,0.06427,0.558,4.360899456
1559258022571,68.692,121.6,0.06427,0.558,4.360899456
1559258022632,68.753,121.6,0.0637,0.558,4.32222336
1559258022678,68.799,121.6,0.0637,0.558,4.32222336
1559258022725,68.846,121.6,0.0637,0.558,4.32222336
1559258022771,68.892,121.6,0.0637,0.558,4.32222336
1559258022832,68.953,121.6,0.06258,0.557,4.238618496
1559258022878,68.999,121.6,0.06258,0.557,4.238618496
1559258022924,69.045,121.6,0.06258,0.557,4.238618496
1559258022970,69.091,121.6,0.06258,0.557,4.238618496
1559258023032,69.153,121.6,0.06688,0.557,4.529862656
1559258023079,69.2,121.6,0.06688,0.557,4.529862656
1559258023125,69.246,121.6,0.06688,0.557,4.529862656
1559258023171,69.292,121.6,0.06688,0.557,4.529862656
1559258023232,69.353,121.5,0.06434,0.55,4.2995205
1559258023278,69.399,121.5,0.06434,0.55,4.2995205
1559258023324,69.445,121.5,0.06434,0.55,4.2995205
1559258023370,69.491,121.5,0.06434,0.55,4.2995205
1559258023432,69.553,121.5,0.05062,0.531,3.26582523
1559258023478,69.599,121.5,0.05062,0.531,3.26582523
1559258023525,69.646,121.5,0.05062,0.531,3.26582523
1559258023571,69.692,121.5,0.05062,0.531,3.26582523
1559258023632,69.753,121.5,0.04976,0.526,3.18011184
1559258023678,69.799,121.5,0.04976,0.526,3.18011184
1559258023724,69.845,121.5,0.04976,0.526,3.18011184
1559258023770,69.891,121.5,0.04976,0.526,3.18011184
1559258023832,69.953,121.5,0.04946,0.525,3.15492975
1559258023878,69.999,121.5,0.04946,0.525,3.15492975
1559258023924,70.045,121.5,0.04946,0.525,3.15492975
1559258023970,70.091,121.5,0.04946,0.525,3.15492975
1559258024033,70.154,121.4,0.04974,0.523,3.158102028
1559258024079,70.2,121.4,0.04974,0.523,3.158102028
1559258024125,70.246,121.4,0.04974,0.523,3.158102028
1559258024172,70.293,121.4,0.04974,0.523,3.158102028
1559258024232,70.353,121.4,0.04966,0.522,3.146993928
1559258024278,70.399,121.4,0.04966,0.522,3.146993928
1559258024324,70.445,121.4,0.04966,0.522,3.146993928
1559258024370,70.491,121.4,0.04966,0.522,3.146993928
1559258024432,70.553,121.4,0.04964,0.523,3.151752808
1559258024478,70.599,121.4,0.04964,0.523,3.151752808
1559258024524,70.645,121.4,0.04964,0.523,3.151752808
1559258024570,70.691,121.4,0.04964,0.523,3.151752808
1559258024632,70.753,121.4,0.04964,0.522,3.145726512
1559258024678,70.799,121.4,0.04964,0.522,3.145726512
1559258024724,70.845,121.4,0.04964,0.522,3.145726512
1559258024770,70.891,121.4,0.04964,0.522,3.145726512
1559258024832,70.953,121.4,0.04962,0.522,3.144459096
1559258024880,71.001,121.4,0.04962,0.522,3.144459096
1559258024925,71.046,121.4,0.04962,0.522,3.144459096
1559258024971,71.092,121.4,0.04962,0.522,3.144459096
1559258025032,71.153,121.4,0.04961,0.522,3.143825388
1559258025078,71.199,121.4,0.04961,0.522,3.143825388
1559258025123,71.244,121.4,0.04961,0.522,3.143825388
1559258025169,71.29,121.4,0.04961,0.522,3.143825388
1559258025232,71.353,121.4,0.04933,0.524,3.138058888
1559258025277,71.398,121.4,0.04933,0.524,3.138058888
1559258025323,71.444,121.4,0.04933,0.524,3.138058888
1559258025369,71.49,121.4,0.04933,0.524,3.138058888
1559258025431,71.552,121.5,0.04924,0.527,3.15286182
1559258025477,71.599,121.5,0.04924,0.527,3.15286182
1559258025523,71.645,121.5,0.04924,0.527,3.15286182
1559258025569,71.69,121.5,0.04924,0.527,3.15286182
1559258025632,71.753,121.5,0.04921,0.525,3.138982875
1559258025678,71.799,121.5,0.04921,0.525,3.138982875
1559258025724,71.845,121.5,0.04921,0.525,3.138982875
1559258025771,71.892,121.5,0.04921,0.525,3.138982875
1559258025832,71.953,121.5,0.04929,0.526,3.15007461
1559258025878,71.999,121.5,0.04929,0.526,3.15007461
1559258025924,72.045,121.5,0.04929,0.526,3.15007461
1559258025970,72.091,121.5,0.04929,0.526,3.15007461
1559258026032,72.153,121.6,0.04943,0.523,3.143589824
1559258026078,72.199,121.6,0.04943,0.523,3.143589824
1559258026124,72.245,121.6,0.04943,0.523,3.143589824
1559258026170,72.291,121.6,0.04943,0.523,3.143589824
1559258026231,72.353,121.6,0.0493,0.524,3.14131712
1559258026277,72.398,121.6,0.0493,0.524,3.14131712
1559258026323,72.444,121.6,0.0493,0.524,3.14131712
1559258026369,72.49,121.6,0.0493,0.524,3.14131712
1559258026432,72.553,121.6,0.04921,0.524,3.135582464
1559258026478,72.599,121.6,0.04921,0.524,3.135582464
1559258026524,72.645,121.6,0.04921,0.524,3.135582464
1559258026570,72.691,121.6,0.04921,0.524,3.135582464
1559258026632,72.753,121.6,0.0494,0.527,3.16571008
1559258026678,72.799,121.6,0.0494,0.527,3.16571008
1559258026724,72.845,121.6,0.0494,0.527,3.16571008
1559258026771,72.892,121.6,0.0494,0.527,3.16571008
1559258026832,72.953,121.6,0.04912,0.526,3.141793792
1559258026878,72.999,121.6,0.04912,0.526,3.141793792
1559258026924,73.045,121.6,0.04912,0.526,3.141793792
1559258026970,73.091,121.6,0.04912,0.526,3.141793792
1559258027032,73.153,121.6,0.04941,0.523,3.142317888
1559258027078,73.199,121.6,0.04941,0.523,3.142317888
1559258027124,73.245,121.6,0.04941,0.523,3.142317888
1559258027170,73.292,121.6,0.04941,0.523,3.142317888
1559258027231,73.352,121.6,0.05028,0.513,3.136506624
1559258027277,73.398,121.6,0.05028,0.513,3.136506624
1559258027323,73.444,121.6,0.05028,0.513,3.136506624
1559258027369,73.49,121.6,0.05028,0.513,3.136506624
1559258027432,73.553,121.5,0.04952,0.521,3.13469028
1559258027478,73.599,121.5,0.04952,0.521,3.13469028
1559258027524,73.645,121.5,0.04952,0.521,3.13469028
1559258027570,73.691,121.5,0.04952,0.521,3.13469028
1559258027632,73.753,121.6,0.04984,0.517,3.133301248
1559258027678,73.799,121.6,0.04984,0.517,3.133301248
1559258027724,73.845,121.6,0.04984,0.517,3.133301248
1559258027770,73.891,121.6,0.04984,0.517,3.133301248
1559258027831,73.952,121.6,0.05033,0.512,3.133505536
1559258027877,73.998,121.6,0.05033,0.512,3.133505536
1559258027924,74.045,121.6,0.05033,0.512,3.133505536
1559258027970,74.091,121.6,0.05033,0.512,3.133505536
1559258028032,74.153,121.6,0.0502,0.514,3.13762048
1559258028078,74.199,121.6,0.0502,0.514,3.13762048
1559258028124,74.245,121.6,0.0502,0.514,3.13762048
1559258028170,74.291,121.6,0.0502,0.514,3.13762048
1559258028231,74.352,121.5,0.0497,0.519,3.13400745
1559258028277,74.398,121.5,0.0497,0.519,3.13400745
1559258028323,74.444,121.5,0.0497,0.519,3.13400745
1559258028369,74.49,121.5,0.0497,0.519,3.13400745
1559258028432,74.553,121.5,0.04965,0.521,3.142919475
1559258028478,74.599,121.5,0.04965,0.521,3.142919475
1559258028524,74.645,121.5,0.04965,0.521,3.142919475
1559258028570,74.691,121.5,0.04965,0.521,3.142919475
1559258028631,74.752,121.5,0.0499,0.517,3.13449345
1559258028677,74.798,121.5,0.0499,0.517,3.13449345
1559258028723,74.844,121.5,0.0499,0.517,3.13449345
1559258028769,74.89,121.5,0.0499,0.517,3.13449345
1559258028831,74.952,121.6,0.04993,0.516,3.132887808
1559258028878,74.999,121.6,0.04993,0.516,3.132887808
1559258028924,75.045,121.6,0.04993,0.516,3.132887808
1559258028970,75.091,121.6,0.04993,0.516,3.132887808
1559258029031,75.152,121.5,0.04933,0.522,3.12865659
1559258029077,75.198,121.5,0.04933,0.522,3.12865659
1559258029123,75.244,121.5,0.04933,0.522,3.12865659
1559258029169,75.29,121.5,0.04933,0.522,3.12865659
1559258029231,75.352,121.5,0.04986,0.518,3.13803882
1559258029277,75.398,121.5,0.04986,0.518,3.13803882
1559258029323,75.444,121.5,0.04986,0.518,3.13803882
1559258029370,75.491,121.5,0.04986,0.518,3.13803882
1559258029432,75.553,121.5,0.04915,0.525,3.135155625
1559258029478,75.599,121.5,0.04915,0.525,3.135155625
1559258029524,75.645,121.5,0.04915,0.525,3.135155625
1559258029570,75.691,121.5,0.04915,0.525,3.135155625
1559258029632,75.753,121.6,0.04957,0.52,3.13441024
1559258029678,75.799,121.6,0.04957,0.52,3.13441024
1559258029724,75.845,121.6,0.04957,0.52,3.13441024
1559258029770,75.891,121.6,0.04957,0.52,3.13441024
1559258029831,75.952,121.6,0.0496,0.519,3.13027584
1559258029877,75.998,121.6,0.0496,0.519,3.13027584
1559258029923,76.044,121.6,0.0496,0.519,3.13027584
1559258029969,76.09,121.6,0.0496,0.519,3.13027584
1559258030031,76.152,121.6,0.04972,0.519,3.137849088
1559258030077,76.198,121.6,0.04972,0.519,3.137849088
1559258030124,76.245,121.6,0.04972,0.519,3.137849088
1559258030170,76.291,121.6,0.04972,0.519,3.137849088
1559258030232,76.353,121.6,0.04952,0.52,3.13124864
1559258030278,76.399,121.6,0.04952,0.52,3.13124864
1559258030324,76.445,121.6,0.04952,0.52,3.13124864
1559258030370,76.491,121.6,0.04952,0.52,3.13124864
1559258030431,76.552,121.6,0.04945,0.521,3.13283552
1559258030478,76.599,121.6,0.04945,0.521,3.13283552
1559258030524,76.645,121.6,0.04945,0.521,3.13283552
1559258030570,76.691,121.6,0.04945,0.521,3.13283552
1559258030631,76.752,121.7,0.04981,0.517,3.133990409
1559258030677,76.798,121.7,0.04981,0.517,3.133990409
1559258030723,76.844,121.7,0.04981,0.517,3.133990409
1559258030769,76.89,121.7,0.04981,0.517,3.133990409
1559258030832,76.953,121.7,0.04984,0.516,3.129812448
1559258030878,76.999,121.7,0.04984,0.516,3.129812448
1559258030924,77.045,121.7,0.04984,0.516,3.129812448
1559258030970,77.091,121.7,0.04984,0.516,3.129812448
1559258031031,77.152,121.7,0.05005,0.514,3.13081769
1559258031077,77.198,121.7,0.05005,0.514,3.13081769
1559258031123,77.244,121.7,0.05005,0.514,3.13081769
1559258031169,77.29,121.7,0.05005,0.514,3.13081769
1559258031231,77.352,121.6,0.05008,0.514,3.130120192
1559258031277,77.398,121.6,0.05008,0.514,3.130120192
1559258031323,77.444,121.6,0.05008,0.514,3.130120192
1559258031369,77.49,121.6,0.05008,0.514,3.130120192
1559258031432,77.553,121.6,0.04999,0.516,3.136652544
1559258031478,77.599,121.6,0.04999,0.516,3.136652544
1559258031524,77.645,121.6,0.04999,0.516,3.136652544
1559258031570,77.691,121.6,0.04999,0.516,3.136652544
1559258031631,77.752,121.7,0.0503,0.518,3.17094218
1559258031677,77.798,121.7,0.0503,0.518,3.17094218
1559258031723,77.844,121.7,0.0503,0.518,3.17094218
1559258031769,77.89,121.7,0.0503,0.518,3.17094218
1559258031832,77.953,121.6,0.04928,0.522,3.128057856
1559258031878,77.999,121.6,0.04928,0.522,3.128057856
1559258031924,78.045,121.6,0.04928,0.522,3.128057856
1559258031970,78.091,121.6,0.04928,0.522,3.128057856
1559258032031,78.152,121.6,0.04953,0.52,3.13188096
1559258032077,78.198,121.6,0.04953,0.52,3.13188096
1559258032123,78.244,121.6,0.04953,0.52,3.13188096
1559258032170,78.291,121.6,0.04953,0.52,3.13188096
1559258032231,78.352,121.5,0.04948,0.52,3.1261464
1559258032277,78.398,121.5,0.04948,0.52,3.1261464
1559258032323,78.444,121.5,0.04948,0.52,3.1261464
1559258032369,78.49,121.5,0.04948,0.52,3.1261464
1559258032431,78.552,121.5,0.04944,0.521,3.12962616
1559258032477,78.598,121.5,0.04944,0.521,3.12962616
1559258032523,78.644,121.5,0.04944,0.521,3.12962616
1559258032569,78.69,121.5,0.04944,0.521,3.12962616
1559258032631,78.752,121.6,0.05024,0.512,3.127902208
1559258032677,78.798,121.6,0.05024,0.512,3.127902208
1559258032723,78.844,121.6,0.05024,0.512,3.127902208
1559258032769,78.89,121.6,0.05024,0.512,3.127902208
1559258032831,78.952,121.6,0.04978,0.517,3.129529216
1559258032877,78.998,121.6,0.04978,0.517,3.129529216
1559258032923,79.044,121.6,0.04978,0.517,3.129529216
1559258032970,79.091,121.6,0.04978,0.517,3.129529216
1559258033031,79.152,121.6,0.05021,0.514,3.138245504
1559258033077,79.198,121.6,0.05021,0.514,3.138245504
1559258033123,79.244,121.6,0.05021,0.514,3.138245504
1559258033169,79.29,121.6,0.05021,0.514,3.138245504
1559258033231,79.352,121.5,0.04951,0.52,3.1280418
1559258033277,79.398,121.5,0.04951,0.52,3.1280418
1559258033323,79.444,121.5,0.04951,0.52,3.1280418
1559258033369,79.49,121.5,0.04951,0.52,3.1280418
1559258033431,79.552,121.5,0.04915,0.524,3.1291839
1559258033478,79.599,121.5,0.04915,0.524,3.1291839
1559258033524,79.645,121.5,0.04915,0.524,3.1291839
1559258033570,79.691,121.5,0.04915,0.524,3.1291839
1559258033631,79.752,121.6,0.04992,0.515,3.12619008
1559258033677,79.798,121.6,0.04992,0.515,3.12619008
1559258033723,79.844,121.6,0.04992,0.515,3.12619008
1559258033769,79.89,121.6,0.04992,0.515,3.12619008
1559258033831,79.952,121.6,0.04941,0.52,3.12429312
1559258033877,79.998,121.6,0.04941,0.52,3.12429312
1559258033924,80.045,121.6,0.04941,0.52,3.12429312
1559258033970,80.091,121.6,0.04941,0.52,3.12429312
1559258034031,80.152,121.6,0.05005,0.514,3.12824512
1559258034077,80.198,121.6,0.05005,0.514,3.12824512
1559258034123,80.244,121.6,0.05005,0.514,3.12824512
1559258034168,80.289,121.6,0.05005,0.514,3.12824512
1559258034231,80.352,121.6,0.04961,0.518,3.124874368
1559258034277,80.398,121.6,0.04961,0.518,3.124874368
1559258034323,80.444,121.6,0.04961,0.518,3.124874368
1559258034369,80.49,121.6,0.04961,0.518,3.124874368
1559258034431,80.552,121.7,0.05017,0.514,3.138324146
1559258034478,80.599,121.7,0.05017,0.514,3.138324146
1559258034524,80.645,121.7,0.05017,0.514,3.138324146
1559258034570,80.691,121.7,0.05017,0.514,3.138324146
1559258034631,80.752,121.6,0.04958,0.519,3.129013632
1559258034678,80.8,121.6,0.04958,0.519,3.129013632
1559258034724,80.845,121.6,0.04958,0.519,3.129013632
1559258034770,80.891,121.6,0.04958,0.519,3.129013632
1559258034831,80.952,121.6,0.04917,0.523,3.127054656
1559258034877,80.998,121.6,0.04917,0.523,3.127054656
1559258034923,81.044,121.6,0.04917,0.523,3.127054656
1559258034969,81.09,121.6,0.04917,0.523,3.127054656
1559258035031,81.152,121.6,0.04903,0.524,3.124113152
1559258035077,81.198,121.6,0.04903,0.524,3.124113152
1559258035123,81.244,121.6,0.04903,0.524,3.124113152
1559258035169,81.29,121.6,0.04903,0.524,3.124113152
1559258035231,81.352,121.6,0.04895,0.525,3.124968
1559258035277,81.398,121.6,0.04895,0.525,3.124968
1559258035323,81.444,121.6,0.04895,0.525,3.124968
1559258035369,81.49,121.6,0.04895,0.525,3.124968
1559258035431,81.552,121.6,0.049,0.525,3.12816
1559258035477,81.598,121.6,0.049,0.525,3.12816
1559258035523,81.644,121.6,0.049,0.525,3.12816
1559258035569,81.69,121.6,0.049,0.525,3.12816
1559258035631,81.752,121.7,0.04979,0.516,3.126672588
1559258035677,81.798,121.7,0.04979,0.516,3.126672588
1559258035724,81.845,121.7,0.04979,0.516,3.126672588
1559258035770,81.891,121.7,0.04979,0.516,3.126672588
1559258035831,81.952,121.7,0.0504,0.51,3.1281768
1559258035877,81.998,121.7,0.0504,0.51,3.1281768
1559258035923,82.044,121.7,0.0504,0.51,3.1281768
1559258035969,82.09,121.7,0.0504,0.51,3.1281768
1559258036030,82.151,121.6,0.04985,0.517,3.13392992
1559258036076,82.197,121.6,0.04985,0.517,3.13392992
1559258036123,82.244,121.6,0.04985,0.517,3.13392992
1559258036169,82.29,121.6,0.04985,0.517,3.13392992
1559258036231,82.352,121.5,0.04947,0.521,3.131525205
1559258036277,82.398,121.5,0.04947,0.521,3.131525205
1559258036323,82.444,121.5,0.04947,0.521,3.131525205
1559258036369,82.49,121.5,0.04947,0.521,3.131525205
1559258036430,82.551,121.5,0.04979,0.517,3.127583745
1559258036476,82.597,121.5,0.04979,0.517,3.127583745
1559258036522,82.643,121.5,0.04979,0.517,3.127583745
1559258036568,82.689,121.5,0.04979,0.517,3.127583745
1559258036630,82.751,121.6,0.05052,0.511,3.139191552
1559258036676,82.797,121.6,0.05052,0.511,3.139191552
1559258036723,82.844,121.6,0.05052,0.511,3.139191552
1559258036769,82.89,121.6,0.05052,0.511,3.139191552
1559258036831,82.952,121.6,0.05035,0.51,3.1225056
1559258036877,82.998,121.6,0.05035,0.51,3.1225056
1559258036923,83.044,121.6,0.05035,0.51,3.1225056
1559258036969,83.09,121.6,0.05035,0.51,3.1225056
1559258037031,83.152,121.6,0.05024,0.512,3.127902208
1559258037077,83.198,121.6,0.05024,0.512,3.127902208
1559258037123,83.244,121.6,0.05024,0.512,3.127902208
1559258037169,83.29,121.6,0.05024,0.512,3.127902208
1559258037231,83.352,121.6,0.05027,0.512,3.129769984
1559258037277,83.398,121.6,0.05027,0.512,3.129769984
1559258037323,83.444,121.6,0.05027,0.512,3.129769984
1559258037369,83.49,121.6,0.05027,0.512,3.129769984
1559258037430,83.551,121.6,0.05035,0.512,3.13475072
1559258037476,83.597,121.6,0.05035,0.512,3.13475072
1559258037524,83.645,121.6,0.05035,0.512,3.13475072
1559258037570,83.691,121.6,0.05035,0.512,3.13475072
1559258037631,83.752,121.5,0.04968,0.518,3.12671016
1559258037677,83.798,121.5,0.04968,0.518,3.12671016
1559258037723,83.844,121.5,0.04968,0.518,3.12671016
1559258037769,83.89,121.5,0.04968,0.518,3.12671016
1559258037830,83.951,121.6,0.04993,0.515,3.12681632
1559258037875,83.996,121.6,0.04993,0.515,3.12681632
1559258037921,84.042,121.6,0.04993,0.515,3.12681632
1559258037966,84.087,121.6,0.04993,0.515,3.12681632
1559258038031,84.152,121.6,0.05023,0.511,3.121171648
1559258038077,84.198,121.6,0.05023,0.511,3.121171648
1559258038123,84.244,121.6,0.05023,0.511,3.121171648
1559258038169,84.29,121.6,0.05023,0.511,3.121171648
1559258038231,84.352,121.6,0.0502,0.513,3.13151616
1559258038276,84.397,121.6,0.0502,0.513,3.13151616
1559258038323,84.444,121.6,0.0502,0.513,3.13151616
1559258038369,84.49,121.6,0.0502,0.513,3.13151616
1559258038430,84.551,121.6,0.04979,0.516,3.124103424
1559258038476,84.597,121.6,0.04979,0.516,3.124103424
1559258038522,84.643,121.6,0.04979,0.516,3.124103424
1559258038568,84.689,121.6,0.04979,0.516,3.124103424
1559258038630,84.751,121.7,0.04993,0.514,3.123311234
1559258038676,84.797,121.7,0.04993,0.514,3.123311234
1559258038722,84.843,121.7,0.04993,0.514,3.123311234
1559258038768,84.889,121.7,0.04993,0.514,3.123311234
1559258038830,84.951,121.7,0.0498,0.516,3.12730056
1559258038876,84.997,121.7,0.0498,0.516,3.12730056
1559258038923,85.044,121.7,0.0498,0.516,3.12730056
1559258038969,85.09,121.7,0.0498,0.516,3.12730056
1559258039031,85.152,121.7,0.04979,0.517,3.132732031
1559258039077,85.198,121.7,0.04979,0.517,3.132732031
1559258039123,85.244,121.7,0.04979,0.517,3.132732031
1559258039170,85.291,121.7,0.04979,0.517,3.132732031
1559258039231,85.352,121.7,0.04956,0.518,3.124292136
1559258039276,85.397,121.7,0.04956,0.518,3.124292136
1559258039322,85.443,121.7,0.04956,0.518,3.124292136
1559258039369,85.49,121.7,0.04956,0.518,3.124292136
1559258039431,85.552,121.7,0.0499,0.515,3.12750745
1559258039477,85.598,121.7,0.0499,0.515,3.12750745
1559258039523,85.644,121.7,0.0499,0.515,3.12750745
1559258039569,85.69,121.7,0.0499,0.515,3.12750745
1559258039630,85.751,121.7,0.05006,0.513,3.125350926
1559258039676,85.797,121.7,0.05006,0.513,3.125350926
1559258039722,85.843,121.7,0.05006,0.513,3.125350926
1559258039769,85.89,121.7,0.05006,0.513,3.125350926
1559258039831,85.952,121.7,0.04973,0.516,3.122904756
1559258039877,85.998,121.7,0.04973,0.516,3.122904756
1559258039923,86.044,121.7,0.04973,0.516,3.122904756
1559258039969,86.09,121.7,0.04973,0.516,3.122904756
1559258040030,86.151,121.7,0.05002,0.513,3.122853642
1559258040076,86.197,121.7,0.05002,0.513,3.122853642
1559258040122,86.243,121.7,0.05002,0.513,3.122853642
1559258040168,86.289,121.7,0.05002,0.513,3.122853642
1559258040231,86.352,121.6,0.04974,0.517,3.127014528
1559258040277,86.398,121.6,0.04974,0.517,3.127014528
1559258040323,86.444,121.6,0.04974,0.517,3.127014528
1559258040369,86.49,121.6,0.04974,0.517,3.127014528
1559258040430,86.551,121.6,0.04971,0.518,3.131173248
1559258040476,86.597,121.6,0.04971,0.518,3.131173248
1559258040522,86.643,121.6,0.04971,0.518,3.131173248
1559258040568,86.689,121.6,0.04971,0.518,3.131173248
1559258040631,86.752,121.6,0.04964,0.517,3.120727808
1559258040677,86.798,121.6,0.04964,0.517,3.120727808
1559258040723,86.844,121.6,0.04964,0.517,3.120727808
1559258040769,86.89,121.6,0.04964,0.517,3.120727808
1559258040830,86.951,121.6,0.04977,0.516,3.122848512
1559258040876,86.997,121.6,0.04977,0.516,3.122848512
1559258040922,87.043,121.6,0.04977,0.516,3.122848512
1559258040968,87.089,121.6,0.04977,0.516,3.122848512
1559258041030,87.152,121.6,0.04949,0.519,3.123333696
1559258041076,87.197,121.6,0.04949,0.519,3.123333696
1559258041123,87.244,121.6,0.04949,0.519,3.123333696
1559258041169,87.29,121.6,0.04949,0.519,3.123333696
1559258041230,87.351,121.5,0.04979,0.517,3.127583745
1559258041276,87.397,121.5,0.04979,0.517,3.127583745
1559258041322,87.443,121.5,0.04979,0.517,3.127583745
1559258041368,87.489,121.5,0.04979,0.517,3.127583745
1559258041430,87.551,121.6,0.05002,0.514,3.126370048
1559258041476,87.597,121.6,0.05002,0.514,3.126370048
1559258041522,87.643,121.6,0.05002,0.514,3.126370048
1559258041568,87.689,121.6,0.05002,0.514,3.126370048
1559258041631,87.752,121.5,0.04938,0.523,3.13782741
1559258041677,87.798,121.5,0.04938,0.523,3.13782741
1559258041723,87.844,121.5,0.04938,0.523,3.13782741
1559258041769,87.89,121.5,0.04938,0.523,3.13782741
1559258041830,87.951,121.6,0.04935,0.521,3.12650016
1559258041876,87.997,121.6,0.04935,0.521,3.12650016
1559258041922,88.043,121.6,0.04935,0.521,3.12650016
1559258041968,88.089,121.6,0.04935,0.521,3.12650016
1559258042030,88.152,121.5,0.04966,0.519,3.13148511
1559258042077,88.198,121.5,0.04966,0.519,3.13148511
1559258042123,88.244,121.5,0.04966,0.519,3.13148511
1559258042169,88.29,121.5,0.04966,0.519,3.13148511
1559258042230,88.351,121.6,0.04993,0.515,3.12681632
1559258042276,88.397,121.6,0.04993,0.515,3.12681632
1559258042322,88.443,121.6,0.04993,0.515,3.12681632
1559258042369,88.49,121.6,0.04993,0.515,3.12681632
1559258042430,88.551,121.6,0.04951,0.52,3.13061632
1559258042476,88.597,121.6,0.04951,0.52,3.13061632
1559258042522,88.643,121.6,0.04951,0.52,3.13061632
1559258042568,88.689,121.6,0.04951,0.52,3.13061632
1559258042630,88.751,121.6,0.04988,0.515,3.12368512
1559258042676,88.797,121.6,0.04988,0.515,3.12368512
1559258042722,88.843,121.6,0.04988,0.515,3.12368512
1559258042769,88.89,121.6,0.04988,0.515,3.12368512
1559258042830,88.951,121.6,0.04936,0.52,3.12113152
1559258042875,88.996,121.6,0.04936,0.52,3.12113152
1559258042921,89.042,121.6,0.04936,0.52,3.12113152
1559258042967,89.088,121.6,0.04936,0.52,3.12113152
1559258043029,89.151,121.6,0.04937,0.52,3.12176384
1559258043075,89.196,121.6,0.04937,0.52,3.12176384
1559258043121,89.242,121.6,0.04937,0.52,3.12176384
1559258043168,89.289,121.6,0.04937,0.52,3.12176384
1559258043230,89.351,121.6,0.04973,0.517,3.126385856
1559258043276,89.397,121.6,0.04973,0.517,3.126385856
1559258043322,89.443,121.6,0.04973,0.517,3.126385856
1559258043369,89.49,121.6,0.04973,0.517,3.126385856
1559258043430,89.551,121.6,0.04963,0.52,3.13820416
1559258043475,89.596,121.6,0.04963,0.52,3.13820416
1559258043522,89.643,121.6,0.04963,0.52,3.13820416
1559258043568,89.689,121.6,0.04963,0.52,3.13820416
1559258043630,89.751,121.6,0.04969,0.517,3.123871168
