# Thu May 30 19:44:08 2019
abstime,time_stamp,volt,curr,pf,mul
1559270648338,0.079,122.2,0.06058,0.551,4.078984676
1559270648385,0.126,122.2,0.06058,0.551,4.078984676
1559270648431,0.172,122.2,0.06058,0.551,4.078984676
1559270648477,0.218,122.2,0.06058,0.551,4.078984676
1559270648523,0.264,122.2,0.06481,0.561,4.442997702
1559270648569,0.31,122.2,0.06481,0.561,4.442997702
1559270648615,0.356,122.2,0.06481,0.561,4.442997702
1559270648661,0.402,122.2,0.06481,0.561,4.442997702
1559270648714,0.455,122.2,0.06403,0.561,4.389525426
1559270648759,0.5,122.2,0.06403,0.561,4.389525426
1559270648804,0.545,122.2,0.06403,0.561,4.389525426
1559270648850,0.591,122.2,0.06403,0.561,4.389525426
1559270648914,0.655,122.2,0.06385,0.563,4.39279061
1559270648960,0.701,122.2,0.06385,0.563,4.39279061
1559270649007,0.748,122.2,0.06385,0.563,4.39279061
1559270649053,0.794,122.2,0.06385,0.563,4.39279061
1559270649114,0.855,122.2,0.06424,0.562,4.411771936
1559270649160,0.901,122.2,0.06424,0.562,4.411771936
1559270649206,0.947,122.2,0.06424,0.562,4.411771936
1559270649252,0.993,122.2,0.06424,0.562,4.411771936
1559270649313,1.055,122.2,0.06442,0.562,4.424133688
1559270649360,1.101,122.2,0.06442,0.562,4.424133688
1559270649406,1.147,122.2,0.06442,0.562,4.424133688
1559270649452,1.193,122.2,0.06442,0.562,4.424133688
1559270649513,1.254,122.2,0.06423,0.562,4.411085172
1559270649559,1.3,122.2,0.06423,0.562,4.411085172
1559270649605,1.346,122.2,0.06423,0.562,4.411085172
1559270649651,1.392,122.2,0.06423,0.562,4.411085172
1559270649713,1.454,122.2,0.06419,0.563,4.416182134
1559270649759,1.501,122.2,0.06419,0.563,4.416182134
1559270649806,1.547,122.2,0.06419,0.563,4.416182134
1559270649852,1.593,122.2,0.06419,0.563,4.416182134
1559270649913,1.654,122.2,0.06415,0.563,4.41343019
1559270649959,1.7,122.2,0.06415,0.563,4.41343019
1559270650005,1.746,122.2,0.06415,0.563,4.41343019
1559270650051,1.792,122.2,0.06415,0.563,4.41343019
1559270650113,1.854,122.2,0.0641,0.563,4.40999026
1559270650159,1.9,122.2,0.0641,0.563,4.40999026
1559270650205,1.946,122.2,0.0641,0.563,4.40999026
1559270650251,1.992,122.2,0.0641,0.563,4.40999026
1559270650314,2.055,122.3,0.06447,0.561,4.423306041
1559270650359,2.101,122.3,0.06447,0.561,4.423306041
1559270650406,2.147,122.3,0.06447,0.561,4.423306041
1559270650452,2.193,122.3,0.06447,0.561,4.423306041
1559270650513,2.254,122.3,0.0644,0.561,4.41850332
1559270650559,2.3,122.3,0.0644,0.561,4.41850332
1559270650605,2.346,122.3,0.0644,0.561,4.41850332
1559270650651,2.392,122.3,0.0644,0.561,4.41850332
1559270650714,2.455,122.3,0.06471,0.558,4.416030414
1559270650760,2.501,122.3,0.06471,0.558,4.416030414
1559270650806,2.547,122.3,0.06471,0.558,4.416030414
1559270650852,2.593,122.3,0.06471,0.558,4.416030414
1559270650913,2.654,122.2,0.06474,0.558,4.414465224
1559270650959,2.7,122.2,0.06474,0.558,4.414465224
1559270651005,2.746,122.2,0.06474,0.558,4.414465224
1559270651051,2.792,122.2,0.06474,0.558,4.414465224
1559270651113,2.854,122.3,0.06477,0.557,4.412203647
1559270651160,2.901,122.3,0.06477,0.557,4.412203647
1559270651206,2.947,122.3,0.06477,0.557,4.412203647
1559270651252,2.993,122.3,0.06477,0.557,4.412203647
1559270651313,3.054,122.3,0.06479,0.558,4.421489886
1559270651359,3.1,122.3,0.06479,0.558,4.421489886
1559270651405,3.146,122.3,0.06479,0.558,4.421489886
1559270651451,3.192,122.3,0.06479,0.558,4.421489886
1559270651513,3.255,122.3,0.06442,0.561,4.419875526
1559270651560,3.301,122.3,0.06442,0.561,4.419875526
1559270651606,3.347,122.3,0.06442,0.561,4.419875526
1559270651652,3.393,122.3,0.06442,0.561,4.419875526
1559270651713,3.454,122.3,0.06434,0.56,4.40651792
1559270651759,3.5,122.3,0.06434,0.56,4.40651792
1559270651805,3.546,122.3,0.06434,0.56,4.40651792
1559270651851,3.593,122.3,0.06434,0.56,4.40651792
1559270651914,3.655,122.2,0.0643,0.56,4.4001776
1559270651960,3.701,122.2,0.0643,0.56,4.4001776
1559270652006,3.747,122.2,0.0643,0.56,4.4001776
1559270652052,3.793,122.2,0.0643,0.56,4.4001776
1559270652113,3.854,122.2,0.06478,0.561,4.440941076
1559270652159,3.901,122.2,0.06478,0.561,4.440941076
1559270652206,3.947,122.2,0.06478,0.561,4.440941076
1559270652254,3.995,122.2,0.06478,0.561,4.440941076
1559270652313,4.054,122.2,0.06459,0.56,4.42002288
1559270652360,4.101,122.2,0.06459,0.56,4.42002288
1559270652406,4.147,122.2,0.06459,0.56,4.42002288
1559270652452,4.193,122.2,0.06459,0.56,4.42002288
1559270652513,4.254,122.2,0.06422,0.562,4.410398408
1559270652559,4.3,122.2,0.06422,0.562,4.410398408
1559270652604,4.345,122.2,0.06422,0.562,4.410398408
1559270652650,4.391,122.2,0.06422,0.562,4.410398408
1559270652713,4.454,122.2,0.06503,0.562,4.466026292
1559270652759,4.5,122.2,0.06503,0.562,4.466026292
1559270652804,4.545,122.2,0.06503,0.562,4.466026292
1559270652850,4.591,122.2,0.06503,0.562,4.466026292
1559270652914,4.655,122.1,0.06444,0.563,4.429753812
1559270652959,4.7,122.1,0.06444,0.563,4.429753812
1559270653005,4.746,122.1,0.06444,0.563,4.429753812
1559270653051,4.792,122.1,0.06444,0.563,4.429753812
1559270653113,4.854,122.1,0.06433,0.562,4.414337466
1559270653159,4.9,122.1,0.06433,0.562,4.414337466
1559270653205,4.946,122.1,0.06433,0.562,4.414337466
1559270653251,4.993,122.1,0.06433,0.562,4.414337466
1559270653313,5.054,122.2,0.065,0.562,4.463966
1559270653359,5.1,122.2,0.065,0.562,4.463966
1559270653405,5.146,122.2,0.065,0.562,4.463966
1559270653451,5.192,122.2,0.065,0.562,4.463966
1559270653513,5.254,122.2,0.06436,0.564,4.435742688
1559270653559,5.3,122.2,0.06436,0.564,4.435742688
1559270653605,5.346,122.2,0.06436,0.564,4.435742688
1559270653651,5.392,122.2,0.06436,0.564,4.435742688
1559270653714,5.455,122.2,0.06454,0.564,4.448148432
1559270653760,5.501,122.2,0.06454,0.564,4.448148432
1559270653806,5.547,122.2,0.06454,0.564,4.448148432
1559270653852,5.593,122.2,0.06454,0.564,4.448148432
1559270653913,5.654,122.2,0.06447,0.562,4.427567508
1559270653959,5.701,122.2,0.06447,0.562,4.427567508
1559270654006,5.747,122.2,0.06447,0.562,4.427567508
1559270654052,5.793,122.2,0.06447,0.562,4.427567508
1559270654113,5.854,122.2,0.06463,0.563,4.446453518
1559270654159,5.9,122.2,0.06463,0.563,4.446453518
1559270654205,5.946,122.2,0.06463,0.563,4.446453518
1559270654251,5.992,122.2,0.06463,0.563,4.446453518
1559270654313,6.054,122.2,0.06439,0.563,4.429941854
1559270654358,6.099,122.2,0.06439,0.563,4.429941854
1559270654405,6.146,122.2,0.06439,0.563,4.429941854
1559270654451,6.192,122.2,0.06439,0.563,4.429941854
1559270654513,6.254,122.3,0.06449,0.562,4.432565374
1559270654559,6.3,122.3,0.06449,0.562,4.432565374
1559270654605,6.346,122.3,0.06449,0.562,4.432565374
1559270654651,6.392,122.3,0.06449,0.562,4.432565374
1559270654714,6.455,122.3,0.06458,0.562,4.438751308
1559270654760,6.501,122.3,0.06458,0.562,4.438751308
1559270654806,6.547,122.3,0.06458,0.562,4.438751308
1559270654852,6.593,122.3,0.06458,0.562,4.438751308
1559270654913,6.654,122.3,0.0647,0.562,4.44699922
1559270654959,6.7,122.3,0.0647,0.562,4.44699922
1559270655005,6.746,122.3,0.0647,0.562,4.44699922
1559270655051,6.792,122.3,0.0647,0.562,4.44699922
1559270655113,6.854,122.3,0.06476,0.563,4.459043324
1559270655159,6.9,122.3,0.06476,0.563,4.459043324
1559270655205,6.946,122.3,0.06476,0.563,4.459043324
1559270655251,6.992,122.3,0.06476,0.563,4.459043324
1559270655313,7.054,122.3,0.06478,0.562,4.452497828
1559270655359,7.1,122.3,0.06478,0.562,4.452497828
1559270655405,7.146,122.3,0.06478,0.562,4.452497828
1559270655452,7.193,122.3,0.06478,0.562,4.452497828
1559270655513,7.254,122.3,0.06441,0.564,4.442821452
1559270655558,7.299,122.3,0.06441,0.564,4.442821452
1559270655604,7.345,122.3,0.06441,0.564,4.442821452
1559270655651,7.392,122.3,0.06441,0.564,4.442821452
1559270655713,7.454,122.3,0.0643,0.564,4.43523396
1559270655759,7.5,122.3,0.0643,0.564,4.43523396
1559270655805,7.546,122.3,0.0643,0.564,4.43523396
1559270655851,7.592,122.3,0.0643,0.564,4.43523396
1559270655913,7.654,122.2,0.06453,0.561,4.423802526
1559270655959,7.7,122.2,0.06453,0.561,4.423802526
1559270656006,7.747,122.2,0.06453,0.561,4.423802526
1559270656052,7.793,122.2,0.06453,0.561,4.423802526
1559270656113,7.854,122.2,0.06478,0.561,4.440941076
1559270656159,7.9,122.2,0.06478,0.561,4.440941076
1559270656204,7.945,122.2,0.06478,0.561,4.440941076
1559270656252,7.993,122.2,0.06478,0.561,4.440941076
1559270656313,8.054,122.2,0.06457,0.563,4.442325602
1559270656359,8.1,122.2,0.06457,0.563,4.442325602
1559270656406,8.147,122.2,0.06457,0.563,4.442325602
1559270656452,8.193,122.2,0.06457,0.563,4.442325602
1559270656513,8.254,122.2,0.06445,0.563,4.43406977
1559270656559,8.3,122.2,0.06445,0.563,4.43406977
1559270656605,8.346,122.2,0.06445,0.563,4.43406977
1559270656651,8.392,122.2,0.06445,0.563,4.43406977
1559270656712,8.454,122.2,0.06462,0.562,4.437868968
1559270656759,8.5,122.2,0.06462,0.562,4.437868968
1559270656805,8.546,122.2,0.06462,0.562,4.437868968
1559270656851,8.592,122.2,0.06462,0.562,4.437868968
1559270656913,8.654,122.2,0.06466,0.563,4.448517476
1559270656960,8.701,122.2,0.06466,0.563,4.448517476
1559270657011,8.752,122.2,0.06466,0.563,4.448517476
1559270657056,8.797,122.2,0.06466,0.563,4.448517476
1559270657112,8.853,122.2,0.06474,0.562,4.446110136
1559270657158,8.899,122.2,0.06474,0.562,4.446110136
1559270657204,8.945,122.2,0.06474,0.562,4.446110136
1559270657250,8.991,122.2,0.06474,0.562,4.446110136
1559270657313,9.054,122.2,0.06477,0.56,4.43234064
1559270657358,9.099,122.2,0.06477,0.56,4.43234064
1559270657404,9.145,122.2,0.06477,0.56,4.43234064
1559270657449,9.19,122.2,0.06477,0.56,4.43234064
1559270657512,9.253,122.2,0.06457,0.562,4.434435148
1559270657558,9.299,122.2,0.06457,0.562,4.434435148
1559270657603,9.344,122.2,0.06457,0.562,4.434435148
1559270657649,9.39,122.2,0.06457,0.562,4.434435148
1559270657713,9.454,122.2,0.06456,0.563,4.441637616
1559270657759,9.5,122.2,0.06456,0.563,4.441637616
1559270657805,9.546,122.2,0.06456,0.563,4.441637616
1559270657851,9.592,122.2,0.06456,0.563,4.441637616
1559270657913,9.654,122.2,0.06491,0.561,4.449853122
1559270657959,9.7,122.2,0.06491,0.561,4.449853122
1559270658005,9.746,122.2,0.06491,0.561,4.449853122
1559270658051,9.793,122.2,0.06491,0.561,4.449853122
1559270658112,9.854,122.2,0.06469,0.561,4.434771198
1559270658159,9.9,122.2,0.06469,0.561,4.434771198
1559270658205,9.946,122.2,0.06469,0.561,4.434771198
1559270658251,9.992,122.2,0.06469,0.561,4.434771198
1559270658313,10.054,122.3,0.06446,0.563,4.438386854
1559270658359,10.1,122.3,0.06446,0.563,4.438386854
1559270658405,10.146,122.3,0.06446,0.563,4.438386854
1559270658451,10.192,122.3,0.06446,0.563,4.438386854
1559270658512,10.254,122.3,0.06475,0.563,4.458354775
1559270658559,10.3,122.3,0.06475,0.563,4.458354775
1559270658605,10.346,122.3,0.06475,0.563,4.458354775
1559270658651,10.392,122.3,0.06475,0.563,4.458354775
1559270658713,10.454,122.3,0.06467,0.561,4.437028101
1559270658759,10.5,122.3,0.06467,0.561,4.437028101
1559270658805,10.546,122.3,0.06467,0.561,4.437028101
1559270658851,10.592,122.3,0.06467,0.561,4.437028101
1559270658912,10.653,122.3,0.06467,0.561,4.437028101
1559270658958,10.7,122.3,0.06467,0.561,4.437028101
1559270659005,10.746,122.3,0.06467,0.561,4.437028101
1559270659051,10.792,122.3,0.06467,0.561,4.437028101
1559270659112,10.853,122.3,0.06486,0.559,4.434199302
1559270659158,10.899,122.3,0.06486,0.559,4.434199302
1559270659204,10.945,122.3,0.06486,0.559,4.434199302
1559270659250,10.992,122.3,0.06486,0.559,4.434199302
1559270659313,11.054,122.3,0.06458,0.562,4.438751308
1559270659359,11.1,122.3,0.06458,0.562,4.438751308
1559270659405,11.146,122.3,0.06458,0.562,4.438751308
1559270659451,11.192,122.3,0.06458,0.562,4.438751308
1559270659512,11.253,122.3,0.06435,0.563,4.430812815
1559270659558,11.299,122.3,0.06435,0.563,4.430812815
1559270659605,11.346,122.3,0.06435,0.563,4.430812815
1559270659651,11.392,122.3,0.06435,0.563,4.430812815
1559270659713,11.454,122.3,0.06471,0.562,4.447686546
1559270659759,11.5,122.3,0.06471,0.562,4.447686546
1559270659805,11.546,122.3,0.06471,0.562,4.447686546
1559270659851,11.593,122.3,0.06471,0.562,4.447686546
1559270659913,11.654,122.2,0.06451,0.562,4.430314564
1559270659959,11.7,122.2,0.06451,0.562,4.430314564
1559270660005,11.746,122.2,0.06451,0.562,4.430314564
1559270660051,11.792,122.2,0.06451,0.562,4.430314564
1559270660112,11.853,122.2,0.06463,0.561,4.430657946
1559270660158,11.899,122.2,0.06463,0.561,4.430657946
1559270660204,11.945,122.2,0.06463,0.561,4.430657946
1559270660251,11.992,122.2,0.06463,0.561,4.430657946
1559270660313,12.054,122.2,0.06465,0.56,4.4241288
1559270660359,12.1,122.2,0.06465,0.56,4.4241288
1559270660405,12.146,122.2,0.06465,0.56,4.4241288
1559270660451,12.192,122.2,0.06465,0.56,4.4241288
1559270660512,12.253,122.2,0.06449,0.563,4.436821714
1559270660558,12.299,122.2,0.06449,0.563,4.436821714
1559270660604,12.345,122.2,0.06449,0.563,4.436821714
1559270660650,12.391,122.2,0.06449,0.563,4.436821714
1559270660713,12.454,122.2,0.06468,0.562,4.441989552
1559270660759,12.5,122.2,0.06468,0.562,4.441989552
1559270660805,12.546,122.2,0.06468,0.562,4.441989552
1559270660851,12.592,122.2,0.06468,0.562,4.441989552
1559270660912,12.653,122.2,0.06439,0.563,4.429941854
1559270660958,12.699,122.2,0.06439,0.563,4.429941854
1559270661004,12.745,122.2,0.06439,0.563,4.429941854
1559270661050,12.791,122.2,0.06439,0.563,4.429941854
1559270661113,12.854,122.1,0.06464,0.563,4.443502272
1559270661159,12.9,122.1,0.06464,0.563,4.443502272
1559270661205,12.946,122.1,0.06464,0.563,4.443502272
1559270661251,12.992,122.1,0.06464,0.563,4.443502272
1559270661313,13.054,122.2,0.06449,0.564,4.444702392
1559270661359,13.1,122.2,0.06449,0.564,4.444702392
1559270661405,13.146,122.2,0.06449,0.564,4.444702392
1559270661451,13.192,122.2,0.06449,0.564,4.444702392
1559270661512,13.253,122.2,0.06452,0.563,4.438885672
1559270661558,13.299,122.2,0.06452,0.563,4.438885672
1559270661604,13.345,122.2,0.06452,0.563,4.438885672
1559270661651,13.392,122.2,0.06452,0.563,4.438885672
1559270661713,13.454,122.2,0.06458,0.562,4.435121912
1559270661759,13.5,122.2,0.06458,0.562,4.435121912
1559270661805,13.546,122.2,0.06458,0.562,4.435121912
1559270661851,13.592,122.2,0.06458,0.562,4.435121912
1559270661912,13.653,122.2,0.06464,0.562,4.439242496
1559270661958,13.699,122.2,0.06464,0.562,4.439242496
1559270662005,13.746,122.2,0.06464,0.562,4.439242496
1559270662051,13.792,122.2,0.06464,0.562,4.439242496
1559270662112,13.853,122.2,0.06464,0.563,4.447141504
1559270662158,13.899,122.2,0.06464,0.563,4.447141504
1559270662204,13.945,122.2,0.06464,0.563,4.447141504
1559270662250,13.991,122.2,0.06464,0.563,4.447141504
1559270662312,14.053,122.2,0.0647,0.562,4.44336308
1559270662358,14.099,122.2,0.0647,0.562,4.44336308
1559270662404,14.145,122.2,0.0647,0.562,4.44336308
1559270662451,14.192,122.2,0.0647,0.562,4.44336308
1559270662512,14.253,122.3,0.06445,0.563,4.437698305
1559270662558,14.299,122.3,0.06445,0.563,4.437698305
1559270662604,14.345,122.3,0.06445,0.563,4.437698305
1559270662650,14.391,122.3,0.06445,0.563,4.437698305
1559270662712,14.453,122.3,0.06458,0.562,4.438751308
1559270662759,14.5,122.3,0.06458,0.562,4.438751308
1559270662805,14.546,122.3,0.06458,0.562,4.438751308
1559270662851,14.592,122.3,0.06458,0.562,4.438751308
1559270662912,14.653,122.3,0.06455,0.562,4.43668933
1559270662958,14.699,122.3,0.06455,0.562,4.43668933
1559270663004,14.745,122.3,0.06455,0.562,4.43668933
1559270663050,14.791,122.3,0.06455,0.562,4.43668933
1559270663113,14.854,122.3,0.06425,0.564,4.4317851
1559270663159,14.9,122.3,0.06425,0.564,4.4317851
1559270663205,14.946,122.3,0.06425,0.564,4.4317851
1559270663251,14.992,122.3,0.06425,0.564,4.4317851
1559270663312,15.053,122.3,0.06434,0.563,4.430124266
1559270663357,15.098,122.3,0.06434,0.563,4.430124266
1559270663404,15.145,122.3,0.06434,0.563,4.430124266
1559270663450,15.191,122.3,0.06434,0.563,4.430124266
1559270663512,15.253,122.3,0.06461,0.562,4.440813286
1559270663559,15.3,122.3,0.06461,0.562,4.440813286
1559270663605,15.346,122.3,0.06461,0.562,4.440813286
1559270663651,15.392,122.3,0.06461,0.562,4.440813286
1559270663712,15.453,122.3,0.06459,0.561,4.431539277
1559270663758,15.499,122.3,0.06459,0.561,4.431539277
1559270663804,15.545,122.3,0.06459,0.561,4.431539277
1559270663850,15.591,122.3,0.06459,0.561,4.431539277
1559270663912,15.653,122.2,0.06468,0.561,4.434085656
1559270663958,15.699,122.2,0.06468,0.561,4.434085656
1559270664005,15.746,122.2,0.06468,0.561,4.434085656
1559270664051,15.792,122.2,0.06468,0.561,4.434085656
1559270664112,15.853,122.2,0.06456,0.562,4.433748384
1559270664158,15.899,122.2,0.06456,0.562,4.433748384
1559270664204,15.945,122.2,0.06456,0.562,4.433748384
1559270664250,15.991,122.2,0.06456,0.562,4.433748384
1559270664313,16.054,122.2,0.06475,0.561,4.43888445
1559270664359,16.1,122.2,0.06475,0.561,4.43888445
1559270664405,16.146,122.2,0.06475,0.561,4.43888445
1559270664451,16.192,122.2,0.06475,0.561,4.43888445
1559270664512,16.253,122.2,0.06468,0.561,4.434085656
1559270664558,16.299,122.2,0.06468,0.561,4.434085656
1559270664604,16.345,122.2,0.06468,0.561,4.434085656
1559270664650,16.391,122.2,0.06468,0.561,4.434085656
1559270664711,16.452,122.2,0.0647,0.562,4.44336308
1559270664757,16.498,122.2,0.0647,0.562,4.44336308
1559270664804,16.545,122.2,0.0647,0.562,4.44336308
1559270664850,16.591,122.2,0.0647,0.562,4.44336308
1559270664912,16.653,122.2,0.06446,0.563,4.434757756
1559270664958,16.699,122.2,0.06446,0.563,4.434757756
1559270665004,16.745,122.2,0.06446,0.563,4.434757756
1559270665051,16.792,122.2,0.06446,0.563,4.434757756
1559270665112,16.853,122.2,0.0645,0.563,4.4375097
1559270665157,16.898,122.2,0.0645,0.563,4.4375097
1559270665204,16.945,122.2,0.0645,0.563,4.4375097
1559270665250,16.991,122.2,0.0645,0.563,4.4375097
1559270665312,17.053,122.2,0.06456,0.563,4.441637616
1559270665358,17.099,122.2,0.06456,0.563,4.441637616
1559270665404,17.145,122.2,0.06456,0.563,4.441637616
1559270665450,17.191,122.2,0.06456,0.563,4.441637616
1559270665511,17.253,122.2,0.06463,0.563,4.446453518
1559270665558,17.299,122.2,0.06463,0.563,4.446453518
1559270665604,17.345,122.2,0.06463,0.563,4.446453518
1559270665650,17.391,122.2,0.06463,0.563,4.446453518
1559270665712,17.453,122.2,0.06456,0.562,4.433748384
1559270665758,17.499,122.2,0.06456,0.562,4.433748384
1559270665805,17.546,122.2,0.06456,0.562,4.433748384
1559270665851,17.592,122.2,0.06456,0.562,4.433748384
1559270665912,17.653,122.2,0.06443,0.563,4.432693798
1559270665958,17.699,122.2,0.06443,0.563,4.432693798
1559270666004,17.745,122.2,0.06443,0.563,4.432693798
1559270666051,17.792,122.2,0.06443,0.563,4.432693798
1559270666112,17.853,122.2,0.06442,0.563,4.432005812
1559270666158,17.899,122.2,0.06442,0.563,4.432005812
1559270666204,17.945,122.2,0.06442,0.563,4.432005812
1559270666250,17.991,122.2,0.06442,0.563,4.432005812
1559270666312,18.053,122.2,0.06449,0.563,4.436821714
1559270666358,18.099,122.2,0.06449,0.563,4.436821714
1559270666405,18.146,122.2,0.06449,0.563,4.436821714
1559270666451,18.192,122.2,0.06449,0.563,4.436821714
1559270666512,18.253,122.3,0.06463,0.563,4.450092187
1559270666558,18.299,122.3,0.06463,0.563,4.450092187
1559270666604,18.345,122.3,0.06463,0.563,4.450092187
1559270666650,18.391,122.3,0.06463,0.563,4.450092187
1559270666711,18.452,122.3,0.0647,0.563,4.45491203
1559270666757,18.498,122.3,0.0647,0.563,4.45491203
1559270666804,18.545,122.3,0.0647,0.563,4.45491203
1559270666850,18.591,122.3,0.0647,0.563,4.45491203
1559270666912,18.653,122.2,0.06458,0.561,4.427230236
1559270666958,18.699,122.2,0.06458,0.561,4.427230236
1559270667004,18.745,122.2,0.06458,0.561,4.427230236
1559270667050,18.791,122.2,0.06458,0.561,4.427230236
1559270667111,18.852,122.2,0.06457,0.563,4.442325602
1559270667157,18.898,122.2,0.06457,0.563,4.442325602
1559270667203,18.944,122.2,0.06457,0.563,4.442325602
1559270667249,18.99,122.2,0.06457,0.563,4.442325602
1559270667312,19.053,122.3,0.06486,0.56,4.44213168
1559270667358,19.099,122.3,0.06486,0.56,4.44213168
1559270667404,19.145,122.3,0.06486,0.56,4.44213168
1559270667450,19.191,122.3,0.06486,0.56,4.44213168
1559270667511,19.252,122.3,0.06437,0.563,4.432189913
1559270667557,19.298,122.3,0.06437,0.563,4.432189913
1559270667603,19.344,122.3,0.06437,0.563,4.432189913
1559270667649,19.39,122.3,0.06437,0.563,4.432189913
1559270667711,19.452,122.3,0.06459,0.564,4.455237348
1559270667757,19.498,122.3,0.06459,0.564,4.455237348
1559270667803,19.544,122.3,0.06459,0.564,4.455237348
1559270667850,19.591,122.3,0.06459,0.564,4.455237348
1559270667912,19.653,122.2,0.06455,0.562,4.43306162
1559270667958,19.699,122.2,0.06455,0.562,4.43306162
1559270668004,19.745,122.2,0.06455,0.562,4.43306162
1559270668050,19.791,122.2,0.06455,0.562,4.43306162
1559270668112,19.853,122.2,0.06456,0.562,4.433748384
1559270668158,19.899,122.2,0.06456,0.562,4.433748384
1559270668204,19.945,122.2,0.06456,0.562,4.433748384
1559270668251,19.992,122.2,0.06456,0.562,4.433748384
1559270668312,20.053,122.2,0.06466,0.562,4.440616024
1559270668358,20.099,122.2,0.06466,0.562,4.440616024
1559270668404,20.145,122.2,0.06466,0.562,4.440616024
1559270668450,20.191,122.2,0.06466,0.562,4.440616024
1559270668511,20.252,122.2,0.06436,0.564,4.435742688
1559270668558,20.299,122.2,0.06436,0.564,4.435742688
1559270668604,20.345,122.2,0.06436,0.564,4.435742688
1559270668650,20.391,122.2,0.06436,0.564,4.435742688
1559270668711,20.452,122.2,0.06457,0.563,4.442325602
1559270668757,20.498,122.2,0.06457,0.563,4.442325602
1559270668803,20.544,122.2,0.06457,0.563,4.442325602
1559270668849,20.59,122.2,0.06457,0.563,4.442325602
1559270668912,20.653,122.2,0.06457,0.564,4.450216056
1559270668958,20.699,122.2,0.06457,0.564,4.450216056
1559270669004,20.745,122.2,0.06457,0.564,4.450216056
1559270669050,20.791,122.2,0.06457,0.564,4.450216056
1559270669111,20.852,122.2,0.06434,0.564,4.434364272
1559270669157,20.898,122.2,0.06434,0.564,4.434364272
1559270669204,20.945,122.2,0.06434,0.564,4.434364272
1559270669250,20.991,122.2,0.06434,0.564,4.434364272
1559270669311,21.052,122.2,0.06457,0.562,4.434435148
1559270669357,21.098,122.2,0.06457,0.562,4.434435148
1559270669403,21.144,122.2,0.06457,0.562,4.434435148
1559270669449,21.19,122.2,0.06457,0.562,4.434435148
1559270669511,21.252,122.2,0.06457,0.563,4.442325602
1559270669557,21.298,122.2,0.06457,0.563,4.442325602
1559270669603,21.344,122.2,0.06457,0.563,4.442325602
1559270669649,21.39,122.2,0.06457,0.563,4.442325602
1559270669712,21.453,122.2,0.06457,0.562,4.434435148
1559270669758,21.499,122.2,0.06457,0.562,4.434435148
1559270669804,21.545,122.2,0.06457,0.562,4.434435148
1559270669850,21.591,122.2,0.06457,0.562,4.434435148
1559270669911,21.652,122.2,0.06469,0.562,4.442676316
1559270669957,21.698,122.2,0.06469,0.562,4.442676316
1559270670003,21.744,122.2,0.06469,0.562,4.442676316
1559270670049,21.79,122.2,0.06469,0.562,4.442676316
1559270670112,21.853,122.2,0.06461,0.562,4.437182204
1559270670157,21.898,122.2,0.06461,0.562,4.437182204
1559270670203,21.944,122.2,0.06461,0.562,4.437182204
1559270670249,21.99,122.2,0.06461,0.562,4.437182204
1559270670312,22.053,122.2,0.06467,0.563,4.449205462
1559270670358,22.099,122.2,0.06467,0.563,4.449205462
1559270670404,22.145,122.2,0.06467,0.563,4.449205462
1559270670450,22.191,122.2,0.06467,0.563,4.449205462
1559270670511,22.252,122.2,0.06452,0.563,4.438885672
1559270670557,22.298,122.2,0.06452,0.563,4.438885672
1559270670603,22.344,122.2,0.06452,0.563,4.438885672
1559270670649,22.39,122.2,0.06452,0.563,4.438885672
1559270670711,22.452,122.3,0.06438,0.564,4.440752136
1559270670758,22.499,122.3,0.06438,0.564,4.440752136
1559270670804,22.545,122.3,0.06438,0.564,4.440752136
1559270670850,22.591,122.3,0.06438,0.564,4.440752136
1559270670911,22.652,122.3,0.06454,0.564,4.451788488
1559270670957,22.698,122.3,0.06454,0.564,4.451788488
1559270671003,22.744,122.3,0.06454,0.564,4.451788488
1559270671049,22.79,122.3,0.06454,0.564,4.451788488
1559270671112,22.853,122.2,0.06456,0.562,4.433748384
1559270671158,22.899,122.2,0.06456,0.562,4.433748384
1559270671204,22.945,122.2,0.06456,0.562,4.433748384
1559270671250,22.991,122.2,0.06456,0.562,4.433748384
1559270671311,23.052,122.2,0.06475,0.563,4.45470935
1559270671357,23.098,122.2,0.06475,0.563,4.45470935
1559270671403,23.144,122.2,0.06475,0.563,4.45470935
1559270671449,23.19,122.2,0.06475,0.563,4.45470935
1559270671511,23.252,122.3,0.06452,0.563,4.442518148
1559270671557,23.298,122.3,0.06452,0.563,4.442518148
1559270671602,23.343,122.3,0.06452,0.563,4.442518148
1559270671649,23.39,122.3,0.06452,0.563,4.442518148
1559270671712,23.453,122.3,0.06475,0.563,4.458354775
1559270671758,23.499,122.3,0.06475,0.563,4.458354775
1559270671804,23.545,122.3,0.06475,0.563,4.458354775
1559270671850,23.591,122.3,0.06475,0.563,4.458354775
1559270671913,23.654,122.3,0.06462,0.563,4.449403638
1559270671959,23.7,122.3,0.06462,0.563,4.449403638
1559270672005,23.746,122.3,0.06462,0.563,4.449403638
1559270672051,23.792,122.3,0.06462,0.563,4.449403638
1559270672112,23.853,122.2,0.06488,0.562,4.455724832
1559270672158,23.899,122.2,0.06488,0.562,4.455724832
1559270672204,23.946,122.2,0.06488,0.562,4.455724832
1559270672250,23.991,122.2,0.06488,0.562,4.455724832
1559270672312,24.053,122.2,0.06494,0.561,4.451909748
1559270672358,24.099,122.2,0.06494,0.561,4.451909748
1559270672405,24.146,122.2,0.06494,0.561,4.451909748
1559270672451,24.192,122.2,0.06494,0.561,4.451909748
1559270672512,24.253,122.2,0.06487,0.56,4.43918384
1559270672558,24.299,122.2,0.06487,0.56,4.43918384
1559270672605,24.346,122.2,0.06487,0.56,4.43918384
1559270672651,24.392,122.2,0.06487,0.56,4.43918384
1559270672712,24.453,122.2,0.06446,0.562,4.426880744
1559270672758,24.499,122.2,0.06446,0.562,4.426880744
1559270672804,24.545,122.2,0.06446,0.562,4.426880744
1559270672850,24.591,122.2,0.06446,0.562,4.426880744
1559270672912,24.653,122.2,0.06487,0.56,4.43918384
1559270672958,24.699,122.2,0.06487,0.56,4.43918384
1559270673005,24.746,122.2,0.06487,0.56,4.43918384
1559270673051,24.792,122.2,0.06487,0.56,4.43918384
1559270673112,24.853,122.2,0.06499,0.56,4.44739568
1559270673158,24.899,122.2,0.06499,0.56,4.44739568
1559270673204,24.945,122.2,0.06499,0.56,4.44739568
1559270673250,24.991,122.2,0.06499,0.56,4.44739568
1559270673311,25.052,122.2,0.06509,0.559,4.446284882
1559270673358,25.099,122.2,0.06509,0.559,4.446284882
1559270673404,25.145,122.2,0.06509,0.559,4.446284882
1559270673450,25.191,122.2,0.06509,0.559,4.446284882
1559270673512,25.253,122.2,0.06484,0.56,4.43713088
1559270673558,25.299,122.2,0.06484,0.56,4.43713088
1559270673604,25.345,122.2,0.06484,0.56,4.43713088
1559270673650,25.391,122.2,0.06484,0.56,4.43713088
1559270673711,25.452,122.2,0.06482,0.561,4.443683244
1559270673758,25.499,122.2,0.06482,0.561,4.443683244
1559270673804,25.545,122.2,0.06482,0.561,4.443683244
1559270673850,25.591,122.2,0.06482,0.561,4.443683244
1559270673911,25.652,122.2,0.06487,0.561,4.447110954
1559270673957,25.698,122.2,0.06487,0.561,4.447110954
1559270674003,25.744,122.2,0.06487,0.561,4.447110954
1559270674049,25.79,122.2,0.06487,0.561,4.447110954
1559270674112,25.853,122.2,0.06467,0.561,4.433400114
1559270674157,25.898,122.2,0.06467,0.561,4.433400114
1559270674203,25.944,122.2,0.06467,0.561,4.433400114
1559270674250,25.991,122.2,0.06467,0.561,4.433400114
1559270674312,26.053,122.2,0.06471,0.562,4.444049844
1559270674358,26.099,122.2,0.06471,0.562,4.444049844
1559270674404,26.145,122.2,0.06471,0.562,4.444049844
1559270674450,26.191,122.2,0.06471,0.562,4.444049844
1559270674511,26.252,122.2,0.06456,0.562,4.433748384
1559270674558,26.299,122.2,0.06456,0.562,4.433748384
1559270674604,26.345,122.2,0.06456,0.562,4.433748384
1559270674650,26.391,122.2,0.06456,0.562,4.433748384
1559270674711,26.452,122.3,0.06444,0.562,4.429128744
1559270674758,26.499,122.3,0.06444,0.562,4.429128744
1559270674804,26.545,122.3,0.06444,0.562,4.429128744
1559270674849,26.59,122.3,0.06444,0.562,4.429128744
1559270674911,26.652,122.3,0.06455,0.562,4.43668933
1559270674957,26.698,122.3,0.06455,0.562,4.43668933
1559270675002,26.743,122.3,0.06455,0.562,4.43668933
1559270675049,26.79,122.3,0.06455,0.562,4.43668933
1559270675111,26.852,122.2,0.06451,0.563,4.438197686
1559270675157,26.898,122.2,0.06451,0.563,4.438197686
1559270675203,26.944,122.2,0.06451,0.563,4.438197686
1559270675249,26.99,122.2,0.06451,0.563,4.438197686
1559270675310,27.051,122.3,0.06449,0.563,4.440452501
1559270675356,27.097,122.3,0.06449,0.563,4.440452501
1559270675402,27.143,122.3,0.06449,0.563,4.440452501
1559270675449,27.19,122.3,0.06449,0.563,4.440452501
1559270675511,27.252,122.3,0.06467,0.562,4.444937242
1559270675557,27.298,122.3,0.06467,0.562,4.444937242
1559270675603,27.344,122.3,0.06467,0.562,4.444937242
1559270675649,27.39,122.3,0.06467,0.562,4.444937242
1559270675711,27.452,122.3,0.06454,0.563,4.443895246
1559270675757,27.498,122.3,0.06454,0.563,4.443895246
1559270675806,27.547,122.3,0.06454,0.563,4.443895246
1559270675852,27.593,122.3,0.06454,0.563,4.443895246
1559270675911,27.652,122.3,0.0645,0.562,4.4332527
1559270675957,27.698,122.3,0.0645,0.562,4.4332527
1559270676003,27.744,122.3,0.0645,0.562,4.4332527
1559270676049,27.79,122.3,0.0645,0.562,4.4332527
1559270676111,27.852,122.2,0.0646,0.562,4.43649544
1559270676157,27.898,122.2,0.0646,0.562,4.43649544
1559270676204,27.945,122.2,0.0646,0.562,4.43649544
1559270676250,27.991,122.2,0.0646,0.562,4.43649544
1559270676311,28.052,122.2,0.06445,0.565,4.44982135
1559270676357,28.098,122.2,0.06445,0.565,4.44982135
1559270676403,28.144,122.2,0.06445,0.565,4.44982135
1559270676449,28.19,122.2,0.06445,0.565,4.44982135
1559270676510,28.251,122.2,0.06418,0.566,4.439022536
1559270676556,28.297,122.2,0.06418,0.566,4.439022536
1559270676602,28.343,122.2,0.06418,0.566,4.439022536
1559270676648,28.389,122.2,0.06418,0.566,4.439022536
1559270676711,28.452,122.2,0.06453,0.564,4.447459224
1559270676757,28.498,122.2,0.06453,0.564,4.447459224
1559270676803,28.544,122.2,0.06453,0.564,4.447459224
1559270676849,28.59,122.2,0.06453,0.564,4.447459224
1559270676911,28.652,122.2,0.06452,0.564,4.446770016
1559270676957,28.698,122.2,0.06452,0.564,4.446770016
1559270677004,28.745,122.2,0.06452,0.564,4.446770016
1559270677050,28.791,122.2,0.06452,0.564,4.446770016
1559270677111,28.852,122.2,0.0647,0.564,4.45917576
1559270677157,28.898,122.2,0.0647,0.564,4.45917576
1559270677203,28.944,122.2,0.0647,0.564,4.45917576
1559270677249,28.99,122.2,0.0647,0.564,4.45917576
1559270677310,29.051,122.2,0.06452,0.564,4.446770016
1559270677356,29.097,122.2,0.06452,0.564,4.446770016
1559270677402,29.143,122.2,0.06452,0.564,4.446770016
1559270677449,29.19,122.2,0.06452,0.564,4.446770016
1559270677511,29.252,122.2,0.0646,0.563,4.44438956
1559270677557,29.298,122.2,0.0646,0.563,4.44438956
1559270677603,29.344,122.2,0.0646,0.563,4.44438956
1559270677649,29.39,122.2,0.0646,0.563,4.44438956
1559270677710,29.451,122.2,0.06468,0.563,4.449893448
1559270677756,29.497,122.2,0.06468,0.563,4.449893448
1559270677802,29.543,122.2,0.06468,0.563,4.449893448
1559270677848,29.589,122.2,0.06468,0.563,4.449893448
1559270677910,29.651,122.2,0.06485,0.562,4.45366454
1559270677956,29.697,122.2,0.06485,0.562,4.45366454
1559270678003,29.744,122.2,0.06485,0.562,4.45366454
1559270678049,29.79,122.2,0.06485,0.562,4.45366454
1559270678111,29.852,122.2,0.06495,0.561,4.45259529
1559270678157,29.898,122.2,0.06495,0.561,4.45259529
1559270678203,29.944,122.2,0.06495,0.561,4.45259529
1559270678249,29.99,122.2,0.06495,0.561,4.45259529
1559270678311,30.052,122.2,0.06463,0.563,4.446453518
