# Thu May 30 16:05:09 2019
abstime,time_stamp,volt,curr,pf,mul
1559257509176,0.08,121.8,0.05191,0.533,3.369966054
1559257509223,0.127,121.8,0.05191,0.533,3.369966054
1559257509287,0.191,121.8,0.05393,0.538,3.533946612
1559257509333,0.237,121.8,0.05393,0.538,3.533946612
1559257509378,0.282,121.8,0.05393,0.538,3.533946612
1559257509424,0.328,121.8,0.05393,0.538,3.533946612
1559257509486,0.39,121.8,0.05407,0.539,3.549706314
1559257509532,0.436,121.8,0.05407,0.539,3.549706314
1559257509578,0.482,121.8,0.05407,0.539,3.549706314
1559257509627,0.531,121.8,0.05407,0.539,3.549706314
1559257509686,0.59,121.7,0.05365,0.54,3.5257707
1559257509732,0.636,121.7,0.05365,0.54,3.5257707
1559257509778,0.683,121.7,0.05365,0.54,3.5257707
1559257509825,0.729,121.7,0.05365,0.54,3.5257707
1559257509887,0.791,121.8,0.05382,0.539,3.533293764
1559257509933,0.837,121.8,0.05382,0.539,3.533293764
1559257509979,0.883,121.8,0.05382,0.539,3.533293764
1559257510025,0.929,121.8,0.05382,0.539,3.533293764
1559257510087,0.991,121.8,0.05379,0.539,3.531324258
1559257510133,1.037,121.8,0.05379,0.539,3.531324258
1559257510179,1.083,121.8,0.05379,0.539,3.531324258
1559257510225,1.129,121.8,0.05379,0.539,3.531324258
1559257510286,1.19,121.7,0.0538,0.538,3.52253348
1559257510332,1.236,121.7,0.0538,0.538,3.52253348
1559257510378,1.282,121.7,0.0538,0.538,3.52253348
1559257510424,1.328,121.7,0.0538,0.538,3.52253348
1559257510486,1.39,121.7,0.05371,0.54,3.52971378
1559257510533,1.437,121.7,0.05371,0.54,3.52971378
1559257510579,1.483,121.7,0.05371,0.54,3.52971378
1559257510625,1.529,121.7,0.05371,0.54,3.52971378
1559257510687,1.591,121.7,0.05365,0.54,3.5257707
1559257510733,1.637,121.7,0.05365,0.54,3.5257707
1559257510779,1.683,121.7,0.05365,0.54,3.5257707
1559257510825,1.729,121.7,0.05365,0.54,3.5257707
1559257510886,1.79,121.7,0.05368,0.541,3.534275096
1559257510932,1.836,121.7,0.05368,0.541,3.534275096
1559257510979,1.883,121.7,0.05368,0.541,3.534275096
1559257511024,1.928,121.7,0.05368,0.541,3.534275096
1559257511087,1.991,121.7,0.05368,0.541,3.534275096
1559257511133,2.037,121.7,0.05368,0.541,3.534275096
1559257511179,2.083,121.7,0.05368,0.541,3.534275096
1559257511225,2.129,121.7,0.05368,0.541,3.534275096
1559257511287,2.191,121.7,0.05368,0.541,3.534275096
1559257511334,2.238,121.7,0.05368,0.541,3.534275096
1559257511380,2.284,121.7,0.05368,0.541,3.534275096
1559257511426,2.33,121.7,0.05368,0.541,3.534275096
1559257511487,2.391,121.7,0.05377,0.54,3.53365686
1559257511533,2.437,121.7,0.05377,0.54,3.53365686
1559257511579,2.483,121.7,0.05377,0.54,3.53365686
1559257511625,2.529,121.7,0.05377,0.54,3.53365686
1559257511685,2.589,121.7,0.05381,0.54,3.53628558
1559257511731,2.635,121.7,0.05381,0.54,3.53628558
1559257511777,2.681,121.7,0.05381,0.54,3.53628558
1559257511823,2.727,121.7,0.05381,0.54,3.53628558
1559257511886,2.79,121.7,0.05382,0.539,3.530392866
1559257511932,2.836,121.7,0.05382,0.539,3.530392866
1559257511978,2.882,121.7,0.05382,0.539,3.530392866
1559257512024,2.928,121.7,0.05382,0.539,3.530392866
1559257512085,2.989,121.7,0.05401,0.537,3.529710129
1559257512131,3.035,121.7,0.05401,0.537,3.529710129
1559257512177,3.081,121.7,0.05401,0.537,3.529710129
1559257512223,3.127,121.7,0.05401,0.537,3.529710129
1559257512286,3.19,121.7,0.05389,0.538,3.528426194
1559257512333,3.237,121.7,0.05389,0.538,3.528426194
1559257512379,3.283,121.7,0.05389,0.538,3.528426194
1559257512425,3.329,121.7,0.05389,0.538,3.528426194
1559257512485,3.389,121.7,0.05401,0.538,3.536283146
1559257512531,3.435,121.7,0.05401,0.538,3.536283146
1559257512577,3.481,121.7,0.05401,0.538,3.536283146
1559257512623,3.527,121.7,0.05401,0.538,3.536283146
1559257512686,3.59,121.7,0.05384,0.538,3.525152464
1559257512732,3.636,121.7,0.05384,0.538,3.525152464
1559257512778,3.682,121.7,0.05384,0.538,3.525152464
1559257512824,3.728,121.7,0.05384,0.538,3.525152464
1559257512885,3.789,121.7,0.05393,0.538,3.531045178
1559257512931,3.835,121.7,0.05393,0.538,3.531045178
1559257512977,3.881,121.7,0.05393,0.538,3.531045178
1559257513024,3.928,121.7,0.05393,0.538,3.531045178
1559257513086,3.99,121.7,0.05401,0.537,3.529710129
1559257513135,4.039,121.7,0.05401,0.537,3.529710129
1559257513181,4.085,121.7,0.05401,0.537,3.529710129
1559257513227,4.131,121.7,0.05401,0.537,3.529710129
1559257513285,4.189,121.8,0.05391,0.538,3.532636044
1559257513331,4.235,121.8,0.05391,0.538,3.532636044
1559257513377,4.281,121.8,0.05391,0.538,3.532636044
1559257513423,4.327,121.8,0.05391,0.538,3.532636044
1559257513486,4.39,121.7,0.05406,0.536,3.526398672
1559257513532,4.436,121.7,0.05406,0.536,3.526398672
1559257513578,4.482,121.7,0.05406,0.536,3.526398672
1559257513624,4.528,121.7,0.05406,0.536,3.526398672
1559257513685,4.589,121.7,0.05422,0.537,3.543434238
1559257513731,4.635,121.7,0.05422,0.537,3.543434238
1559257513777,4.681,121.7,0.05422,0.537,3.543434238
1559257513823,4.727,121.7,0.05422,0.537,3.543434238
1559257513886,4.79,121.8,0.05412,0.536,3.533213376
1559257513932,4.836,121.8,0.05412,0.536,3.533213376
1559257513978,4.882,121.8,0.05412,0.536,3.533213376
1559257514024,4.928,121.8,0.05412,0.536,3.533213376
1559257514085,4.989,121.8,0.05419,0.538,3.550983996
1559257514131,5.035,121.8,0.05419,0.538,3.550983996
1559257514177,5.081,121.8,0.05419,0.538,3.550983996
1559257514223,5.127,121.8,0.05419,0.538,3.550983996
1559257514286,5.19,121.8,0.05424,0.539,3.560866848
1559257514332,5.236,121.8,0.05424,0.539,3.560866848
1559257514378,5.282,121.8,0.05424,0.539,3.560866848
1559257514424,5.328,121.8,0.05424,0.539,3.560866848
1559257514485,5.389,121.8,0.05381,0.54,3.53919132
1559257514531,5.435,121.8,0.05381,0.54,3.53919132
1559257514577,5.481,121.8,0.05381,0.54,3.53919132
1559257514623,5.527,121.8,0.05381,0.54,3.53919132
1559257514686,5.59,121.7,0.0536,0.541,3.52900792
1559257514732,5.636,121.7,0.0536,0.541,3.52900792
1559257514778,5.682,121.7,0.0536,0.541,3.52900792
1559257514824,5.728,121.7,0.0536,0.541,3.52900792
1559257514885,5.789,121.7,0.05391,0.539,3.536296533
1559257514931,5.835,121.7,0.05391,0.539,3.536296533
1559257514977,5.881,121.7,0.05391,0.539,3.536296533
1559257515023,5.927,121.7,0.05391,0.539,3.536296533
1559257515086,5.99,121.8,0.05374,0.539,3.528041748
1559257515132,6.036,121.8,0.05374,0.539,3.528041748
1559257515178,6.082,121.8,0.05374,0.539,3.528041748
1559257515224,6.128,121.8,0.05374,0.539,3.528041748
1559257515285,6.189,121.7,0.05399,0.539,3.541544237
1559257515331,6.235,121.7,0.05399,0.539,3.541544237
1559257515377,6.281,121.7,0.05399,0.539,3.541544237
1559257515423,6.327,121.7,0.05399,0.539,3.541544237
1559257515486,6.39,121.7,0.0539,0.54,3.5422002
1559257515532,6.436,121.7,0.0539,0.54,3.5422002
1559257515578,6.482,121.7,0.0539,0.54,3.5422002
1559257515624,6.528,121.7,0.0539,0.54,3.5422002
1559257515685,6.589,121.7,0.05372,0.541,3.536908684
1559257515731,6.635,121.7,0.05372,0.541,3.536908684
1559257515777,6.681,121.7,0.05372,0.541,3.536908684
1559257515823,6.727,121.7,0.05372,0.541,3.536908684
1559257515885,6.789,121.7,0.05388,0.54,3.54088584
1559257515931,6.835,121.7,0.05388,0.54,3.54088584
1559257515978,6.882,121.7,0.05388,0.54,3.54088584
1559257516024,6.928,121.7,0.05388,0.54,3.54088584
1559257516085,6.989,121.7,0.05391,0.54,3.54285738
1559257516131,7.035,121.7,0.05391,0.54,3.54285738
1559257516177,7.081,121.7,0.05391,0.54,3.54285738
1559257516223,7.127,121.7,0.05391,0.54,3.54285738
1559257516285,7.189,121.7,0.05381,0.54,3.53628558
1559257516331,7.235,121.7,0.05381,0.54,3.53628558
1559257516377,7.281,121.7,0.05381,0.54,3.53628558
1559257516424,7.328,121.7,0.05381,0.54,3.53628558
1559257516485,7.389,121.7,0.0537,0.541,3.53559189
1559257516531,7.435,121.7,0.0537,0.541,3.53559189
1559257516578,7.482,121.7,0.0537,0.541,3.53559189
1559257516623,7.527,121.7,0.0537,0.541,3.53559189
1559257516685,7.589,121.7,0.05364,0.542,3.538169496
1559257516731,7.635,121.7,0.05364,0.542,3.538169496
1559257516777,7.681,121.7,0.05364,0.542,3.538169496
1559257516824,7.728,121.7,0.05364,0.542,3.538169496
1559257516885,7.789,121.7,0.05377,0.541,3.540200669
1559257516931,7.835,121.7,0.05377,0.541,3.540200669
1559257516976,7.88,121.7,0.05377,0.541,3.540200669
1559257517021,7.925,121.7,0.05377,0.541,3.540200669
1559257517085,7.989,121.7,0.05381,0.539,3.529736903
1559257517132,8.036,121.7,0.05381,0.539,3.529736903
1559257517178,8.082,121.7,0.05381,0.539,3.529736903
1559257517224,8.128,121.7,0.05381,0.539,3.529736903
1559257517285,8.189,121.7,0.05385,0.539,3.532360755
1559257517331,8.235,121.7,0.05385,0.539,3.532360755
1559257517377,8.281,121.7,0.05385,0.539,3.532360755
1559257517422,8.326,121.7,0.05385,0.539,3.532360755
1559257517485,8.389,121.8,0.05413,0.538,3.547052292
1559257517531,8.435,121.8,0.05413,0.538,3.547052292
1559257517577,8.481,121.8,0.05413,0.538,3.547052292
1559257517623,8.527,121.8,0.05413,0.538,3.547052292
1559257517685,8.589,121.8,0.05415,0.537,3.54176739
1559257517731,8.635,121.8,0.05415,0.537,3.54176739
1559257517777,8.681,121.8,0.05415,0.537,3.54176739
1559257517823,8.727,121.8,0.05415,0.537,3.54176739
1559257517885,8.789,121.8,0.05399,0.538,3.537878316
1559257517931,8.835,121.8,0.05399,0.538,3.537878316
1559257517977,8.881,121.8,0.05399,0.538,3.537878316
1559257518023,8.927,121.8,0.05399,0.538,3.537878316
1559257518086,8.99,121.8,0.05408,0.537,3.537188928
1559257518132,9.036,121.8,0.05408,0.537,3.537188928
1559257518178,9.082,121.8,0.05408,0.537,3.537188928
1559257518224,9.128,121.8,0.05408,0.537,3.537188928
1559257518285,9.189,121.8,0.05418,0.537,3.543729588
1559257518331,9.235,121.8,0.05418,0.537,3.543729588
1559257518377,9.281,121.8,0.05418,0.537,3.543729588
1559257518423,9.327,121.8,0.05418,0.537,3.543729588
1559257518485,9.389,121.8,0.05426,0.535,3.53574438
1559257518531,9.435,121.8,0.05426,0.535,3.53574438
1559257518577,9.481,121.8,0.05426,0.535,3.53574438
1559257518623,9.527,121.8,0.05426,0.535,3.53574438
1559257518685,9.589,121.8,0.05419,0.535,3.53118297
1559257518731,9.635,121.8,0.05419,0.535,3.53118297
1559257518777,9.681,121.8,0.05419,0.535,3.53118297
1559257518823,9.727,121.8,0.05419,0.535,3.53118297
1559257518885,9.789,121.8,0.05426,0.535,3.53574438
1559257518931,9.835,121.8,0.05426,0.535,3.53574438
1559257518977,9.881,121.8,0.05426,0.535,3.53574438
1559257519023,9.927,121.8,0.05426,0.535,3.53574438
1559257519084,9.988,121.8,0.05558,0.536,3.628529184
1559257519131,10.035,121.8,0.05558,0.536,3.628529184
1559257519177,10.081,121.8,0.05558,0.536,3.628529184
1559257519223,10.127,121.8,0.05558,0.536,3.628529184
1559257519285,10.189,121.8,0.05935,0.536,3.87465288
1559257519331,10.235,121.8,0.05935,0.536,3.87465288
1559257519377,10.281,121.8,0.05935,0.536,3.87465288
1559257519423,10.327,121.8,0.05935,0.536,3.87465288
1559257519484,10.388,121.8,0.05806,0.534,3.776292072
1559257519530,10.434,121.8,0.05806,0.534,3.776292072
1559257519576,10.48,121.8,0.05806,0.534,3.776292072
1559257519623,10.527,121.8,0.05806,0.534,3.776292072
1559257519685,10.589,121.7,0.05856,0.535,3.81281232
1559257519731,10.635,121.7,0.05856,0.535,3.81281232
1559257519777,10.681,121.7,0.05856,0.535,3.81281232
1559257519823,10.727,121.7,0.05856,0.535,3.81281232
1559257519884,10.788,121.7,0.05784,0.536,3.772972608
1559257519930,10.834,121.7,0.05784,0.536,3.772972608
1559257519976,10.88,121.7,0.05784,0.536,3.772972608
1559257520022,10.926,121.7,0.05784,0.536,3.772972608
1559257520084,10.988,121.7,0.05799,0.537,3.789814671
1559257520131,11.035,121.7,0.05799,0.537,3.789814671
1559257520177,11.081,121.7,0.05799,0.537,3.789814671
1559257520223,11.127,121.7,0.05799,0.537,3.789814671
1559257520285,11.189,121.7,0.05739,0.542,3.785524746
1559257520331,11.235,121.7,0.05739,0.542,3.785524746
1559257520377,11.281,121.7,0.05739,0.542,3.785524746
1559257520423,11.327,121.7,0.05739,0.542,3.785524746
1559257520484,11.388,121.7,0.05731,0.541,3.773273207
1559257520530,11.434,121.7,0.05731,0.541,3.773273207
1559257520576,11.48,121.7,0.05731,0.541,3.773273207
1559257520622,11.526,121.7,0.05731,0.541,3.773273207
1559257520685,11.589,121.6,0.05758,0.54,3.78093312
1559257520731,11.635,121.6,0.05758,0.54,3.78093312
1559257520777,11.681,121.6,0.05758,0.54,3.78093312
1559257520823,11.727,121.6,0.05758,0.54,3.78093312
1559257520885,11.789,121.6,0.05788,0.538,3.786555904
1559257520931,11.835,121.6,0.05788,0.538,3.786555904
1559257520977,11.881,121.6,0.05788,0.538,3.786555904
1559257521023,11.927,121.6,0.05788,0.538,3.786555904
1559257521084,11.988,121.7,0.05799,0.538,3.796872054
1559257521130,12.034,121.7,0.05799,0.538,3.796872054
1559257521176,12.08,121.7,0.05799,0.538,3.796872054
1559257521222,12.126,121.7,0.05799,0.538,3.796872054
1559257521285,12.189,121.7,0.05796,0.537,3.787854084
1559257521331,12.235,121.7,0.05796,0.537,3.787854084
1559257521377,12.281,121.7,0.05796,0.537,3.787854084
1559257521423,12.327,121.7,0.05796,0.537,3.787854084
1559257521484,12.388,121.7,0.05778,0.538,3.783122388
1559257521530,12.434,121.7,0.05778,0.538,3.783122388
1559257521576,12.48,121.7,0.05778,0.538,3.783122388
1559257521622,12.526,121.7,0.05778,0.538,3.783122388
1559257521685,12.589,121.7,0.05778,0.537,3.776090562
1559257521731,12.635,121.7,0.05778,0.537,3.776090562
1559257521777,12.681,121.7,0.05778,0.537,3.776090562
1559257521823,12.727,121.7,0.05778,0.537,3.776090562
1559257521884,12.788,121.7,0.05777,0.538,3.782467642
1559257521930,12.834,121.7,0.05777,0.538,3.782467642
1559257521976,12.88,121.7,0.05777,0.538,3.782467642
1559257522022,12.926,121.7,0.05777,0.538,3.782467642
1559257522085,12.989,121.8,0.05771,0.539,3.788673042
1559257522131,13.035,121.8,0.05771,0.539,3.788673042
1559257522177,13.081,121.8,0.05771,0.539,3.788673042
1559257522223,13.127,121.8,0.05771,0.539,3.788673042
1559257522285,13.189,121.8,0.0576,0.539,3.78145152
1559257522331,13.235,121.8,0.0576,0.539,3.78145152
1559257522377,13.281,121.8,0.0576,0.539,3.78145152
1559257522425,13.329,121.8,0.0576,0.539,3.78145152
1559257522484,13.388,121.8,0.05776,0.541,3.806025888
1559257522531,13.435,121.8,0.05776,0.541,3.806025888
1559257522577,13.481,121.8,0.05776,0.541,3.806025888
1559257522623,13.527,121.8,0.05776,0.541,3.806025888
1559257522684,13.588,121.8,0.05783,0.539,3.796551066
1559257522730,13.634,121.8,0.05783,0.539,3.796551066
1559257522776,13.68,121.8,0.05783,0.539,3.796551066
1559257522822,13.726,121.8,0.05783,0.539,3.796551066
1559257522885,13.789,121.8,0.05783,0.538,3.789507372
1559257522930,13.834,121.8,0.05783,0.538,3.789507372
1559257522977,13.881,121.8,0.05783,0.538,3.789507372
1559257523023,13.927,121.8,0.05783,0.538,3.789507372
1559257523085,13.989,121.8,0.05758,0.54,3.78715176
1559257523131,14.035,121.8,0.05758,0.54,3.78715176
1559257523177,14.081,121.8,0.05758,0.54,3.78715176
1559257523223,14.127,121.8,0.05758,0.54,3.78715176
1559257523284,14.188,121.8,0.05786,0.538,3.791473224
1559257523330,14.234,121.8,0.05786,0.538,3.791473224
1559257523377,14.281,121.8,0.05786,0.538,3.791473224
1559257523423,14.327,121.8,0.05786,0.538,3.791473224
1559257523484,14.388,121.8,0.05793,0.537,3.789004338
1559257523530,14.434,121.8,0.05793,0.537,3.789004338
1559257523576,14.48,121.8,0.05793,0.537,3.789004338
1559257523622,14.526,121.8,0.05793,0.537,3.789004338
1559257523684,14.588,121.7,0.05784,0.537,3.780011736
1559257523731,14.635,121.7,0.05784,0.537,3.780011736
1559257523777,14.681,121.7,0.05784,0.537,3.780011736
1559257523823,14.727,121.7,0.05784,0.537,3.780011736
1559257523884,14.788,121.7,0.05799,0.536,3.782757288
1559257523930,14.834,121.7,0.05799,0.536,3.782757288
1559257523976,14.88,121.7,0.05799,0.536,3.782757288
1559257524022,14.926,121.7,0.05799,0.536,3.782757288
1559257524085,14.989,121.7,0.05807,0.54,3.81624426
1559257524131,15.035,121.7,0.05807,0.54,3.81624426
1559257524177,15.081,121.7,0.05807,0.54,3.81624426
1559257524223,15.127,121.7,0.05807,0.54,3.81624426
1559257524284,15.188,121.7,0.05744,0.542,3.788822816
1559257524331,15.235,121.7,0.05744,0.542,3.788822816
1559257524377,15.281,121.7,0.05744,0.542,3.788822816
1559257524423,15.327,121.7,0.05744,0.542,3.788822816
1559257524484,15.388,121.7,0.05727,0.543,3.784579137
1559257524530,15.434,121.7,0.05727,0.543,3.784579137
1559257524576,15.48,121.7,0.05727,0.543,3.784579137
1559257524622,15.526,121.7,0.05727,0.543,3.784579137
1559257524684,15.588,121.6,0.05744,0.543,3.792694272
1559257524730,15.634,121.6,0.05744,0.543,3.792694272
1559257524776,15.68,121.6,0.05744,0.543,3.792694272
1559257524822,15.726,121.6,0.05744,0.543,3.792694272
1559257524885,15.789,121.7,0.0575,0.541,3.78578275
1559257524931,15.835,121.7,0.0575,0.541,3.78578275
1559257524977,15.881,121.7,0.0575,0.541,3.78578275
1559257525023,15.927,121.7,0.0575,0.541,3.78578275
1559257525084,15.988,121.7,0.05757,0.541,3.790391529
1559257525130,16.034,121.7,0.05757,0.541,3.790391529
1559257525176,16.08,121.7,0.05757,0.541,3.790391529
1559257525222,16.126,121.7,0.05757,0.541,3.790391529
1559257525285,16.189,121.7,0.05749,0.542,3.792120886
1559257525331,16.235,121.7,0.05749,0.542,3.792120886
1559257525377,16.281,121.7,0.05749,0.542,3.792120886
1559257525423,16.327,121.7,0.05749,0.542,3.792120886
1559257525484,16.388,121.7,0.05734,0.542,3.782226676
1559257525530,16.434,121.7,0.05734,0.542,3.782226676
1559257525576,16.48,121.7,0.05734,0.542,3.782226676
1559257525623,16.527,121.7,0.05734,0.542,3.782226676
1559257525684,16.588,121.7,0.05752,0.542,3.794099728
1559257525730,16.634,121.7,0.05752,0.542,3.794099728
1559257525776,16.68,121.7,0.05752,0.542,3.794099728
1559257525822,16.726,121.7,0.05752,0.542,3.794099728
1559257525884,16.788,121.7,0.05701,0.545,3.781273765
1559257525930,16.834,121.7,0.05701,0.545,3.781273765
1559257525977,16.881,121.7,0.05701,0.545,3.781273765
1559257526023,16.927,121.7,0.05701,0.545,3.781273765
1559257526084,16.988,121.7,0.05692,0.547,3.789158708
1559257526130,17.034,121.7,0.05692,0.547,3.789158708
1559257526176,17.08,121.7,0.05692,0.547,3.789158708
1559257526222,17.126,121.7,0.05692,0.547,3.789158708
1559257526285,17.189,121.8,0.05693,0.546,3.786004404
1559257526331,17.235,121.8,0.05693,0.546,3.786004404
1559257526377,17.281,121.8,0.05693,0.546,3.786004404
1559257526423,17.327,121.8,0.05693,0.546,3.786004404
1559257526484,17.388,121.8,0.05715,0.544,3.78671328
1559257526530,17.434,121.8,0.05715,0.544,3.78671328
1559257526577,17.481,121.8,0.05715,0.544,3.78671328
1559257526623,17.527,121.8,0.05715,0.544,3.78671328
1559257526684,17.588,121.7,0.05701,0.545,3.781273765
1559257526730,17.634,121.7,0.05701,0.545,3.781273765
1559257526776,17.68,121.7,0.05701,0.545,3.781273765
1559257526822,17.726,121.7,0.05701,0.545,3.781273765
1559257526884,17.788,121.8,0.05715,0.546,3.80063502
1559257526930,17.834,121.8,0.05715,0.546,3.80063502
1559257526977,17.881,121.8,0.05715,0.546,3.80063502
1559257527023,17.927,121.8,0.05715,0.546,3.80063502
1559257527084,17.988,121.8,0.05687,0.546,3.782014236
1559257527130,18.034,121.8,0.05687,0.546,3.782014236
1559257527176,18.08,121.8,0.05687,0.546,3.782014236
1559257527222,18.126,121.8,0.05687,0.546,3.782014236
1559257527284,18.188,121.8,0.05694,0.547,3.793604724
1559257527331,18.235,121.8,0.05694,0.547,3.793604724
1559257527377,18.281,121.8,0.05694,0.547,3.793604724
1559257527423,18.327,121.8,0.05694,0.547,3.793604724
1559257527484,18.388,121.8,0.05703,0.546,3.792654684
1559257527529,18.433,121.8,0.05703,0.546,3.792654684
1559257527576,18.48,121.8,0.05703,0.546,3.792654684
1559257527622,18.526,121.8,0.05703,0.546,3.792654684
1559257527684,18.588,121.8,0.05686,0.548,3.795200304
1559257527730,18.634,121.8,0.05686,0.548,3.795200304
1559257527776,18.68,121.8,0.05686,0.548,3.795200304
1559257527822,18.726,121.8,0.05686,0.548,3.795200304
1559257527884,18.788,121.7,0.05671,0.548,3.782080636
1559257527929,18.834,121.7,0.05671,0.548,3.782080636
1559257527976,18.88,121.7,0.05671,0.548,3.782080636
1559257528022,18.926,121.7,0.05671,0.548,3.782080636
1559257528084,18.988,121.7,0.05682,0.548,3.789416712
1559257528130,19.034,121.7,0.05682,0.548,3.789416712
1559257528176,19.08,121.7,0.05682,0.548,3.789416712
1559257528222,19.126,121.7,0.05682,0.548,3.789416712
1559257528283,19.188,121.7,0.05693,0.547,3.789824407
1559257528329,19.233,121.7,0.05693,0.547,3.789824407
1559257528375,19.279,121.7,0.05693,0.547,3.789824407
1559257528421,19.325,121.7,0.05693,0.547,3.789824407
1559257528484,19.388,121.7,0.0567,0.547,3.77451333
1559257528530,19.434,121.7,0.0567,0.547,3.77451333
1559257528576,19.48,121.7,0.0567,0.547,3.77451333
1559257528622,19.526,121.7,0.0567,0.547,3.77451333
1559257528684,19.588,121.7,0.05688,0.547,3.786495912
1559257528730,19.634,121.7,0.05688,0.547,3.786495912
1559257528776,19.68,121.7,0.05688,0.547,3.786495912
1559257528822,19.726,121.7,0.05688,0.547,3.786495912
1559257528883,19.788,121.7,0.05716,0.544,3.784266368
1559257528929,19.833,121.7,0.05716,0.544,3.784266368
1559257528976,19.88,121.7,0.05716,0.544,3.784266368
1559257529022,19.926,121.7,0.05716,0.544,3.784266368
1559257529084,19.988,121.7,0.05745,0.543,3.796474095
1559257529130,20.034,121.7,0.05745,0.543,3.796474095
1559257529176,20.08,121.7,0.05745,0.543,3.796474095
1559257529222,20.126,121.7,0.05745,0.543,3.796474095
1559257529283,20.187,121.7,0.05741,0.543,3.793830771
1559257529329,20.233,121.7,0.05741,0.543,3.793830771
1559257529375,20.279,121.7,0.05741,0.543,3.793830771
1559257529421,20.325,121.7,0.05741,0.543,3.793830771
1559257529484,20.388,121.7,0.05729,0.543,3.785900799
1559257529530,20.434,121.7,0.05729,0.543,3.785900799
1559257529576,20.48,121.7,0.05729,0.543,3.785900799
1559257529622,20.526,121.7,0.05729,0.543,3.785900799
1559257529683,20.587,121.6,0.0573,0.544,3.79041792
1559257529729,20.633,121.6,0.0573,0.544,3.79041792
1559257529775,20.679,121.6,0.0573,0.544,3.79041792
1559257529821,20.725,121.6,0.0573,0.544,3.79041792
1559257529884,20.788,121.6,0.05734,0.545,3.80003648
1559257529930,20.834,121.6,0.05734,0.545,3.80003648
1559257529976,20.88,121.6,0.05734,0.545,3.80003648
1559257530022,20.926,121.6,0.05734,0.545,3.80003648
1559257530083,20.987,121.7,0.05718,0.546,3.799508076
1559257530129,21.033,121.7,0.05718,0.546,3.799508076
1559257530175,21.079,121.7,0.05718,0.546,3.799508076
1559257530221,21.125,121.7,0.05718,0.546,3.799508076
1559257530284,21.188,121.7,0.05739,0.543,3.792509109
1559257530330,21.234,121.7,0.05739,0.543,3.792509109
1559257530376,21.28,121.7,0.05739,0.543,3.792509109
1559257530422,21.326,121.7,0.05739,0.543,3.792509109
1559257530484,21.388,121.7,0.05735,0.543,3.789865785
1559257530530,21.434,121.7,0.05735,0.543,3.789865785
1559257530576,21.48,121.7,0.05735,0.543,3.789865785
1559257530622,21.526,121.7,0.05735,0.543,3.789865785
1559257530683,21.587,121.7,0.05713,0.545,3.789232945
1559257530729,21.633,121.7,0.05713,0.545,3.789232945
1559257530776,21.68,121.7,0.05713,0.545,3.789232945
1559257530822,21.726,121.7,0.05713,0.545,3.789232945
1559257530883,21.787,121.7,0.0573,0.542,3.77958822
1559257530929,21.833,121.7,0.0573,0.542,3.77958822
1559257530975,21.879,121.7,0.0573,0.542,3.77958822
1559257531021,21.925,121.7,0.0573,0.542,3.77958822
1559257531083,21.987,121.7,0.05744,0.542,3.788822816
1559257531129,22.034,121.7,0.05744,0.542,3.788822816
1559257531176,22.08,121.7,0.05744,0.542,3.788822816
1559257531222,22.126,121.7,0.05744,0.542,3.788822816
1559257531284,22.188,121.8,0.05718,0.543,3.781736532
1559257531330,22.234,121.8,0.05718,0.543,3.781736532
1559257531376,22.28,121.8,0.05718,0.543,3.781736532
1559257531422,22.326,121.8,0.05718,0.543,3.781736532
1559257531484,22.388,121.8,0.05705,0.545,3.78703605
1559257531530,22.434,121.8,0.05705,0.545,3.78703605
1559257531576,22.48,121.8,0.05705,0.545,3.78703605
1559257531622,22.526,121.8,0.05705,0.545,3.78703605
1559257531683,22.587,121.7,0.05722,0.544,3.788238656
1559257531729,22.633,121.7,0.05722,0.544,3.788238656
1559257531775,22.679,121.7,0.05722,0.544,3.788238656
1559257531821,22.725,121.7,0.05722,0.544,3.788238656
1559257531884,22.788,121.7,0.057,0.546,3.7875474
1559257531930,22.834,121.7,0.057,0.546,3.7875474
1559257531976,22.88,121.7,0.057,0.546,3.7875474
1559257532022,22.926,121.7,0.057,0.546,3.7875474
1559257532083,22.987,121.7,0.0572,0.544,3.78691456
1559257532129,23.033,121.7,0.0572,0.544,3.78691456
1559257532175,23.079,121.7,0.0572,0.544,3.78691456
1559257532221,23.125,121.7,0.0572,0.544,3.78691456
1559257532284,23.188,121.8,0.05735,0.544,3.79996512
1559257532330,23.234,121.8,0.05735,0.544,3.79996512
1559257532376,23.28,121.8,0.05735,0.544,3.79996512
1559257532422,23.326,121.8,0.05735,0.544,3.79996512
1559257532483,23.387,121.8,0.05727,0.543,3.787688898
1559257532529,23.433,121.8,0.05727,0.543,3.787688898
1559257532575,23.479,121.8,0.05727,0.543,3.787688898
1559257532621,23.525,121.8,0.05727,0.543,3.787688898
1559257532684,23.588,121.7,0.05715,0.545,3.790559475
1559257532730,23.634,121.7,0.05715,0.545,3.790559475
1559257532776,23.68,121.7,0.05715,0.545,3.790559475
1559257532823,23.727,121.7,0.05715,0.545,3.790559475
1559257532883,23.788,121.7,0.05724,0.544,3.789562752
1559257532930,23.834,121.7,0.05724,0.544,3.789562752
1559257532976,23.88,121.7,0.05724,0.544,3.789562752
1559257533022,23.926,121.7,0.05724,0.544,3.789562752
1559257533083,23.987,121.7,0.05723,0.544,3.788900704
1559257533129,24.033,121.7,0.05723,0.544,3.788900704
1559257533175,24.079,121.7,0.05723,0.544,3.788900704
1559257533221,24.126,121.7,0.05723,0.544,3.788900704
1559257533284,24.188,121.7,0.05742,0.543,3.794491602
1559257533330,24.234,121.7,0.05742,0.543,3.794491602
1559257533376,24.28,121.7,0.05742,0.543,3.794491602
1559257533422,24.326,121.7,0.05742,0.543,3.794491602
1559257533483,24.387,121.7,0.05733,0.542,3.781567062
1559257533529,24.434,121.7,0.05733,0.542,3.781567062
1559257533576,24.48,121.7,0.05733,0.542,3.781567062
1559257533622,24.526,121.7,0.05733,0.542,3.781567062
1559257533683,24.587,121.7,0.05729,0.544,3.792872992
1559257533729,24.633,121.7,0.05729,0.544,3.792872992
1559257533775,24.679,121.7,0.05729,0.544,3.792872992
1559257533821,24.725,121.7,0.05729,0.544,3.792872992
1559257533883,24.787,121.6,0.05718,0.544,3.782479872
1559257533929,24.833,121.6,0.05718,0.544,3.782479872
1559257533975,24.879,121.6,0.05718,0.544,3.782479872
1559257534021,24.925,121.6,0.05718,0.544,3.782479872
1559257534084,24.988,121.7,0.0578,0.544,3.82663744
1559257534130,25.034,121.7,0.0578,0.544,3.82663744
1559257534176,25.08,121.7,0.0578,0.544,3.82663744
1559257534222,25.126,121.7,0.0578,0.544,3.82663744
1559257534283,25.187,121.7,0.05762,0.543,3.807708222
1559257534329,25.233,121.7,0.05762,0.543,3.807708222
1559257534375,25.279,121.7,0.05762,0.543,3.807708222
1559257534421,25.325,121.7,0.05762,0.543,3.807708222
1559257534484,25.388,121.7,0.05737,0.543,3.791187447
1559257534530,25.434,121.7,0.05737,0.543,3.791187447
1559257534576,25.48,121.7,0.05737,0.543,3.791187447
1559257534622,25.526,121.7,0.05737,0.543,3.791187447
1559257534683,25.588,121.7,0.05827,0.545,3.864845155
1559257534730,25.634,121.7,0.05827,0.545,3.864845155
1559257534776,25.68,121.7,0.05827,0.545,3.864845155
1559257534822,25.726,121.7,0.05827,0.545,3.864845155
1559257534883,25.787,121.7,0.05698,0.542,3.758480572
1559257534929,25.833,121.7,0.05698,0.542,3.758480572
1559257534975,25.879,121.7,0.05698,0.542,3.758480572
1559257535021,25.926,121.7,0.05698,0.542,3.758480572
1559257535083,25.987,121.7,0.05677,0.54,3.73081086
1559257535128,26.032,121.7,0.05677,0.54,3.73081086
1559257535174,26.079,121.7,0.05677,0.54,3.73081086
1559257535221,26.125,121.7,0.05677,0.54,3.73081086
1559257535283,26.187,121.8,0.05727,0.541,3.773737926
1559257535329,26.233,121.8,0.05727,0.541,3.773737926
1559257535375,26.279,121.8,0.05727,0.541,3.773737926
1559257535421,26.325,121.8,0.05727,0.541,3.773737926
1559257535484,26.388,121.8,0.05636,0.539,3.700045272
1559257535530,26.434,121.8,0.05636,0.539,3.700045272
1559257535576,26.48,121.8,0.05636,0.539,3.700045272
1559257535622,26.526,121.8,0.05636,0.539,3.700045272
1559257535683,26.587,121.8,0.05671,0.54,3.72993012
1559257535729,26.633,121.8,0.05671,0.54,3.72993012
1559257535775,26.679,121.8,0.05671,0.54,3.72993012
1559257535821,26.725,121.8,0.05671,0.54,3.72993012
1559257535882,26.787,121.8,0.0569,0.544,3.77014848
1559257535929,26.833,121.8,0.0569,0.544,3.77014848
1559257535975,26.879,121.8,0.0569,0.544,3.77014848
1559257536021,26.925,121.8,0.0569,0.544,3.77014848
1559257536083,26.987,121.8,0.05686,0.543,3.760572564
1559257536129,27.033,121.8,0.05686,0.543,3.760572564
1559257536175,27.079,121.8,0.05686,0.543,3.760572564
1559257536221,27.126,121.8,0.05686,0.543,3.760572564
1559257536283,27.187,121.8,0.05715,0.542,3.77279154
1559257536329,27.233,121.8,0.05715,0.542,3.77279154
1559257536375,27.279,121.8,0.05715,0.542,3.77279154
1559257536421,27.325,121.8,0.05715,0.542,3.77279154
1559257536483,27.387,121.8,0.05708,0.543,3.775122792
1559257536528,27.432,121.8,0.05708,0.543,3.775122792
1559257536574,27.478,121.8,0.05708,0.543,3.775122792
1559257536620,27.525,121.8,0.05708,0.543,3.775122792
1559257536683,27.587,121.8,0.05688,0.543,3.761895312
1559257536730,27.634,121.8,0.05688,0.543,3.761895312
1559257536776,27.68,121.8,0.05688,0.543,3.761895312
1559257536822,27.726,121.8,0.05688,0.543,3.761895312
1559257536883,27.787,121.7,0.05651,0.544,3.741233248
1559257536929,27.833,121.7,0.05651,0.544,3.741233248
1559257536975,27.879,121.7,0.05651,0.544,3.741233248
1559257537021,27.925,121.7,0.05651,0.544,3.741233248
1559257537083,27.987,121.7,0.05601,0.543,3.701314431
1559257537129,28.033,121.7,0.05601,0.543,3.701314431
1559257537175,28.079,121.7,0.05601,0.543,3.701314431
1559257537221,28.126,121.7,0.05601,0.543,3.701314431
1559257537283,28.187,121.7,0.05614,0.54,3.68940852
1559257537328,28.232,121.7,0.05614,0.54,3.68940852
1559257537374,28.279,121.7,0.05614,0.54,3.68940852
1559257537421,28.325,121.7,0.05614,0.54,3.68940852
1559257537483,28.387,121.7,0.05653,0.545,3.749437045
1559257537529,28.433,121.7,0.05653,0.545,3.749437045
1559257537575,28.479,121.7,0.05653,0.545,3.749437045
1559257537621,28.525,121.7,0.05653,0.545,3.749437045
1559257537683,28.587,121.7,0.05692,0.545,3.77530438
1559257537729,28.633,121.7,0.05692,0.545,3.77530438
1559257537775,28.679,121.7,0.05692,0.545,3.77530438
1559257537821,28.725,121.7,0.05692,0.545,3.77530438
1559257537883,28.787,121.7,0.05721,0.543,3.780614151
1559257537929,28.833,121.7,0.05721,0.543,3.780614151
1559257537975,28.879,121.7,0.05721,0.543,3.780614151
1559257538021,28.925,121.7,0.05721,0.543,3.780614151
1559257538082,28.986,121.7,0.05696,0.545,3.77795744
1559257538128,29.032,121.7,0.05696,0.545,3.77795744
1559257538174,29.078,121.7,0.05696,0.545,3.77795744
1559257538220,29.124,121.7,0.05696,0.545,3.77795744
1559257538283,29.187,121.7,0.05726,0.543,3.783918306
1559257538329,29.233,121.7,0.05726,0.543,3.783918306
1559257538375,29.279,121.7,0.05726,0.543,3.783918306
1559257538421,29.325,121.7,0.05726,0.543,3.783918306
1559257538483,29.387,121.7,0.0567,0.541,3.73311099
1559257538529,29.433,121.7,0.0567,0.541,3.73311099
1559257538575,29.48,121.7,0.0567,0.541,3.73311099
1559257538621,29.526,121.7,0.0567,0.541,3.73311099
1559257538683,29.587,121.7,0.05603,0.541,3.688998391
1559257538729,29.633,121.7,0.05603,0.541,3.688998391
1559257538775,29.679,121.7,0.05603,0.541,3.688998391
1559257538821,29.725,121.7,0.05603,0.541,3.688998391
1559257538882,29.786,121.7,0.05641,0.542,3.720882574
1559257538928,29.832,121.7,0.05641,0.542,3.720882574
1559257538974,29.879,121.7,0.05641,0.542,3.720882574
1559257539021,29.925,121.7,0.05641,0.542,3.720882574
1559257539083,29.987,121.7,0.05634,0.542,3.716265276
1559257539129,30.033,121.7,0.05634,0.542,3.716265276
1559257539175,30.079,121.7,0.05634,0.542,3.716265276
1559257539222,30.126,121.7,0.05634,0.542,3.716265276
1559257539282,30.186,121.7,0.0567,0.543,3.74691177
1559257539328,30.232,121.7,0.0567,0.543,3.74691177
1559257539374,30.279,121.7,0.0567,0.543,3.74691177
1559257539420,30.325,121.7,0.0567,0.543,3.74691177
1559257539483,30.387,121.8,0.05656,0.543,3.740731344
1559257539529,30.433,121.8,0.05656,0.543,3.740731344
1559257539575,30.479,121.8,0.05656,0.543,3.740731344
1559257539621,30.525,121.8,0.05656,0.543,3.740731344
1559257539682,30.586,121.8,0.05754,0.539,3.777512508
1559257539728,30.632,121.8,0.05754,0.539,3.777512508
1559257539774,30.678,121.8,0.05754,0.539,3.777512508
1559257539820,30.725,121.8,0.05754,0.539,3.777512508
1559257539883,30.787,121.8,0.05768,0.536,3.765627264
1559257539929,30.833,121.8,0.05768,0.536,3.765627264
1559257539975,30.879,121.8,0.05768,0.536,3.765627264
1559257540021,30.925,121.8,0.05768,0.536,3.765627264
1559257540082,30.986,121.8,0.0574,0.54,3.7753128
1559257540128,31.032,121.8,0.0574,0.54,3.7753128
1559257540174,31.079,121.8,0.0574,0.54,3.7753128
1559257540221,31.125,121.8,0.0574,0.54,3.7753128
1559257540283,31.187,121.8,0.0578,0.536,3.77346144
1559257540329,31.233,121.8,0.0578,0.536,3.77346144
1559257540375,31.279,121.8,0.0578,0.536,3.77346144
1559257540421,31.325,121.8,0.0578,0.536,3.77346144
1559257540482,31.386,121.8,0.05786,0.536,3.777378528
1559257540528,31.432,121.8,0.05786,0.536,3.777378528
1559257540574,31.478,121.8,0.05786,0.536,3.777378528
1559257540621,31.525,121.8,0.05786,0.536,3.777378528
1559257540682,31.586,121.8,0.05767,0.538,3.779022828
1559257540728,31.632,121.8,0.05767,0.538,3.779022828
1559257540774,31.678,121.8,0.05767,0.538,3.779022828
1559257540820,31.724,121.8,0.05767,0.538,3.779022828
1559257540883,31.787,121.8,0.05739,0.54,3.77465508
1559257540929,31.833,121.8,0.05739,0.54,3.77465508
1559257540975,31.879,121.8,0.05739,0.54,3.77465508
1559257541021,31.925,121.8,0.05739,0.54,3.77465508
1559257541082,31.986,121.8,0.05747,0.538,3.765917148
1559257541129,32.033,121.8,0.05747,0.538,3.765917148
1559257541175,32.079,121.8,0.05747,0.538,3.765917148
1559257541221,32.125,121.8,0.05747,0.538,3.765917148
1559257541282,32.186,121.8,0.05744,0.539,3.770947488
1559257541329,32.233,121.8,0.05744,0.539,3.770947488
1559257541375,32.279,121.8,0.05744,0.539,3.770947488
1559257541421,32.325,121.8,0.05744,0.539,3.770947488
1559257541483,32.387,121.8,0.05734,0.539,3.764382468
1559257541529,32.433,121.8,0.05734,0.539,3.764382468
1559257541575,32.479,121.8,0.05734,0.539,3.764382468
1559257541621,32.525,121.8,0.05734,0.539,3.764382468
1559257541682,32.586,121.7,0.05739,0.539,3.764571657
1559257541728,32.632,121.7,0.05739,0.539,3.764571657
1559257541774,32.678,121.7,0.05739,0.539,3.764571657
1559257541820,32.724,121.7,0.05739,0.539,3.764571657
1559257541883,32.787,121.7,0.05746,0.539,3.769163398
1559257541929,32.833,121.7,0.05746,0.539,3.769163398
1559257541975,32.879,121.7,0.05746,0.539,3.769163398
1559257542021,32.925,121.7,0.05746,0.539,3.769163398
1559257542082,32.986,121.7,0.05735,0.539,3.761947805
1559257542128,33.032,121.7,0.05735,0.539,3.761947805
1559257542175,33.079,121.7,0.05735,0.539,3.761947805
1559257542221,33.125,121.7,0.05735,0.539,3.761947805
1559257542282,33.186,121.7,0.0576,0.539,3.77834688
1559257542328,33.232,121.7,0.0576,0.539,3.77834688
1559257542374,33.278,121.7,0.0576,0.539,3.77834688
1559257542420,33.324,121.7,0.0576,0.539,3.77834688
1559257542482,33.386,121.7,0.05735,0.541,3.775906795
1559257542528,33.432,121.7,0.05735,0.541,3.775906795
1559257542574,33.478,121.7,0.05735,0.541,3.775906795
1559257542620,33.524,121.7,0.05735,0.541,3.775906795
1559257542683,33.587,121.7,0.05751,0.54,3.77944218
1559257542729,33.633,121.7,0.05751,0.54,3.77944218
1559257542775,33.679,121.7,0.05751,0.54,3.77944218
1559257542821,33.725,121.7,0.05751,0.54,3.77944218
1559257542882,33.786,121.7,0.0575,0.539,3.77178725
1559257542928,33.832,121.7,0.0575,0.539,3.77178725
1559257542974,33.878,121.7,0.0575,0.539,3.77178725
1559257543020,33.924,121.7,0.0575,0.539,3.77178725
1559257543082,33.987,121.7,0.05715,0.543,3.776649165
1559257543129,34.033,121.7,0.05715,0.543,3.776649165
1559257543175,34.079,121.7,0.05715,0.543,3.776649165
1559257543221,34.125,121.7,0.05715,0.543,3.776649165
1559257543282,34.186,121.7,0.05713,0.542,3.768374782
1559257543328,34.232,121.7,0.05713,0.542,3.768374782
1559257543374,34.278,121.7,0.05713,0.542,3.768374782
1559257543420,34.325,121.7,0.05713,0.542,3.768374782
1559257543483,34.387,121.7,0.05718,0.541,3.764714046
1559257543529,34.433,121.7,0.05718,0.541,3.764714046
1559257543575,34.479,121.7,0.05718,0.541,3.764714046
1559257543621,34.525,121.7,0.05718,0.541,3.764714046
1559257543682,34.586,121.7,0.05728,0.54,3.76432704
1559257543728,34.632,121.7,0.05728,0.54,3.76432704
1559257543774,34.678,121.7,0.05728,0.54,3.76432704
1559257543820,34.724,121.7,0.05728,0.54,3.76432704
1559257543882,34.786,121.7,0.05637,0.539,3.697663431
1559257543928,34.833,121.7,0.05637,0.539,3.697663431
1559257543975,34.879,121.7,0.05637,0.539,3.697663431
1559257544021,34.925,121.7,0.05637,0.539,3.697663431
1559257544082,34.986,121.8,0.05638,0.539,3.701358276
1559257544128,35.032,121.8,0.05638,0.539,3.701358276
1559257544174,35.078,121.8,0.05638,0.539,3.701358276
1559257544220,35.124,121.8,0.05638,0.539,3.701358276
1559257544282,35.186,121.8,0.05647,0.541,3.721022886
1559257544328,35.232,121.8,0.05647,0.541,3.721022886
1559257544374,35.278,121.8,0.05647,0.541,3.721022886
1559257544421,35.325,121.8,0.05647,0.541,3.721022886
1559257544482,35.386,121.8,0.05606,0.54,3.68717832
1559257544529,35.433,121.8,0.05606,0.54,3.68717832
1559257544575,35.479,121.8,0.05606,0.54,3.68717832
1559257544621,35.525,121.8,0.05606,0.54,3.68717832
1559257544682,35.586,121.8,0.05603,0.541,3.692029614
1559257544728,35.632,121.8,0.05603,0.541,3.692029614
1559257544774,35.678,121.8,0.05603,0.541,3.692029614
1559257544820,35.724,121.8,0.05603,0.541,3.692029614
1559257544883,35.787,121.8,0.05553,0.546,3.692900484
1559257544929,35.833,121.8,0.05553,0.546,3.692900484
1559257544975,35.879,121.8,0.05553,0.546,3.692900484
1559257545021,35.925,121.8,0.05553,0.546,3.692900484
1559257545082,35.986,121.8,0.05558,0.545,3.68945598
1559257545128,36.032,121.8,0.05558,0.545,3.68945598
1559257545175,36.079,121.8,0.05558,0.545,3.68945598
1559257545221,36.125,121.8,0.05558,0.545,3.68945598
1559257545282,36.186,121.8,0.05571,0.545,3.69808551
1559257545328,36.232,121.8,0.05571,0.545,3.69808551
1559257545374,36.278,121.8,0.05571,0.545,3.69808551
1559257545420,36.324,121.8,0.05571,0.545,3.69808551
1559257545483,36.387,121.8,0.05669,0.546,3.770043732
1559257545529,36.433,121.8,0.05669,0.546,3.770043732
1559257545575,36.479,121.8,0.05669,0.546,3.770043732
1559257545621,36.525,121.8,0.05669,0.546,3.770043732
1559257545682,36.586,121.8,0.05712,0.545,3.79168272
1559257545728,36.632,121.8,0.05712,0.545,3.79168272
1559257545774,36.678,121.8,0.05712,0.545,3.79168272
1559257545820,36.724,121.8,0.05712,0.545,3.79168272
1559257545883,36.787,121.8,0.05691,0.545,3.77774271
1559257545929,36.833,121.8,0.05691,0.545,3.77774271
1559257545975,36.879,121.8,0.05691,0.545,3.77774271
1559257546021,36.925,121.8,0.05691,0.545,3.77774271
1559257546082,36.986,121.7,0.05696,0.545,3.77795744
1559257546128,37.032,121.7,0.05696,0.545,3.77795744
1559257546174,37.078,121.7,0.05696,0.545,3.77795744
1559257546220,37.124,121.7,0.05696,0.545,3.77795744
1559257546283,37.187,121.7,0.05712,0.543,3.774666672
1559257546329,37.233,121.7,0.05712,0.543,3.774666672
1559257546375,37.279,121.7,0.05712,0.543,3.774666672
1559257546421,37.325,121.7,0.05712,0.543,3.774666672
1559257546482,37.386,121.7,0.05714,0.543,3.775988334
1559257546529,37.433,121.7,0.05714,0.543,3.775988334
1559257546575,37.479,121.7,0.05714,0.543,3.775988334
1559257546621,37.525,121.7,0.05714,0.543,3.775988334
1559257546682,37.586,121.7,0.05736,0.542,3.783545904
1559257546728,37.632,121.7,0.05736,0.542,3.783545904
1559257546774,37.678,121.7,0.05736,0.542,3.783545904
1559257546820,37.724,121.7,0.05736,0.542,3.783545904
1559257546882,37.786,121.7,0.05711,0.544,3.780956128
1559257546928,37.832,121.7,0.05711,0.544,3.780956128
1559257546974,37.878,121.7,0.05711,0.544,3.780956128
1559257547020,37.924,121.7,0.05711,0.544,3.780956128
1559257547082,37.986,121.7,0.057,0.544,3.7736736
1559257547128,38.032,121.7,0.057,0.544,3.7736736
1559257547174,38.078,121.7,0.057,0.544,3.7736736
1559257547220,38.124,121.7,0.057,0.544,3.7736736
1559257547282,38.186,121.7,0.05702,0.544,3.774997696
1559257547328,38.232,121.7,0.05702,0.544,3.774997696
1559257547374,38.278,121.7,0.05702,0.544,3.774997696
1559257547420,38.324,121.7,0.05702,0.544,3.774997696
1559257547482,38.386,121.7,0.05717,0.544,3.784928416
1559257547528,38.432,121.7,0.05717,0.544,3.784928416
1559257547575,38.479,121.7,0.05717,0.544,3.784928416
1559257547621,38.525,121.7,0.05717,0.544,3.784928416
1559257547682,38.586,121.8,0.05706,0.543,3.773800044
1559257547728,38.632,121.8,0.05706,0.543,3.773800044
1559257547774,38.678,121.8,0.05706,0.543,3.773800044
1559257547820,38.724,121.8,0.05706,0.543,3.773800044
1559257547881,38.785,121.7,0.05706,0.544,3.777645888
1559257547928,38.832,121.7,0.05706,0.544,3.777645888
1559257547974,38.878,121.7,0.05706,0.544,3.777645888
1559257548020,38.924,121.7,0.05706,0.544,3.777645888
1559257548082,38.986,121.7,0.05702,0.545,3.78193703
1559257548128,39.032,121.7,0.05702,0.545,3.78193703
1559257548174,39.078,121.7,0.05702,0.545,3.78193703
1559257548221,39.125,121.7,0.05702,0.545,3.78193703
1559257548282,39.186,121.8,0.05698,0.544,3.775449216
1559257548328,39.232,121.8,0.05698,0.544,3.775449216
1559257548374,39.278,121.8,0.05698,0.544,3.775449216
1559257548421,39.325,121.8,0.05698,0.544,3.775449216
1559257548482,39.386,121.8,0.05694,0.545,3.77973414
1559257548528,39.432,121.8,0.05694,0.545,3.77973414
1559257548574,39.478,121.8,0.05694,0.545,3.77973414
1559257548620,39.524,121.8,0.05694,0.545,3.77973414
1559257548682,39.586,121.8,0.05669,0.547,3.776948574
1559257548728,39.632,121.8,0.05669,0.547,3.776948574
1559257548775,39.679,121.8,0.05669,0.547,3.776948574
1559257548821,39.725,121.8,0.05669,0.547,3.776948574
1559257548882,39.786,121.8,0.05753,0.551,3.860941854
1559257548928,39.832,121.8,0.05753,0.551,3.860941854
1559257548974,39.878,121.8,0.05753,0.551,3.860941854
1559257549020,39.924,121.8,0.05753,0.551,3.860941854
1559257549081,39.985,121.8,0.05717,0.55,3.8298183
1559257549127,40.031,121.8,0.05717,0.55,3.8298183
1559257549174,40.078,121.8,0.05717,0.55,3.8298183
1559257549220,40.124,121.8,0.05717,0.55,3.8298183
1559257549282,40.186,121.8,0.05717,0.546,3.801965076
1559257549328,40.232,121.8,0.05717,0.546,3.801965076
1559257549374,40.278,121.8,0.05717,0.546,3.801965076
1559257549420,40.324,121.8,0.05717,0.546,3.801965076
1559257549482,40.386,121.8,0.057,0.545,3.783717
1559257549528,40.432,121.8,0.057,0.545,3.783717
1559257549574,40.478,121.8,0.057,0.545,3.783717
1559257549620,40.524,121.8,0.057,0.545,3.783717
1559257549681,40.585,121.8,0.05759,0.544,3.815867328
1559257549727,40.631,121.8,0.05759,0.544,3.815867328
1559257549773,40.677,121.8,0.05759,0.544,3.815867328
1559257549819,40.723,121.8,0.05759,0.544,3.815867328
1559257549882,40.786,121.7,0.05671,0.547,3.775179029
1559257549928,40.832,121.7,0.05671,0.547,3.775179029
1559257549974,40.878,121.7,0.05671,0.547,3.775179029
1559257550020,40.924,121.7,0.05671,0.547,3.775179029
1559257550082,40.986,121.7,0.05683,0.547,3.783167417
1559257550128,41.032,121.7,0.05683,0.547,3.783167417
1559257550174,41.078,121.7,0.05683,0.547,3.783167417
1559257550220,41.124,121.7,0.05683,0.547,3.783167417
1559257550281,41.185,121.7,0.05711,0.545,3.787906415
1559257550327,41.231,121.7,0.05711,0.545,3.787906415
1559257550373,41.277,121.7,0.05711,0.545,3.787906415
1559257550420,41.324,121.7,0.05711,0.545,3.787906415
1559257550482,41.386,121.7,0.05683,0.547,3.783167417
1559257550528,41.432,121.7,0.05683,0.547,3.783167417
1559257550574,41.478,121.7,0.05683,0.547,3.783167417
1559257550620,41.524,121.7,0.05683,0.547,3.783167417
1559257550681,41.585,121.7,0.05682,0.548,3.789416712
1559257550727,41.631,121.7,0.05682,0.548,3.789416712
1559257550774,41.678,121.7,0.05682,0.548,3.789416712
1559257550820,41.724,121.7,0.05682,0.548,3.789416712
1559257550882,41.786,121.7,0.05717,0.548,3.812758772
1559257550928,41.832,121.7,0.05717,0.548,3.812758772
1559257550974,41.878,121.7,0.05717,0.548,3.812758772
1559257551020,41.924,121.7,0.05717,0.548,3.812758772
1559257551081,41.985,121.7,0.0574,0.549,3.83508342
1559257551127,42.031,121.7,0.0574,0.549,3.83508342
1559257551173,42.077,121.7,0.0574,0.549,3.83508342
1559257551219,42.123,121.7,0.0574,0.549,3.83508342
1559257551281,42.185,121.7,0.05684,0.55,3.8045854
1559257551327,42.231,121.7,0.05684,0.55,3.8045854
1559257551374,42.278,121.7,0.05684,0.55,3.8045854
1559257551420,42.324,121.7,0.05684,0.55,3.8045854
1559257551482,42.386,121.7,0.05707,0.549,3.813035031
1559257551528,42.432,121.7,0.05707,0.549,3.813035031
1559257551574,42.478,121.7,0.05707,0.549,3.813035031
1559257551620,42.524,121.7,0.05707,0.549,3.813035031
1559257551681,42.585,121.8,0.05709,0.548,3.810551976
1559257551728,42.632,121.8,0.05709,0.548,3.810551976
1559257551774,42.678,121.8,0.05709,0.548,3.810551976
1559257551820,42.724,121.8,0.05709,0.548,3.810551976
1559257551881,42.785,121.8,0.05764,0.546,3.833221392
1559257551927,42.831,121.8,0.05764,0.546,3.833221392
1559257551973,42.877,121.8,0.05764,0.546,3.833221392
1559257552019,42.923,121.8,0.05764,0.546,3.833221392
1559257552082,42.986,121.8,0.05704,0.548,3.807214656
1559257552128,43.032,121.8,0.05704,0.548,3.807214656
1559257552174,43.078,121.8,0.05704,0.548,3.807214656
1559257552220,43.124,121.8,0.05704,0.548,3.807214656
1559257552282,43.186,121.8,0.0571,0.547,3.80426466
1559257552328,43.232,121.8,0.0571,0.547,3.80426466
1559257552374,43.278,121.8,0.0571,0.547,3.80426466
1559257552420,43.324,121.8,0.0571,0.547,3.80426466
1559257552481,43.385,121.8,0.05694,0.548,3.800540016
1559257552527,43.431,121.8,0.05694,0.548,3.800540016
1559257552573,43.477,121.8,0.05694,0.548,3.800540016
1559257552619,43.523,121.8,0.05694,0.548,3.800540016
1559257552681,43.585,121.8,0.05708,0.549,3.816836856
1559257552727,43.631,121.8,0.05708,0.549,3.816836856
1559257552773,43.677,121.8,0.05708,0.549,3.816836856
1559257552819,43.723,121.8,0.05708,0.549,3.816836856
1559257552882,43.786,121.8,0.05713,0.546,3.799304964
1559257552928,43.832,121.8,0.05713,0.546,3.799304964
1559257552974,43.878,121.8,0.05713,0.546,3.799304964
1559257553020,43.924,121.8,0.05713,0.546,3.799304964
1559257553081,43.985,121.8,0.05753,0.543,3.804884622
1559257553127,44.031,121.8,0.05753,0.543,3.804884622
1559257553173,44.077,121.8,0.05753,0.543,3.804884622
1559257553219,44.123,121.8,0.05753,0.543,3.804884622
1559257553282,44.186,121.8,0.05726,0.546,3.807950328
1559257553328,44.232,121.8,0.05726,0.546,3.807950328
1559257553374,44.278,121.8,0.05726,0.546,3.807950328
1559257553420,44.324,121.8,0.05726,0.546,3.807950328
1559257553481,44.385,121.8,0.05738,0.546,3.815930664
1559257553527,44.431,121.8,0.05738,0.546,3.815930664
1559257553574,44.478,121.8,0.05738,0.546,3.815930664
1559257553620,44.524,121.8,0.05738,0.546,3.815930664
1559257553682,44.586,121.8,0.05708,0.547,3.802932168
1559257553728,44.632,121.8,0.05708,0.547,3.802932168
1559257553774,44.678,121.8,0.05708,0.547,3.802932168
1559257553820,44.724,121.8,0.05708,0.547,3.802932168
1559257553881,44.785,121.8,0.05719,0.546,3.803295132
1559257553927,44.831,121.8,0.05719,0.546,3.803295132
1559257553973,44.877,121.8,0.05719,0.546,3.803295132
1559257554020,44.924,121.8,0.05719,0.546,3.803295132
1559257554082,44.986,121.8,0.05719,0.546,3.803295132
1559257554128,45.032,121.8,0.05719,0.546,3.803295132
1559257554174,45.078,121.8,0.05719,0.546,3.803295132
1559257554220,45.124,121.8,0.05719,0.546,3.803295132
1559257554281,45.185,121.8,0.0577,0.548,3.85126728
1559257554327,45.231,121.8,0.0577,0.548,3.85126728
1559257554373,45.277,121.8,0.0577,0.548,3.85126728
1559257554421,45.325,121.8,0.0577,0.548,3.85126728
1559257554482,45.386,121.8,0.05743,0.549,3.840240726
1559257554528,45.432,121.8,0.05743,0.549,3.840240726
1559257554574,45.478,121.8,0.05743,0.549,3.840240726
1559257554620,45.524,121.8,0.05743,0.549,3.840240726
1559257554681,45.585,121.8,0.05702,0.549,3.812824764
1559257554728,45.632,121.8,0.05702,0.549,3.812824764
1559257554774,45.678,121.8,0.05702,0.549,3.812824764
1559257554820,45.724,121.8,0.05702,0.549,3.812824764
1559257554881,45.785,121.7,0.05693,0.549,3.803681169
1559257554927,45.831,121.7,0.05693,0.549,3.803681169
1559257554974,45.878,121.7,0.05693,0.549,3.803681169
1559257555020,45.924,121.7,0.05693,0.549,3.803681169
1559257555081,45.985,121.7,0.05724,0.546,3.803494968
1559257555127,46.031,121.7,0.05724,0.546,3.803494968
1559257555173,46.077,121.7,0.05724,0.546,3.803494968
1559257555219,46.123,121.7,0.05724,0.546,3.803494968
1559257555281,46.185,121.7,0.05713,0.547,3.803138387
1559257555327,46.231,121.7,0.05713,0.547,3.803138387
1559257555373,46.277,121.7,0.05713,0.547,3.803138387
1559257555419,46.323,121.7,0.05713,0.547,3.803138387
1559257555482,46.386,121.7,0.0573,0.551,3.84234891
1559257555528,46.432,121.7,0.0573,0.551,3.84234891
1559257555574,46.478,121.7,0.0573,0.551,3.84234891
1559257555620,46.524,121.7,0.0573,0.551,3.84234891
1559257555681,46.585,121.7,0.05683,0.551,3.810832261
1559257555727,46.631,121.7,0.05683,0.551,3.810832261
1559257555773,46.677,121.7,0.05683,0.551,3.810832261
1559257555819,46.723,121.7,0.05683,0.551,3.810832261
1559257555882,46.786,121.7,0.05685,0.55,3.80525475
1559257555928,46.832,121.7,0.05685,0.55,3.80525475
1559257555974,46.878,121.7,0.05685,0.55,3.80525475
1559257556020,46.924,121.7,0.05685,0.55,3.80525475
1559257556081,46.985,121.7,0.05694,0.55,3.8112789
1559257556127,47.031,121.7,0.05694,0.55,3.8112789
1559257556173,47.077,121.7,0.05694,0.55,3.8112789
1559257556219,47.123,121.7,0.05694,0.55,3.8112789
1559257556280,47.184,121.7,0.05703,0.549,3.810362499
1559257556326,47.23,121.7,0.05703,0.549,3.810362499
1559257556373,47.277,121.7,0.05703,0.549,3.810362499
1559257556419,47.323,121.7,0.05703,0.549,3.810362499
1559257556481,47.385,121.8,0.05726,0.547,3.814924596
1559257556527,47.431,121.8,0.05726,0.547,3.814924596
1559257556573,47.477,121.8,0.05726,0.547,3.814924596
1559257556619,47.523,121.8,0.05726,0.547,3.814924596
1559257556681,47.585,121.7,0.05691,0.549,3.802344903
1559257556728,47.632,121.7,0.05691,0.549,3.802344903
1559257556774,47.678,121.7,0.05691,0.549,3.802344903
1559257556821,47.725,121.7,0.05691,0.549,3.802344903
1559257556881,47.785,121.7,0.05724,0.546,3.803494968
1559257556927,47.831,121.7,0.05724,0.546,3.803494968
1559257556973,47.877,121.7,0.05724,0.546,3.803494968
1559257557019,47.923,121.7,0.05724,0.546,3.803494968
1559257557081,47.985,121.8,0.05726,0.546,3.807950328
1559257557127,48.031,121.8,0.05726,0.546,3.807950328
1559257557173,48.077,121.8,0.05726,0.546,3.807950328
1559257557222,48.126,121.8,0.05726,0.546,3.807950328
1559257557281,48.185,121.8,0.05736,0.545,3.80761416
1559257557327,48.231,121.8,0.05736,0.545,3.80761416
1559257557373,48.277,121.8,0.05736,0.545,3.80761416
1559257557419,48.323,121.8,0.05736,0.545,3.80761416
1559257557481,48.385,121.8,0.05793,0.546,3.852507204
1559257557527,48.431,121.8,0.05793,0.546,3.852507204
1559257557572,48.476,121.8,0.05793,0.546,3.852507204
1559257557618,48.522,121.8,0.05793,0.546,3.852507204
1559257557680,48.584,121.8,0.05753,0.546,3.825906084
1559257557726,48.63,121.8,0.05753,0.546,3.825906084
1559257557771,48.675,121.8,0.05753,0.546,3.825906084
1559257557817,48.721,121.8,0.05753,0.546,3.825906084
1559257557881,48.785,121.8,0.05742,0.545,3.81159702
1559257557926,48.83,121.8,0.05742,0.545,3.81159702
1559257557972,48.876,121.8,0.05742,0.545,3.81159702
1559257558018,48.922,121.8,0.05742,0.545,3.81159702
1559257558081,48.985,121.8,0.0573,0.546,3.81061044
1559257558127,49.031,121.8,0.0573,0.546,3.81061044
1559257558174,49.078,121.8,0.0573,0.546,3.81061044
1559257558220,49.124,121.8,0.0573,0.546,3.81061044
1559257558281,49.185,121.8,0.0572,0.546,3.80396016
1559257558327,49.231,121.8,0.0572,0.546,3.80396016
1559257558373,49.277,121.8,0.0572,0.546,3.80396016
1559257558419,49.323,121.8,0.0572,0.546,3.80396016
1559257558481,49.385,121.8,0.05726,0.547,3.814924596
1559257558527,49.431,121.8,0.05726,0.547,3.814924596
1559257558573,49.477,121.8,0.05726,0.547,3.814924596
1559257558619,49.523,121.8,0.05726,0.547,3.814924596
1559257558680,49.584,121.8,0.05732,0.546,3.811940496
1559257558727,49.631,121.8,0.05732,0.546,3.811940496
1559257558773,49.677,121.8,0.05732,0.546,3.811940496
1559257558819,49.723,121.8,0.05732,0.546,3.811940496
1559257558881,49.785,121.7,0.05712,0.544,3.781618176
1559257558927,49.831,121.7,0.05712,0.544,3.781618176
1559257558973,49.877,121.7,0.05712,0.544,3.781618176
1559257559019,49.923,121.7,0.05712,0.544,3.781618176
1559257559080,49.984,121.7,0.05722,0.544,3.788238656
1559257559126,50.03,121.7,0.05722,0.544,3.788238656
1559257559172,50.076,121.7,0.05722,0.544,3.788238656
1559257559219,50.123,121.7,0.05722,0.544,3.788238656
1559257559281,50.185,121.7,0.0577,0.545,3.82703905
1559257559327,50.231,121.7,0.0577,0.545,3.82703905
1559257559373,50.277,121.7,0.0577,0.545,3.82703905
1559257559419,50.323,121.7,0.0577,0.545,3.82703905
1559257559480,50.384,121.7,0.05732,0.543,3.787883292
1559257559526,50.43,121.7,0.05732,0.543,3.787883292
1559257559572,50.476,121.7,0.05732,0.543,3.787883292
1559257559618,50.522,121.7,0.05732,0.543,3.787883292
1559257559681,50.585,121.7,0.05716,0.544,3.784266368
1559257559727,50.631,121.7,0.05716,0.544,3.784266368
1559257559773,50.677,121.7,0.05716,0.544,3.784266368
1559257559819,50.723,121.7,0.05716,0.544,3.784266368
1559257559880,50.784,121.7,0.05749,0.547,3.827103551
1559257559926,50.83,121.7,0.05749,0.547,3.827103551
1559257559972,50.876,121.7,0.05749,0.547,3.827103551
1559257560018,50.922,121.7,0.05749,0.547,3.827103551
1559257560080,50.984,121.7,0.05701,0.548,3.802088116
1559257560126,51.03,121.7,0.05701,0.548,3.802088116
1559257560175,51.079,121.7,0.05701,0.548,3.802088116
1559257560221,51.125,121.7,0.05701,0.548,3.802088116
1559257560281,51.185,121.7,0.05704,0.549,3.811030632
1559257560327,51.231,121.7,0.05704,0.549,3.811030632
1559257560373,51.277,121.7,0.05704,0.549,3.811030632
1559257560419,51.323,121.7,0.05704,0.549,3.811030632
1559257560480,51.384,121.7,0.05694,0.549,3.804349302
1559257560526,51.43,121.7,0.05694,0.549,3.804349302
1559257560572,51.476,121.7,0.05694,0.549,3.804349302
1559257560618,51.522,121.7,0.05694,0.549,3.804349302
1559257560681,51.585,121.7,0.05738,0.544,3.798831424
1559257560727,51.631,121.7,0.05738,0.544,3.798831424
1559257560773,51.677,121.7,0.05738,0.544,3.798831424
1559257560819,51.723,121.7,0.05738,0.544,3.798831424
1559257560881,51.785,121.7,0.05745,0.545,3.810457425
1559257560927,51.831,121.7,0.05745,0.545,3.810457425
1559257560973,51.877,121.7,0.05745,0.545,3.810457425
1559257561019,51.923,121.7,0.05745,0.545,3.810457425
1559257561081,51.985,121.7,0.05721,0.545,3.794539065
1559257561127,52.031,121.7,0.05721,0.545,3.794539065
1559257561173,52.077,121.7,0.05721,0.545,3.794539065
1559257561219,52.123,121.7,0.05721,0.545,3.794539065
1559257561280,52.184,121.7,0.05742,0.543,3.794491602
1559257561326,52.23,121.7,0.05742,0.543,3.794491602
1559257561372,52.276,121.7,0.05742,0.543,3.794491602
1559257561418,52.322,121.7,0.05742,0.543,3.794491602
1559257561480,52.384,121.7,0.05697,0.547,3.792487203
1559257561526,52.43,121.7,0.05697,0.547,3.792487203
1559257561572,52.476,121.7,0.05697,0.547,3.792487203
1559257561618,52.522,121.7,0.05697,0.547,3.792487203
1559257561681,52.585,121.7,0.05709,0.547,3.800475591
1559257561727,52.631,121.7,0.05709,0.547,3.800475591
1559257561773,52.677,121.7,0.05709,0.547,3.800475591
1559257561819,52.723,121.7,0.05709,0.547,3.800475591
1559257561881,52.785,121.8,0.05725,0.545,3.80031225
1559257561927,52.831,121.8,0.05725,0.545,3.80031225
1559257561973,52.877,121.8,0.05725,0.545,3.80031225
1559257562019,52.923,121.8,0.05725,0.545,3.80031225
1559257562080,52.984,121.8,0.05708,0.547,3.802932168
1559257562126,53.03,121.8,0.05708,0.547,3.802932168
1559257562172,53.076,121.8,0.05708,0.547,3.802932168
1559257562219,53.123,121.8,0.05708,0.547,3.802932168
1559257562281,53.185,121.8,0.05719,0.545,3.79632939
1559257562327,53.231,121.8,0.05719,0.545,3.79632939
1559257562373,53.277,121.8,0.05719,0.545,3.79632939
1559257562419,53.323,121.8,0.05719,0.545,3.79632939
1559257562480,53.384,121.8,0.05752,0.544,3.811229184
1559257562527,53.431,121.8,0.05752,0.544,3.811229184
1559257562573,53.477,121.8,0.05752,0.544,3.811229184
1559257562619,53.523,121.8,0.05752,0.544,3.811229184
1559257562681,53.585,121.8,0.05745,0.544,3.80659104
1559257562727,53.631,121.8,0.05745,0.544,3.80659104
1559257562773,53.677,121.8,0.05745,0.544,3.80659104
1559257562819,53.723,121.8,0.05745,0.544,3.80659104
1559257562880,53.784,121.8,0.05743,0.543,3.798270882
1559257562926,53.83,121.8,0.05743,0.543,3.798270882
1559257562972,53.876,121.8,0.05743,0.543,3.798270882
1559257563018,53.922,121.8,0.05743,0.543,3.798270882
1559257563080,53.984,121.7,0.05777,0.545,3.831681905
1559257563126,54.03,121.7,0.05777,0.545,3.831681905
1559257563172,54.076,121.7,0.05777,0.545,3.831681905
1559257563219,54.123,121.7,0.05777,0.545,3.831681905
1559257563280,54.184,121.7,0.05753,0.544,3.808762144
1559257563326,54.23,121.7,0.05753,0.544,3.808762144
1559257563372,54.276,121.7,0.05753,0.544,3.808762144
1559257563418,54.322,121.7,0.05753,0.544,3.808762144
1559257563480,54.384,121.7,0.0577,0.542,3.80597278
1559257563526,54.43,121.7,0.0577,0.542,3.80597278
1559257563572,54.476,121.7,0.0577,0.542,3.80597278
1559257563618,54.522,121.7,0.0577,0.542,3.80597278
1559257563681,54.585,121.7,0.05781,0.54,3.79915758
1559257563727,54.631,121.7,0.05781,0.54,3.79915758
1559257563773,54.677,121.7,0.05781,0.54,3.79915758
1559257563819,54.723,121.7,0.05781,0.54,3.79915758
1559257563880,54.784,121.7,0.05781,0.541,3.806193057
1559257563926,54.83,121.7,0.05781,0.541,3.806193057
1559257563972,54.876,121.7,0.05781,0.541,3.806193057
1559257564018,54.922,121.7,0.05781,0.541,3.806193057
1559257564080,54.984,121.7,0.05804,0.544,3.842526592
1559257564127,55.031,121.7,0.05804,0.544,3.842526592
1559257564173,55.077,121.7,0.05804,0.544,3.842526592
1559257564219,55.123,121.7,0.05804,0.544,3.842526592
1559257564280,55.184,121.7,0.05814,0.543,3.842071434
1559257564326,55.23,121.7,0.05814,0.543,3.842071434
1559257564372,55.276,121.7,0.05814,0.543,3.842071434
1559257564418,55.322,121.7,0.05814,0.543,3.842071434
1559257564480,55.384,121.7,0.05784,0.541,3.808168248
1559257564526,55.43,121.7,0.05784,0.541,3.808168248
1559257564573,55.477,121.7,0.05784,0.541,3.808168248
1559257564619,55.523,121.7,0.05784,0.541,3.808168248
1559257564680,55.584,121.7,0.05775,0.543,3.816299025
1559257564726,55.63,121.7,0.05775,0.543,3.816299025
1559257564772,55.676,121.7,0.05775,0.543,3.816299025
1559257564818,55.722,121.7,0.05775,0.543,3.816299025
1559257564880,55.784,121.7,0.05754,0.544,3.809424192
1559257564926,55.83,121.7,0.05754,0.544,3.809424192
1559257564972,55.876,121.7,0.05754,0.544,3.809424192
1559257565018,55.922,121.7,0.05754,0.544,3.809424192
1559257565081,55.985,121.7,0.0578,0.544,3.82663744
1559257565127,56.031,121.7,0.0578,0.544,3.82663744
1559257565173,56.077,121.7,0.0578,0.544,3.82663744
1559257565219,56.123,121.7,0.0578,0.544,3.82663744
1559257565280,56.184,121.7,0.05791,0.539,3.798681733
1559257565326,56.23,121.7,0.05791,0.539,3.798681733
1559257565372,56.276,121.7,0.05791,0.539,3.798681733
1559257565418,56.322,121.7,0.05791,0.539,3.798681733
1559257565480,56.384,121.7,0.05803,0.539,3.806553289
1559257565526,56.43,121.7,0.05803,0.539,3.806553289
1559257565572,56.476,121.7,0.05803,0.539,3.806553289
1559257565618,56.522,121.7,0.05803,0.539,3.806553289
1559257565680,56.584,121.8,0.06017,0.546,4.001473476
1559257565726,56.63,121.8,0.06017,0.546,4.001473476
1559257565772,56.676,121.8,0.06017,0.546,4.001473476
1559257565818,56.722,121.8,0.06017,0.546,4.001473476
1559257565879,56.783,121.8,0.06014,0.546,3.999478392
1559257565926,56.83,121.8,0.06014,0.546,3.999478392
1559257565972,56.876,121.8,0.06014,0.546,3.999478392
1559257566018,56.922,121.8,0.06014,0.546,3.999478392
1559257566080,56.984,121.8,0.05814,0.542,3.838146984
1559257566126,57.03,121.8,0.05814,0.542,3.838146984
1559257566172,57.076,121.8,0.05814,0.542,3.838146984
1559257566218,57.122,121.8,0.05814,0.542,3.838146984
1559257566280,57.184,121.8,0.05863,0.538,3.841930092
1559257566327,57.231,121.8,0.05863,0.538,3.841930092
1559257566373,57.277,121.8,0.05863,0.538,3.841930092
1559257566419,57.323,121.8,0.05863,0.538,3.841930092
1559257566480,57.384,121.8,0.05863,0.537,3.834788958
1559257566526,57.43,121.8,0.05863,0.537,3.834788958
1559257566572,57.476,121.8,0.05863,0.537,3.834788958
1559257566618,57.522,121.8,0.05863,0.537,3.834788958
1559257566680,57.584,121.8,0.05848,0.538,3.832100832
1559257566726,57.63,121.8,0.05848,0.538,3.832100832
1559257566773,57.677,121.8,0.05848,0.538,3.832100832
1559257566819,57.723,121.8,0.05848,0.538,3.832100832
1559257566880,57.784,121.8,0.05827,0.541,3.839631726
1559257566926,57.83,121.8,0.05827,0.541,3.839631726
1559257566972,57.876,121.8,0.05827,0.541,3.839631726
1559257567018,57.922,121.8,0.05827,0.541,3.839631726
1559257567080,57.984,121.7,0.05833,0.54,3.83333094
1559257567127,58.031,121.7,0.05833,0.54,3.83333094
1559257567173,58.077,121.7,0.05833,0.54,3.83333094
1559257567219,58.123,121.7,0.05833,0.54,3.83333094
1559257567280,58.184,121.7,0.05854,0.541,3.854256038
1559257567326,58.23,121.7,0.05854,0.541,3.854256038
1559257567372,58.276,121.7,0.05854,0.541,3.854256038
1559257567418,58.322,121.7,0.05854,0.541,3.854256038
1559257567479,58.383,121.7,0.05867,0.541,3.862815199
1559257567525,58.429,121.7,0.05867,0.541,3.862815199
1559257567571,58.475,121.7,0.05867,0.541,3.862815199
1559257567618,58.522,121.7,0.05867,0.541,3.862815199
1559257567680,58.584,121.7,0.05902,0.539,3.871493626
1559257567726,58.63,121.7,0.05902,0.539,3.871493626
1559257567772,58.676,121.7,0.05902,0.539,3.871493626
1559257567818,58.722,121.7,0.05902,0.539,3.871493626
1559257567880,58.784,121.7,0.05931,0.54,3.89773458
1559257567925,58.829,121.7,0.05931,0.54,3.89773458
1559257567973,58.877,121.7,0.05931,0.54,3.89773458
1559257568019,58.923,121.7,0.05931,0.54,3.89773458
1559257568079,58.983,121.7,0.05904,0.539,3.872805552
1559257568125,59.029,121.7,0.05904,0.539,3.872805552
1559257568171,59.075,121.7,0.05904,0.539,3.872805552
1559257568217,59.121,121.7,0.05904,0.539,3.872805552
1559257568280,59.184,121.6,0.05874,0.541,3.864246144
1559257568326,59.23,121.6,0.05874,0.541,3.864246144
1559257568372,59.276,121.6,0.05874,0.541,3.864246144
1559257568418,59.322,121.6,0.05874,0.541,3.864246144
1559257568480,59.384,121.7,0.0589,0.541,3.87795833
1559257568526,59.43,121.7,0.0589,0.541,3.87795833
1559257568573,59.477,121.7,0.0589,0.541,3.87795833
1559257568619,59.523,121.7,0.0589,0.541,3.87795833
1559257568680,59.584,121.7,0.05902,0.542,3.893041828
1559257568726,59.63,121.7,0.05902,0.542,3.893041828
1559257568772,59.676,121.7,0.05902,0.542,3.893041828
1559257568818,59.722,121.7,0.05902,0.542,3.893041828
1559257568879,59.783,121.7,0.05932,0.54,3.89839176
1559257568926,59.83,121.7,0.05932,0.54,3.89839176
1559257568972,59.876,121.7,0.05932,0.54,3.89839176
1559257569018,59.922,121.7,0.05932,0.54,3.89839176
1559257569080,59.984,121.7,0.05901,0.543,3.899563731
1559257569126,60.03,121.7,0.05901,0.543,3.899563731
1559257569172,60.076,121.7,0.05901,0.543,3.899563731
1559257569218,60.122,121.7,0.05901,0.543,3.899563731
1559257569280,60.184,121.7,0.05963,0.543,3.940535253
1559257569326,60.23,121.7,0.05963,0.543,3.940535253
1559257569372,60.276,121.7,0.05963,0.543,3.940535253
1559257569418,60.322,121.7,0.05963,0.543,3.940535253
1559257569479,60.383,121.7,0.05919,0.543,3.911458689
1559257569525,60.429,121.7,0.05919,0.543,3.911458689
1559257569571,60.475,121.7,0.05919,0.543,3.911458689
1559257569618,60.522,121.7,0.05919,0.543,3.911458689
1559257569680,60.584,121.7,0.05898,0.544,3.904759104
1559257569726,60.63,121.7,0.05898,0.544,3.904759104
1559257569772,60.676,121.7,0.05898,0.544,3.904759104
1559257569818,60.722,121.7,0.05898,0.544,3.904759104
1559257569879,60.783,121.7,0.05924,0.541,3.900343828
1559257569925,60.829,121.7,0.05924,0.541,3.900343828
1559257569971,60.875,121.7,0.05924,0.541,3.900343828
1559257570017,60.921,121.7,0.05924,0.541,3.900343828
1559257570080,60.984,121.7,0.0596,0.543,3.93855276
1559257570126,61.03,121.7,0.0596,0.543,3.93855276
1559257570172,61.076,121.7,0.0596,0.543,3.93855276
1559257570218,61.122,121.7,0.0596,0.543,3.93855276
1559257570280,61.184,121.7,0.06365,0.557,4.314636185
1559257570326,61.23,121.7,0.06365,0.557,4.314636185
1559257570372,61.276,121.7,0.06365,0.557,4.314636185
1559257570418,61.322,121.7,0.06365,0.557,4.314636185
1559257570480,61.384,121.7,0.06016,0.551,4.034131072
1559257570526,61.43,121.7,0.06016,0.551,4.034131072
1559257570572,61.476,121.7,0.06016,0.551,4.034131072
1559257570618,61.522,121.7,0.06016,0.551,4.034131072
1559257570679,61.583,121.8,0.06097,0.553,4.106658738
1559257570725,61.629,121.8,0.06097,0.553,4.106658738
1559257570771,61.675,121.8,0.06097,0.553,4.106658738
1559257570818,61.722,121.8,0.06097,0.553,4.106658738
1559257570880,61.784,121.8,0.06089,0.553,4.101270306
1559257570926,61.83,121.8,0.06089,0.553,4.101270306
1559257570972,61.876,121.8,0.06089,0.553,4.101270306
1559257571018,61.922,121.8,0.06089,0.553,4.101270306
1559257571080,61.984,121.7,0.06066,0.553,4.082424066
1559257571126,62.03,121.7,0.06066,0.553,4.082424066
1559257571172,62.076,121.7,0.06066,0.553,4.082424066
1559257571218,62.122,121.7,0.06066,0.553,4.082424066
1559257571279,62.183,121.7,0.0614,0.548,4.09486424
1559257571325,62.229,121.7,0.0614,0.548,4.09486424
1559257571371,62.275,121.7,0.0614,0.548,4.09486424
1559257571418,62.322,121.7,0.0614,0.548,4.09486424
1559257571480,62.384,121.7,0.06152,0.552,4.132815168
1559257571526,62.43,121.7,0.06152,0.552,4.132815168
1559257571572,62.476,121.7,0.06152,0.552,4.132815168
1559257571618,62.522,121.7,0.06152,0.552,4.132815168
1559257571679,62.583,121.7,0.06085,0.552,4.08780564
1559257571725,62.629,121.7,0.06085,0.552,4.08780564
1559257571771,62.675,121.7,0.06085,0.552,4.08780564
1559257571817,62.721,121.7,0.06085,0.552,4.08780564
1559257571880,62.784,121.7,0.06192,0.555,4.18229352
1559257571926,62.83,121.7,0.06192,0.555,4.18229352
1559257571972,62.876,121.7,0.06192,0.555,4.18229352
1559257572018,62.922,121.7,0.06192,0.555,4.18229352
1559257572079,62.983,121.7,0.06249,0.557,4.236003381
1559257572125,63.029,121.7,0.06249,0.557,4.236003381
1559257572172,63.076,121.7,0.06249,0.557,4.236003381
1559257572218,63.122,121.7,0.06249,0.557,4.236003381
1559257572279,63.183,121.6,0.0626,0.557,4.23997312
1559257572325,63.229,121.6,0.0626,0.557,4.23997312
1559257572371,63.275,121.6,0.0626,0.557,4.23997312
1559257572417,63.321,121.6,0.0626,0.557,4.23997312
1559257572479,63.383,121.7,0.06012,0.549,4.016815596
1559257572525,63.429,121.7,0.06012,0.549,4.016815596
1559257572571,63.475,121.7,0.06012,0.549,4.016815596
1559257572618,63.522,121.7,0.06012,0.549,4.016815596
1559257572679,63.583,121.7,0.0636,0.557,4.31124684
1559257572725,63.629,121.7,0.0636,0.557,4.31124684
1559257572771,63.675,121.7,0.0636,0.557,4.31124684
1559257572817,63.721,121.7,0.0636,0.557,4.31124684
1559257572879,63.783,121.7,0.06271,0.551,4.205125657
1559257572925,63.829,121.7,0.06271,0.551,4.205125657
1559257572971,63.875,121.7,0.06271,0.551,4.205125657
1559257573017,63.921,121.7,0.06271,0.551,4.205125657
1559257573080,63.984,121.7,0.06361,0.558,4.319666046
1559257573126,64.03,121.7,0.06361,0.558,4.319666046
1559257573172,64.076,121.7,0.06361,0.558,4.319666046
1559257573218,64.122,121.7,0.06361,0.558,4.319666046
1559257573279,64.183,121.6,0.06297,0.561,4.295662272
1559257573325,64.229,121.6,0.06297,0.561,4.295662272
1559257573371,64.275,121.6,0.06297,0.561,4.295662272
1559257573417,64.321,121.6,0.06297,0.561,4.295662272
1559257573479,64.383,121.6,0.06342,0.562,4.334072064
1559257573526,64.43,121.6,0.06342,0.562,4.334072064
1559257573572,64.476,121.6,0.06342,0.562,4.334072064
1559257573618,64.522,121.6,0.06342,0.562,4.334072064
1559257573679,64.583,121.6,0.06456,0.565,4.43553024
1559257573725,64.629,121.6,0.06456,0.565,4.43553024
1559257573771,64.675,121.6,0.06456,0.565,4.43553024
1559257573817,64.721,121.6,0.06456,0.565,4.43553024
1559257573880,64.784,121.7,0.06651,0.567,4.589449389
1559257573926,64.83,121.7,0.06651,0.567,4.589449389
1559257573973,64.877,121.7,0.06651,0.567,4.589449389
1559257574019,64.923,121.7,0.06651,0.567,4.589449389
1559257574079,64.983,121.7,0.06038,0.549,4.034187054
1559257574125,65.029,121.7,0.06038,0.549,4.034187054
1559257574171,65.075,121.7,0.06038,0.549,4.034187054
1559257574217,65.121,121.7,0.06038,0.549,4.034187054
1559257574280,65.184,121.7,0.06404,0.562,4.380041416
1559257574326,65.23,121.7,0.06404,0.562,4.380041416
1559257574372,65.276,121.7,0.06404,0.562,4.380041416
1559257574418,65.322,121.7,0.06404,0.562,4.380041416
1559257574479,65.383,121.7,0.06203,0.554,4.182174254
1559257574525,65.429,121.7,0.06203,0.554,4.182174254
1559257574571,65.475,121.7,0.06203,0.554,4.182174254
1559257574617,65.521,121.7,0.06203,0.554,4.182174254
1559257574678,65.582,121.7,0.06362,0.558,4.320345132
1559257574724,65.628,121.7,0.06362,0.558,4.320345132
1559257574770,65.674,121.7,0.06362,0.558,4.320345132
1559257574816,65.72,121.7,0.06362,0.558,4.320345132
1559257574879,65.783,121.7,0.0634,0.558,4.30540524
1559257574925,65.829,121.7,0.0634,0.558,4.30540524
1559257574971,65.875,121.7,0.0634,0.558,4.30540524
1559257575017,65.921,121.7,0.0634,0.558,4.30540524
1559257575078,65.983,121.7,0.0633,0.56,4.3140216
1559257575124,66.028,121.7,0.0633,0.56,4.3140216
1559257575170,66.074,121.7,0.0633,0.56,4.3140216
1559257575216,66.12,121.7,0.0633,0.56,4.3140216
1559257575279,66.183,121.7,0.06607,0.566,4.551046954
1559257575325,66.229,121.7,0.06607,0.566,4.551046954
1559257575371,66.275,121.7,0.06607,0.566,4.551046954
1559257575417,66.321,121.7,0.06607,0.566,4.551046954
1559257575479,66.383,121.7,0.06535,0.565,4.493498675
1559257575526,66.43,121.7,0.06535,0.565,4.493498675
1559257575572,66.476,121.7,0.06535,0.565,4.493498675
1559257575618,66.522,121.7,0.06535,0.565,4.493498675
1559257575678,66.583,121.7,0.05831,0.541,3.839112907
1559257575724,66.628,121.7,0.05831,0.541,3.839112907
1559257575771,66.675,121.7,0.05831,0.541,3.839112907
1559257575817,66.721,121.7,0.05831,0.541,3.839112907
1559257575879,66.783,121.7,0.0497,0.52,3.1452148
1559257575925,66.829,121.7,0.0497,0.52,3.1452148
1559257575972,66.876,121.7,0.0497,0.52,3.1452148
1559257576017,66.921,121.7,0.0497,0.52,3.1452148
1559257576078,66.983,121.7,0.04938,0.523,3.142992558
1559257576124,67.028,121.7,0.04938,0.523,3.142992558
1559257576170,67.074,121.7,0.04938,0.523,3.142992558
1559257576217,67.121,121.7,0.04938,0.523,3.142992558
1559257576279,67.183,121.7,0.0492,0.525,3.143511
1559257576325,67.229,121.7,0.0492,0.525,3.143511
1559257576371,67.275,121.7,0.0492,0.525,3.143511
1559257576417,67.321,121.7,0.0492,0.525,3.143511
1559257576478,67.382,121.6,0.04888,0.527,3.132386816
1559257576524,67.428,121.6,0.04888,0.527,3.132386816
1559257576571,67.475,121.6,0.04888,0.527,3.132386816
1559257576617,67.521,121.6,0.04888,0.527,3.132386816
1559257576679,67.583,121.7,0.04923,0.525,3.145427775
1559257576725,67.629,121.7,0.04923,0.525,3.145427775
1559257576771,67.675,121.7,0.04923,0.525,3.145427775
1559257576817,67.721,121.7,0.04923,0.525,3.145427775
1559257576878,67.782,121.7,0.04904,0.526,3.139256368
1559257576924,67.828,121.7,0.04904,0.526,3.139256368
1559257576970,67.874,121.7,0.04904,0.526,3.139256368
1559257577016,67.92,121.7,0.04904,0.526,3.139256368
1559257577078,67.982,121.6,0.04893,0.526,3.129641088
1559257577124,68.028,121.6,0.04893,0.526,3.129641088
1559257577170,68.074,121.6,0.04893,0.526,3.129641088
1559257577216,68.12,121.6,0.04893,0.526,3.129641088
1559257577278,68.182,121.6,0.0485,0.53,3.125728
1559257577324,68.229,121.6,0.0485,0.53,3.125728
1559257577369,68.273,121.6,0.0485,0.53,3.125728
1559257577414,68.318,121.6,0.0485,0.53,3.125728
1559257577479,68.383,121.6,0.04864,0.53,3.13475072
1559257577524,68.428,121.6,0.04864,0.53,3.13475072
1559257577570,68.474,121.6,0.04864,0.53,3.13475072
1559257577616,68.52,121.6,0.04864,0.53,3.13475072
1559257577678,68.582,121.7,0.04869,0.528,3.128702544
1559257577724,68.628,121.7,0.04869,0.528,3.128702544
1559257577770,68.674,121.7,0.04869,0.528,3.128702544
1559257577817,68.721,121.7,0.04869,0.528,3.128702544
1559257577879,68.783,121.7,0.04895,0.528,3.14540952
1559257577925,68.829,121.7,0.04895,0.528,3.14540952
1559257577971,68.875,121.7,0.04895,0.528,3.14540952
1559257578017,68.921,121.7,0.04895,0.528,3.14540952
1559257578078,68.982,121.7,0.04874,0.528,3.131915424
1559257578124,69.028,121.7,0.04874,0.528,3.131915424
1559257578170,69.074,121.7,0.04874,0.528,3.131915424
1559257578216,69.12,121.7,0.04874,0.528,3.131915424
1559257578278,69.182,121.7,0.04882,0.528,3.137056032
1559257578325,69.229,121.7,0.04882,0.528,3.137056032
1559257578371,69.275,121.7,0.04882,0.528,3.137056032
1559257578417,69.321,121.7,0.04882,0.528,3.137056032
1559257578478,69.382,121.7,0.04864,0.529,3.131409152
1559257578524,69.428,121.7,0.04864,0.529,3.131409152
1559257578570,69.474,121.7,0.04864,0.529,3.131409152
1559257578616,69.52,121.7,0.04864,0.529,3.131409152
1559257578679,69.583,121.7,0.04886,0.527,3.133680074
1559257578725,69.629,121.7,0.04886,0.527,3.133680074
1559257578771,69.675,121.7,0.04886,0.527,3.133680074
1559257578817,69.721,121.7,0.04886,0.527,3.133680074
1559257578878,69.782,121.7,0.04877,0.526,3.121972534
1559257578924,69.828,121.7,0.04877,0.526,3.121972534
1559257578970,69.874,121.7,0.04877,0.526,3.121972534
1559257579017,69.921,121.7,0.04877,0.526,3.121972534
1559257579079,69.983,121.7,0.04877,0.527,3.127907843
1559257579125,70.029,121.7,0.04877,0.527,3.127907843
1559257579171,70.075,121.7,0.04877,0.527,3.127907843
1559257579217,70.121,121.7,0.04877,0.527,3.127907843
1559257579278,70.182,121.7,0.049,0.525,3.1307325
1559257579325,70.229,121.7,0.049,0.525,3.1307325
1559257579371,70.275,121.7,0.049,0.525,3.1307325
1559257579417,70.321,121.7,0.049,0.525,3.1307325
1559257579478,70.382,121.6,0.049,0.525,3.12816
1559257579524,70.428,121.6,0.049,0.525,3.12816
1559257579570,70.474,121.6,0.049,0.525,3.12816
