# Thu May 30 16:10:26 2019
abstime,time_stamp,volt,curr,pf,mul
1559257826617,0.08,121.6,0.05097,0.533,3.303508416
1559257826664,0.127,121.6,0.06198,0.562,4.235663616
1559257826710,0.174,121.6,0.06198,0.562,4.235663616
1559257826755,0.218,121.6,0.06198,0.562,4.235663616
1559257826801,0.264,121.6,0.06198,0.562,4.235663616
1559257826852,0.316,121.6,0.06081,0.56,4.14091776
1559257826897,0.36,121.6,0.06081,0.56,4.14091776
1559257826943,0.406,121.6,0.06081,0.56,4.14091776
1559257826989,0.452,121.6,0.06081,0.56,4.14091776
1559257827053,0.516,121.5,0.06088,0.56,4.1422752
1559257827098,0.561,121.5,0.06088,0.56,4.1422752
1559257827144,0.607,121.5,0.06088,0.56,4.1422752
1559257827189,0.652,121.5,0.06088,0.56,4.1422752
1559257827252,0.715,121.6,0.06086,0.561,4.151723136
1559257827298,0.761,121.6,0.06086,0.561,4.151723136
1559257827344,0.807,121.6,0.06086,0.561,4.151723136
1559257827390,0.853,121.6,0.06086,0.561,4.151723136
1559257827453,0.916,121.6,0.06101,0.561,4.161955776
1559257827499,0.962,121.6,0.06101,0.561,4.161955776
1559257827545,1.008,121.6,0.06101,0.561,4.161955776
1559257827591,1.054,121.6,0.06101,0.561,4.161955776
1559257827652,1.115,121.6,0.06077,0.561,4.145583552
1559257827698,1.161,121.6,0.06077,0.561,4.145583552
1559257827744,1.207,121.6,0.06077,0.561,4.145583552
1559257827790,1.253,121.6,0.06077,0.561,4.145583552
1559257827853,1.316,121.6,0.06083,0.561,4.149676608
1559257827899,1.362,121.6,0.06083,0.561,4.149676608
1559257827945,1.408,121.6,0.06083,0.561,4.149676608
1559257827991,1.454,121.6,0.06083,0.561,4.149676608
1559257828052,1.515,121.6,0.06056,0.564,4.153350144
1559257828098,1.561,121.6,0.06056,0.564,4.153350144
1559257828144,1.607,121.6,0.06056,0.564,4.153350144
1559257828190,1.653,121.6,0.06056,0.564,4.153350144
1559257828253,1.716,121.6,0.06077,0.562,4.152973184
1559257828299,1.762,121.6,0.06077,0.562,4.152973184
1559257828345,1.808,121.6,0.06077,0.562,4.152973184
1559257828391,1.854,121.6,0.06077,0.562,4.152973184
1559257828452,1.915,121.6,0.06074,0.562,4.150923008
1559257828498,1.961,121.6,0.06074,0.562,4.150923008
1559257828544,2.007,121.6,0.06074,0.562,4.150923008
1559257828590,2.053,121.6,0.06074,0.562,4.150923008
1559257828653,2.116,121.6,0.06095,0.561,4.15786272
1559257828699,2.162,121.6,0.06095,0.561,4.15786272
1559257828745,2.208,121.6,0.06095,0.561,4.15786272
1559257828791,2.254,121.6,0.06095,0.561,4.15786272
1559257828852,2.315,121.6,0.06101,0.561,4.161955776
1559257828898,2.361,121.6,0.06101,0.561,4.161955776
1559257828944,2.407,121.6,0.06101,0.561,4.161955776
1559257828990,2.453,121.6,0.06101,0.561,4.161955776
1559257829053,2.516,121.5,0.06099,0.561,4.157169885
1559257829099,2.562,121.5,0.06099,0.561,4.157169885
1559257829145,2.608,121.5,0.06099,0.561,4.157169885
1559257829191,2.654,121.5,0.06099,0.561,4.157169885
1559257829252,2.715,121.5,0.06081,0.562,4.15228923
1559257829298,2.761,121.5,0.06081,0.562,4.15228923
1559257829344,2.807,121.5,0.06081,0.562,4.15228923
1559257829391,2.854,121.5,0.06081,0.562,4.15228923
1559257829453,2.916,121.5,0.06317,0.568,4.35948804
1559257829499,2.962,121.5,0.06317,0.568,4.35948804
1559257829545,3.008,121.5,0.06317,0.568,4.35948804
1559257829591,3.054,121.5,0.06317,0.568,4.35948804
1559257829652,3.115,121.5,0.06423,0.568,4.43264076
1559257829698,3.161,121.5,0.06423,0.568,4.43264076
1559257829744,3.207,121.5,0.06423,0.568,4.43264076
1559257829790,3.253,121.5,0.06423,0.568,4.43264076
1559257829852,3.315,121.5,0.06442,0.568,4.44575304
1559257829898,3.361,121.5,0.06442,0.568,4.44575304
1559257829944,3.407,121.5,0.06442,0.568,4.44575304
1559257829990,3.453,121.5,0.06442,0.568,4.44575304
1559257830052,3.516,121.5,0.06406,0.571,4.44425859
1559257830098,3.562,121.5,0.06406,0.571,4.44425859
1559257830144,3.607,121.5,0.06406,0.571,4.44425859
1559257830190,3.653,121.5,0.06406,0.571,4.44425859
1559257830252,3.716,121.5,0.06349,0.571,4.404713985
1559257830299,3.762,121.5,0.06349,0.571,4.404713985
1559257830345,3.808,121.5,0.06349,0.571,4.404713985
1559257830391,3.854,121.5,0.06349,0.571,4.404713985
1559257830452,3.915,121.5,0.06367,0.571,4.417201755
1559257830498,3.961,121.5,0.06367,0.571,4.417201755
1559257830543,4.006,121.5,0.06367,0.571,4.417201755
1559257830589,4.052,121.5,0.06367,0.571,4.417201755
1559257830652,4.115,121.6,0.06411,0.57,4.44359232
1559257830698,4.161,121.6,0.06411,0.57,4.44359232
1559257830744,4.207,121.6,0.06411,0.57,4.44359232
1559257830790,4.253,121.6,0.06411,0.57,4.44359232
1559257830852,4.315,121.6,0.06393,0.571,4.438890048
1559257830898,4.362,121.6,0.06393,0.571,4.438890048
1559257830945,4.408,121.6,0.06393,0.571,4.438890048
1559257830990,4.453,121.6,0.06393,0.571,4.438890048
1559257831053,4.516,121.6,0.0637,0.57,4.4151744
1559257831099,4.562,121.6,0.0637,0.57,4.4151744
1559257831145,4.608,121.6,0.0637,0.57,4.4151744
1559257831191,4.654,121.6,0.0637,0.57,4.4151744
1559257831252,4.715,121.6,0.06373,0.569,4.409504192
1559257831298,4.762,121.6,0.06373,0.569,4.409504192
1559257831345,4.808,121.6,0.06373,0.569,4.409504192
1559257831391,4.854,121.6,0.06373,0.569,4.409504192
1559257831453,4.916,121.6,0.06431,0.568,4.441814528
1559257831499,4.962,121.6,0.06431,0.568,4.441814528
1559257831545,5.008,121.6,0.06431,0.568,4.441814528
1559257831591,5.054,121.6,0.06431,0.568,4.441814528
1559257831652,5.115,121.6,0.06461,0.571,4.486104896
1559257831698,5.161,121.6,0.06461,0.571,4.486104896
1559257831744,5.207,121.6,0.06461,0.571,4.486104896
1559257831790,5.254,121.6,0.06461,0.571,4.486104896
1559257831852,5.315,121.6,0.06301,0.566,4.336701056
1559257831897,5.36,121.6,0.06301,0.566,4.336701056
1559257831943,5.406,121.6,0.06301,0.566,4.336701056
1559257831990,5.453,121.6,0.06301,0.566,4.336701056
1559257832053,5.516,121.6,0.06117,0.56,4.16543232
1559257832098,5.561,121.6,0.06117,0.56,4.16543232
1559257832144,5.607,121.6,0.06117,0.56,4.16543232
1559257832190,5.653,121.6,0.06117,0.56,4.16543232
1559257832253,5.716,121.6,0.06109,0.56,4.15998464
1559257832299,5.762,121.6,0.06109,0.56,4.15998464
1559257832346,5.809,121.6,0.06109,0.56,4.15998464
1559257832392,5.855,121.6,0.06109,0.56,4.15998464
1559257832452,5.915,121.6,0.06278,0.562,4.290334976
1559257832497,5.961,121.6,0.06278,0.562,4.290334976
1559257832544,6.007,121.6,0.06278,0.562,4.290334976
1559257832590,6.053,121.6,0.06278,0.562,4.290334976
1559257832652,6.115,121.6,0.06502,0.572,4.522479104
1559257832699,6.162,121.6,0.06502,0.572,4.522479104
1559257832745,6.208,121.6,0.06502,0.572,4.522479104
1559257832791,6.254,121.6,0.06502,0.572,4.522479104
1559257832852,6.315,121.6,0.06415,0.571,4.45416544
1559257832898,6.361,121.6,0.06415,0.571,4.45416544
1559257832944,6.407,121.6,0.06415,0.571,4.45416544
1559257832990,6.453,121.6,0.06415,0.571,4.45416544
1559257833052,6.515,121.5,0.06471,0.573,4.505077845
1559257833098,6.561,121.5,0.06471,0.573,4.505077845
1559257833144,6.607,121.5,0.06471,0.573,4.505077845
1559257833190,6.653,121.5,0.06471,0.573,4.505077845
1559257833253,6.716,121.5,0.06446,0.572,4.47984108
1559257833299,6.762,121.5,0.06446,0.572,4.47984108
1559257833345,6.808,121.5,0.06446,0.572,4.47984108
1559257833391,6.854,121.5,0.06446,0.572,4.47984108
1559257833452,6.915,121.5,0.06437,0.571,4.465765305
1559257833498,6.961,121.5,0.06437,0.571,4.465765305
1559257833544,7.007,121.5,0.06437,0.571,4.465765305
1559257833590,7.053,121.5,0.06437,0.571,4.465765305
1559257833652,7.115,121.5,0.06403,0.572,4.44995694
1559257833698,7.161,121.5,0.06403,0.572,4.44995694
1559257833744,7.207,121.5,0.06403,0.572,4.44995694
1559257833790,7.253,121.5,0.06403,0.572,4.44995694
1559257833852,7.315,121.5,0.06357,0.572,4.41798786
1559257833898,7.361,121.5,0.06357,0.572,4.41798786
1559257833944,7.407,121.5,0.06357,0.572,4.41798786
1559257833990,7.453,121.5,0.06357,0.572,4.41798786
1559257834052,7.515,121.5,0.0638,0.569,4.4107173
1559257834098,7.561,121.5,0.0638,0.569,4.4107173
1559257834144,7.607,121.5,0.0638,0.569,4.4107173
1559257834190,7.653,121.5,0.0638,0.569,4.4107173
1559257834251,7.714,121.5,0.0638,0.57,4.418469
1559257834298,7.761,121.5,0.0638,0.57,4.418469
1559257834344,7.807,121.5,0.0638,0.57,4.418469
1559257834390,7.853,121.5,0.0638,0.57,4.418469
1559257834452,7.915,121.6,0.06396,0.568,4.417640448
1559257834498,7.961,121.6,0.06396,0.568,4.417640448
1559257834546,8.009,121.6,0.06396,0.568,4.417640448
1559257834592,8.055,121.6,0.06396,0.568,4.417640448
1559257834652,8.115,121.6,0.06174,0.559,4.196739456
1559257834698,8.161,121.6,0.06174,0.559,4.196739456
1559257834744,8.207,121.6,0.06174,0.559,4.196739456
1559257834790,8.253,121.6,0.06174,0.559,4.196739456
1559257834852,8.315,121.5,0.06135,0.559,4.166799975
1559257834898,8.361,121.5,0.06135,0.559,4.166799975
1559257834944,8.408,121.5,0.06135,0.559,4.166799975
1559257834991,8.454,121.5,0.06135,0.559,4.166799975
1559257835054,8.517,121.5,0.06142,0.558,4.16409174
1559257835100,8.563,121.5,0.06142,0.558,4.16409174
1559257835146,8.61,121.5,0.06142,0.558,4.16409174
1559257835193,8.656,121.5,0.06142,0.558,4.16409174
1559257835252,8.715,121.5,0.06117,0.56,4.1620068
1559257835298,8.762,121.5,0.06117,0.56,4.1620068
1559257835345,8.808,121.5,0.06117,0.56,4.1620068
1559257835391,8.854,121.5,0.06117,0.56,4.1620068
1559257835452,8.915,121.6,0.0611,0.561,4.16809536
1559257835498,8.961,121.6,0.0611,0.561,4.16809536
1559257835544,9.007,121.6,0.0611,0.561,4.16809536
1559257835590,9.053,121.6,0.0611,0.561,4.16809536
1559257835651,9.114,121.6,0.06073,0.564,4.165009152
1559257835697,9.161,121.6,0.06073,0.564,4.165009152
1559257835744,9.207,121.6,0.06073,0.564,4.165009152
1559257835790,9.253,121.6,0.06073,0.564,4.165009152
1559257835852,9.315,121.6,0.06083,0.563,4.164470464
1559257835898,9.361,121.6,0.06083,0.563,4.164470464
1559257835944,9.407,121.6,0.06083,0.563,4.164470464
1559257835990,9.453,121.6,0.06083,0.563,4.164470464
1559257836051,9.514,121.6,0.06081,0.563,4.163101248
1559257836097,9.56,121.6,0.06081,0.563,4.163101248
1559257836143,9.606,121.6,0.06081,0.563,4.163101248
1559257836189,9.652,121.6,0.06081,0.563,4.163101248
1559257836252,9.715,121.6,0.06082,0.564,4.171181568
1559257836298,9.761,121.6,0.06082,0.564,4.171181568
1559257836344,9.807,121.6,0.06082,0.564,4.171181568
1559257836390,9.853,121.6,0.06082,0.564,4.171181568
1559257836451,9.914,121.6,0.06108,0.561,4.166731008
1559257836497,9.96,121.6,0.06108,0.561,4.166731008
1559257836543,10.006,121.6,0.06108,0.561,4.166731008
1559257836590,10.053,121.6,0.06108,0.561,4.166731008
1559257836652,10.115,121.6,0.06882,0.572,4.786788864
1559257836698,10.161,121.6,0.06882,0.572,4.786788864
1559257836744,10.207,121.6,0.06882,0.572,4.786788864
1559257836790,10.253,121.6,0.06882,0.572,4.786788864
1559257836851,10.314,121.6,0.0683,0.575,4.775536
1559257836897,10.36,121.6,0.0683,0.575,4.775536
1559257836943,10.406,121.6,0.0683,0.575,4.775536
1559257836989,10.452,121.6,0.0683,0.575,4.775536
1559257837052,10.515,121.5,0.07189,0.572,4.99621122
1559257837098,10.561,121.5,0.07189,0.572,4.99621122
1559257837144,10.607,121.5,0.07189,0.572,4.99621122
1559257837190,10.653,121.5,0.07189,0.572,4.99621122
1559257837251,10.714,121.5,0.08357,0.569,5.777486595
1559257837297,10.76,121.5,0.08357,0.569,5.777486595
1559257837343,10.806,121.5,0.08357,0.569,5.777486595
1559257837389,10.852,121.5,0.08357,0.569,5.777486595
1559257837452,10.915,121.5,0.07293,0.573,5.077350135
1559257837498,10.961,121.5,0.07293,0.573,5.077350135
1559257837544,11.007,121.5,0.07293,0.573,5.077350135
1559257837590,11.053,121.5,0.07293,0.573,5.077350135
1559257837651,11.114,121.5,0.07213,0.574,5.03041833
1559257837697,11.16,121.5,0.07213,0.574,5.03041833
1559257837743,11.206,121.5,0.07213,0.574,5.03041833
1559257837789,11.252,121.5,0.07213,0.574,5.03041833
1559257837851,11.314,121.5,0.07223,0.575,5.046168375
1559257837897,11.36,121.5,0.07223,0.575,5.046168375
1559257837943,11.406,121.5,0.07223,0.575,5.046168375
1559257837990,11.453,121.5,0.07223,0.575,5.046168375
1559257838052,11.515,121.5,0.07181,0.576,5.02555104
1559257838098,11.561,121.5,0.07181,0.576,5.02555104
1559257838144,11.607,121.5,0.07181,0.576,5.02555104
1559257838190,11.653,121.5,0.07181,0.576,5.02555104
1559257838251,11.714,121.5,0.07535,0.572,5.2366743
1559257838297,11.76,121.5,0.07535,0.572,5.2366743
1559257838343,11.806,121.5,0.07535,0.572,5.2366743
1559257838389,11.852,121.5,0.07535,0.572,5.2366743
1559257838452,11.915,121.5,0.07297,0.574,5.08900077
1559257838498,11.961,121.5,0.07297,0.574,5.08900077
1559257838546,12.009,121.5,0.07297,0.574,5.08900077
1559257838592,12.055,121.5,0.07297,0.574,5.08900077
1559257838652,12.115,121.5,0.07241,0.574,5.04994581
1559257838698,12.161,121.5,0.07241,0.574,5.04994581
1559257838744,12.207,121.5,0.07241,0.574,5.04994581
1559257838790,12.253,121.5,0.07241,0.574,5.04994581
1559257838851,12.314,121.5,0.07313,0.574,5.10015933
1559257838897,12.36,121.5,0.07313,0.574,5.10015933
1559257838943,12.407,121.5,0.07313,0.574,5.10015933
1559257838989,12.453,121.5,0.07313,0.574,5.10015933
1559257839052,12.515,121.5,0.07362,0.574,5.13433242
1559257839098,12.561,121.5,0.07362,0.574,5.13433242
1559257839144,12.607,121.5,0.07362,0.574,5.13433242
1559257839190,12.653,121.5,0.07362,0.574,5.13433242
1559257839252,12.715,121.5,0.07329,0.573,5.102413155
1559257839298,12.761,121.5,0.07329,0.573,5.102413155
1559257839344,12.807,121.5,0.07329,0.573,5.102413155
1559257839390,12.853,121.5,0.07329,0.573,5.102413155
1559257839451,12.914,121.5,0.07249,0.574,5.05552509
1559257839497,12.96,121.5,0.07249,0.574,5.05552509
1559257839543,13.006,121.5,0.07249,0.574,5.05552509
1559257839589,13.052,121.5,0.07249,0.574,5.05552509
1559257839651,13.115,121.6,0.07246,0.575,5.0664032
1559257839698,13.161,121.6,0.07246,0.575,5.0664032
1559257839743,13.207,121.6,0.07246,0.575,5.0664032
1559257839790,13.253,121.6,0.07246,0.575,5.0664032
1559257839851,13.314,121.6,0.07265,0.575,5.079688
1559257839897,13.36,121.6,0.07265,0.575,5.079688
1559257839943,13.406,121.6,0.07265,0.575,5.079688
1559257839989,13.452,121.6,0.07265,0.575,5.079688
1559257840051,13.514,121.6,0.07268,0.574,5.072947712
1559257840097,13.56,121.6,0.07268,0.574,5.072947712
1559257840143,13.606,121.6,0.07268,0.574,5.072947712
1559257840190,13.653,121.6,0.07268,0.574,5.072947712
1559257840252,13.715,121.6,0.07319,0.574,5.108544896
1559257840298,13.761,121.6,0.07319,0.574,5.108544896
1559257840344,13.807,121.6,0.07319,0.574,5.108544896
1559257840390,13.853,121.6,0.07319,0.574,5.108544896
1559257840451,13.914,121.6,0.07254,0.573,5.054355072
1559257840497,13.96,121.6,0.07254,0.573,5.054355072
1559257840543,14.006,121.6,0.07254,0.573,5.054355072
1559257840589,14.052,121.6,0.07254,0.573,5.054355072
1559257840651,14.114,121.6,0.07244,0.576,5.073813504
1559257840697,14.16,121.6,0.07244,0.576,5.073813504
1559257840744,14.207,121.6,0.07244,0.576,5.073813504
1559257840790,14.253,121.6,0.07244,0.576,5.073813504
1559257840851,14.314,121.6,0.07234,0.576,5.066809344
1559257840897,14.36,121.6,0.07234,0.576,5.066809344
1559257840943,14.406,121.6,0.07234,0.576,5.066809344
1559257840989,14.452,121.6,0.07234,0.576,5.066809344
1559257841051,14.514,121.6,0.07262,0.575,5.0775904
1559257841097,14.56,121.6,0.07262,0.575,5.0775904
1559257841143,14.606,121.6,0.07262,0.575,5.0775904
1559257841189,14.652,121.6,0.07262,0.575,5.0775904
1559257841252,14.715,121.5,0.07242,0.577,5.07704031
1559257841298,14.761,121.5,0.07242,0.577,5.07704031
1559257841344,14.807,121.5,0.07242,0.577,5.07704031
1559257841390,14.853,121.5,0.07242,0.577,5.07704031
1559257841451,14.914,121.5,0.07299,0.575,5.099263875
1559257841497,14.96,121.5,0.07299,0.575,5.099263875
1559257841543,15.006,121.5,0.07299,0.575,5.099263875
1559257841589,15.052,121.5,0.07299,0.575,5.099263875
1559257841652,15.115,121.6,0.0742,0.576,5.19708672
1559257841698,15.161,121.6,0.0742,0.576,5.19708672
1559257841744,15.207,121.6,0.0742,0.576,5.19708672
1559257841790,15.253,121.6,0.0742,0.576,5.19708672
1559257841851,15.314,121.5,0.07227,0.575,5.048962875
1559257841897,15.36,121.5,0.07227,0.575,5.048962875
1559257841943,15.406,121.5,0.07227,0.575,5.048962875
1559257841989,15.452,121.5,0.07227,0.575,5.048962875
1559257842052,15.515,121.5,0.07245,0.576,5.0703408
1559257842098,15.561,121.5,0.07245,0.576,5.0703408
1559257842144,15.607,121.5,0.07245,0.576,5.0703408
1559257842190,15.653,121.5,0.07245,0.576,5.0703408
1559257842251,15.714,121.5,0.07245,0.576,5.0703408
1559257842297,15.76,121.5,0.07245,0.576,5.0703408
1559257842343,15.806,121.5,0.07245,0.576,5.0703408
1559257842389,15.852,121.5,0.07245,0.576,5.0703408
1559257842451,15.914,121.5,0.07259,0.575,5.071318875
1559257842497,15.961,121.5,0.07259,0.575,5.071318875
1559257842544,16.007,121.5,0.07259,0.575,5.071318875
1559257842590,16.053,121.5,0.07259,0.575,5.071318875
1559257842651,16.114,121.5,0.07274,0.575,5.08179825
1559257842697,16.16,121.5,0.07274,0.575,5.08179825
1559257842743,16.206,121.5,0.07274,0.575,5.08179825
1559257842789,16.252,121.5,0.07274,0.575,5.08179825
1559257842851,16.314,121.5,0.07266,0.574,5.06738106
1559257842898,16.361,121.5,0.07266,0.574,5.06738106
1559257842945,16.408,121.5,0.07266,0.574,5.06738106
1559257842991,16.454,121.5,0.07266,0.574,5.06738106
1559257843051,16.514,121.5,0.07059,0.574,4.92301719
1559257843097,16.56,121.5,0.07059,0.574,4.92301719
1559257843143,16.606,121.5,0.07059,0.574,4.92301719
1559257843189,16.652,121.5,0.07059,0.574,4.92301719
1559257843251,16.714,121.5,0.0704,0.576,4.9268736
1559257843297,16.76,121.5,0.0704,0.576,4.9268736
1559257843345,16.808,121.5,0.0704,0.576,4.9268736
1559257843391,16.854,121.5,0.0704,0.576,4.9268736
1559257843451,16.914,121.6,0.07244,0.577,5.082622208
1559257843496,16.959,121.6,0.07244,0.577,5.082622208
1559257843543,17.006,121.6,0.07244,0.577,5.082622208
1559257843589,17.052,121.6,0.07244,0.577,5.082622208
1559257843651,17.114,121.6,0.07265,0.574,5.07085376
1559257843697,17.16,121.6,0.07265,0.574,5.07085376
1559257843743,17.206,121.6,0.07265,0.574,5.07085376
1559257843789,17.252,121.6,0.07265,0.574,5.07085376
1559257843851,17.314,121.6,0.07317,0.574,5.107148928
1559257843897,17.36,121.6,0.07317,0.574,5.107148928
1559257843945,17.408,121.6,0.07317,0.574,5.107148928
1559257843991,17.454,121.6,0.07317,0.574,5.107148928
1559257844050,17.513,121.6,0.07278,0.574,5.079927552
1559257844096,17.559,121.6,0.07278,0.574,5.079927552
1559257844143,17.606,121.6,0.07278,0.574,5.079927552
1559257844189,17.652,121.6,0.07278,0.574,5.079927552
1559257844251,17.714,121.6,0.0727,0.574,5.07434368
1559257844297,17.76,121.6,0.0727,0.574,5.07434368
1559257844343,17.806,121.6,0.0727,0.574,5.07434368
1559257844389,17.852,121.6,0.0727,0.574,5.07434368
1559257844450,17.913,121.6,0.07148,0.575,4.9978816
1559257844496,17.96,121.6,0.07148,0.575,4.9978816
1559257844543,18.006,121.6,0.07148,0.575,4.9978816
1559257844589,18.052,121.6,0.07148,0.575,4.9978816
1559257844651,18.114,121.6,0.06912,0.575,4.8328704
1559257844697,18.16,121.6,0.06912,0.575,4.8328704
1559257844743,18.206,121.6,0.06912,0.575,4.8328704
1559257844789,18.252,121.6,0.06912,0.575,4.8328704
1559257844851,18.314,121.6,0.06912,0.575,4.8328704
1559257844897,18.36,121.6,0.06912,0.575,4.8328704
1559257844943,18.406,121.6,0.06912,0.575,4.8328704
1559257844989,18.452,121.6,0.06912,0.575,4.8328704
1559257845050,18.513,121.6,0.06896,0.575,4.8216832
1559257845096,18.559,121.6,0.06896,0.575,4.8216832
1559257845143,18.606,121.6,0.06896,0.575,4.8216832
1559257845189,18.652,121.6,0.06896,0.575,4.8216832
1559257845251,18.714,121.6,0.06913,0.576,4.841975808
1559257845297,18.76,121.6,0.06913,0.576,4.841975808
1559257845343,18.806,121.6,0.06913,0.576,4.841975808
1559257845389,18.852,121.6,0.06913,0.576,4.841975808
1559257845450,18.913,121.6,0.06933,0.576,4.855984128
1559257845496,18.959,121.6,0.06933,0.576,4.855984128
1559257845542,19.005,121.6,0.06933,0.576,4.855984128
1559257845588,19.051,121.6,0.06933,0.576,4.855984128
1559257845650,19.114,121.6,0.06925,0.574,4.8335392
1559257845697,19.16,121.6,0.06925,0.574,4.8335392
1559257845744,19.207,121.6,0.06925,0.574,4.8335392
1559257845790,19.253,121.6,0.06925,0.574,4.8335392
1559257845851,19.314,121.5,0.07014,0.573,4.88311173
1559257845897,19.36,121.5,0.07014,0.573,4.88311173
1559257845943,19.406,121.5,0.07014,0.573,4.88311173
1559257845989,19.452,121.5,0.07014,0.573,4.88311173
1559257846050,19.513,121.5,0.06922,0.574,4.82747202
1559257846096,19.559,121.5,0.06922,0.574,4.82747202
1559257846142,19.605,121.5,0.06922,0.574,4.82747202
1559257846188,19.652,121.5,0.06922,0.574,4.82747202
1559257846251,19.714,121.5,0.06915,0.575,4.830991875
1559257846297,19.76,121.5,0.06915,0.575,4.830991875
1559257846343,19.806,121.5,0.06915,0.575,4.830991875
1559257846389,19.852,121.5,0.06915,0.575,4.830991875
1559257846451,19.914,121.5,0.06948,0.572,4.82872104
1559257846497,19.96,121.5,0.06948,0.572,4.82872104
1559257846543,20.006,121.5,0.06948,0.572,4.82872104
1559257846588,20.052,121.5,0.06948,0.572,4.82872104
1559257846651,20.114,121.5,0.07065,0.57,4.89286575
1559257846697,20.16,121.5,0.07065,0.57,4.89286575
1559257846743,20.206,121.5,0.07065,0.57,4.89286575
1559257846789,20.252,121.5,0.07065,0.57,4.89286575
1559257846850,20.313,121.5,0.06969,0.569,4.817913615
1559257846896,20.359,121.5,0.06969,0.569,4.817913615
1559257846942,20.405,121.5,0.06969,0.569,4.817913615
1559257846988,20.451,121.5,0.06969,0.569,4.817913615
1559257847050,20.513,121.5,0.0695,0.572,4.830111
1559257847096,20.559,121.5,0.0695,0.572,4.830111
1559257847142,20.605,121.5,0.0695,0.572,4.830111
1559257847188,20.651,121.5,0.0695,0.572,4.830111
1559257847250,20.713,121.5,0.06954,0.571,4.82444181
1559257847296,20.76,121.5,0.06954,0.571,4.82444181
1559257847342,20.805,121.5,0.06954,0.571,4.82444181
1559257847389,20.852,121.5,0.06954,0.571,4.82444181
1559257847451,20.914,121.5,0.06967,0.57,4.82499585
1559257847497,20.96,121.5,0.06967,0.57,4.82499585
1559257847543,21.006,121.5,0.06967,0.57,4.82499585
1559257847589,21.052,121.5,0.06967,0.57,4.82499585
1559257847650,21.113,121.6,0.06969,0.57,4.83035328
1559257847696,21.159,121.6,0.06969,0.57,4.83035328
1559257847742,21.205,121.6,0.06969,0.57,4.83035328
1559257847788,21.251,121.6,0.06969,0.57,4.83035328
1559257847851,21.314,121.6,0.06995,0.568,4.83136256
1559257847897,21.36,121.6,0.06995,0.568,4.83136256
1559257847943,21.406,121.6,0.06995,0.568,4.83136256
1559257847989,21.452,121.6,0.06995,0.568,4.83136256
1559257848050,21.513,121.6,0.06971,0.57,4.83173952
1559257848096,21.559,121.6,0.06971,0.57,4.83173952
1559257848142,21.605,121.6,0.06971,0.57,4.83173952
1559257848188,21.651,121.6,0.06971,0.57,4.83173952
1559257848250,21.713,121.6,0.06965,0.571,4.83605024
1559257848296,21.759,121.6,0.06965,0.571,4.83605024
1559257848342,21.805,121.6,0.06965,0.571,4.83605024
1559257848388,21.851,121.6,0.06965,0.571,4.83605024
1559257848451,21.914,121.6,0.06975,0.57,4.834512
1559257848497,21.96,121.6,0.06975,0.57,4.834512
1559257848543,22.006,121.6,0.06975,0.57,4.834512
1559257848589,22.052,121.6,0.06975,0.57,4.834512
1559257848650,22.113,121.7,0.06964,0.571,4.839332348
1559257848696,22.159,121.7,0.06964,0.571,4.839332348
1559257848742,22.205,121.7,0.06964,0.571,4.839332348
1559257848788,22.251,121.7,0.06964,0.571,4.839332348
1559257848850,22.313,121.7,0.06959,0.571,4.835857813
1559257848896,22.359,121.7,0.06959,0.571,4.835857813
1559257848943,22.406,121.7,0.06959,0.571,4.835857813
1559257848989,22.452,121.7,0.06959,0.571,4.835857813
1559257849050,22.513,121.7,0.06946,0.571,4.826824022
1559257849096,22.559,121.7,0.06946,0.571,4.826824022
1559257849142,22.605,121.7,0.06946,0.571,4.826824022
1559257849188,22.651,121.7,0.06946,0.571,4.826824022
1559257849251,22.714,121.6,0.06978,0.57,4.83659136
1559257849297,22.76,121.6,0.06978,0.57,4.83659136
1559257849343,22.806,121.6,0.06978,0.57,4.83659136
1559257849389,22.852,121.6,0.06978,0.57,4.83659136
1559257849450,22.913,121.6,0.06962,0.571,4.833967232
1559257849496,22.959,121.6,0.06962,0.571,4.833967232
1559257849542,23.005,121.6,0.06962,0.571,4.833967232
1559257849588,23.051,121.6,0.06962,0.571,4.833967232
1559257849651,23.114,121.6,0.06958,0.571,4.831189888
1559257849697,23.16,121.6,0.06958,0.571,4.831189888
1559257849743,23.206,121.6,0.06958,0.571,4.831189888
1559257849789,23.252,121.6,0.06958,0.571,4.831189888
1559257849850,23.313,121.6,0.07,0.57,4.85184
1559257849896,23.359,121.6,0.07,0.57,4.85184
1559257849942,23.405,121.6,0.07,0.57,4.85184
1559257849988,23.451,121.6,0.07,0.57,4.85184
1559257850051,23.514,121.6,0.06979,0.571,4.845770944
1559257850097,23.56,121.6,0.06979,0.571,4.845770944
1559257850143,23.606,121.6,0.06979,0.571,4.845770944
1559257850189,23.652,121.6,0.06979,0.571,4.845770944
1559257850250,23.713,121.6,0.06953,0.571,4.827718208
1559257850296,23.759,121.6,0.06953,0.571,4.827718208
1559257850342,23.805,121.6,0.06953,0.571,4.827718208
1559257850389,23.852,121.6,0.06953,0.571,4.827718208
1559257850450,23.913,121.5,0.0696,0.571,4.8286044
1559257850496,23.959,121.5,0.0696,0.571,4.8286044
1559257850542,24.005,121.5,0.0696,0.571,4.8286044
1559257850588,24.051,121.5,0.0696,0.571,4.8286044
1559257850650,24.113,121.6,0.06968,0.57,4.82966016
1559257850696,24.159,121.6,0.06968,0.57,4.82966016
1559257850742,24.205,121.6,0.06968,0.57,4.82966016
1559257850789,24.252,121.6,0.06968,0.57,4.82966016
1559257850850,24.313,121.6,0.06986,0.571,4.850631296
1559257850896,24.359,121.6,0.06986,0.571,4.850631296
1559257850942,24.405,121.6,0.06986,0.571,4.850631296
1559257850988,24.451,121.6,0.06986,0.571,4.850631296
1559257851050,24.513,121.6,0.06957,0.571,4.830495552
1559257851097,24.56,121.6,0.06957,0.571,4.830495552
1559257851143,24.606,121.6,0.06957,0.571,4.830495552
1559257851189,24.652,121.6,0.06957,0.571,4.830495552
1559257851250,24.713,121.5,0.06941,0.57,4.80698955
1559257851296,24.759,121.5,0.06941,0.57,4.80698955
1559257851342,24.805,121.5,0.06941,0.57,4.80698955
1559257851388,24.851,121.5,0.06941,0.57,4.80698955
1559257851451,24.914,121.6,0.06829,0.568,4.716708352
1559257851497,24.96,121.6,0.06829,0.568,4.716708352
1559257851543,25.006,121.6,0.06829,0.568,4.716708352
1559257851589,25.052,121.6,0.06829,0.568,4.716708352
1559257851650,25.113,121.6,0.06683,0.574,4.664627072
1559257851696,25.159,121.6,0.06683,0.574,4.664627072
1559257851742,25.205,121.6,0.06683,0.574,4.664627072
1559257851788,25.251,121.6,0.06683,0.574,4.664627072
1559257851851,25.314,121.6,0.06715,0.575,4.695128
1559257851897,25.36,121.6,0.06715,0.575,4.695128
1559257851943,25.406,121.6,0.06715,0.575,4.695128
1559257851989,25.452,121.6,0.06715,0.575,4.695128
1559257852050,25.513,121.6,0.06816,0.576,4.774035456
1559257852096,25.559,121.6,0.06816,0.576,4.774035456
1559257852142,25.605,121.6,0.06816,0.576,4.774035456
1559257852188,25.651,121.6,0.06816,0.576,4.774035456
1559257852250,25.713,121.6,0.06806,0.575,4.7587552
1559257852297,25.76,121.6,0.06806,0.575,4.7587552
1559257852343,25.806,121.6,0.06806,0.575,4.7587552
1559257852389,25.852,121.6,0.06806,0.575,4.7587552
1559257852450,25.913,121.6,0.06649,0.571,4.616640064
1559257852496,25.959,121.6,0.06649,0.571,4.616640064
1559257852542,26.005,121.6,0.06649,0.571,4.616640064
1559257852588,26.051,121.6,0.06649,0.571,4.616640064
1559257852651,26.114,121.7,0.06705,0.572,4.66751142
1559257852697,26.16,121.7,0.06705,0.572,4.66751142
1559257852743,26.206,121.7,0.06705,0.572,4.66751142
1559257852789,26.252,121.7,0.06705,0.572,4.66751142
1559257852850,26.313,121.7,0.06823,0.574,4.766261234
1559257852896,26.359,121.7,0.06823,0.574,4.766261234
1559257852942,26.405,121.7,0.06823,0.574,4.766261234
1559257852988,26.451,121.7,0.06823,0.574,4.766261234
1559257853051,26.514,121.7,0.06785,0.576,4.75623072
1559257853097,26.56,121.7,0.06785,0.576,4.75623072
1559257853143,26.606,121.7,0.06785,0.576,4.75623072
1559257853190,26.653,121.7,0.06785,0.576,4.75623072
1559257853250,26.713,121.7,0.06547,0.574,4.573459226
1559257853297,26.76,121.7,0.06547,0.574,4.573459226
1559257853343,26.806,121.7,0.06547,0.574,4.573459226
1559257853389,26.852,121.7,0.06547,0.574,4.573459226
1559257853450,26.913,121.7,0.07142,0.575,4.99779305
1559257853496,26.959,121.7,0.07142,0.575,4.99779305
1559257853542,27.005,121.7,0.07142,0.575,4.99779305
1559257853588,27.051,121.7,0.07142,0.575,4.99779305
1559257853650,27.113,121.7,0.07406,0.577,5.200559854
1559257853697,27.16,121.7,0.07406,0.577,5.200559854
1559257853743,27.206,121.7,0.07406,0.577,5.200559854
1559257853789,27.252,121.7,0.07406,0.577,5.200559854
1559257853850,27.313,121.7,0.07383,0.576,5.175423936
1559257853896,27.359,121.7,0.07383,0.576,5.175423936
1559257853942,27.405,121.7,0.07383,0.576,5.175423936
1559257853988,27.451,121.7,0.07383,0.576,5.175423936
1559257854050,27.513,121.7,0.0759,0.576,5.32052928
1559257854096,27.559,121.7,0.0759,0.576,5.32052928
1559257854142,27.606,121.7,0.0759,0.576,5.32052928
1559257854189,27.652,121.7,0.0759,0.576,5.32052928
1559257854250,27.713,121.6,0.07646,0.575,5.3460832
1559257854296,27.759,121.6,0.07646,0.575,5.3460832
1559257854343,27.806,121.6,0.07646,0.575,5.3460832
1559257854390,27.853,121.6,0.07646,0.575,5.3460832
1559257854450,27.913,121.6,0.07651,0.575,5.3495792
1559257854495,27.958,121.6,0.07651,0.575,5.3495792
1559257854542,28.005,121.6,0.07651,0.575,5.3495792
1559257854588,28.051,121.6,0.07651,0.575,5.3495792
1559257854650,28.113,121.6,0.07549,0.578,5.305799552
1559257854697,28.16,121.6,0.07549,0.578,5.305799552
1559257854743,28.206,121.6,0.07549,0.578,5.305799552
1559257854789,28.252,121.6,0.07549,0.578,5.305799552
1559257854850,28.313,121.6,0.0757,0.577,5.31135424
1559257854896,28.359,121.6,0.0757,0.577,5.31135424
1559257854942,28.405,121.6,0.0757,0.577,5.31135424
1559257854988,28.451,121.6,0.0757,0.577,5.31135424
1559257855050,28.513,121.6,0.07501,0.578,5.272062848
1559257855097,28.56,121.6,0.07501,0.578,5.272062848
1559257855143,28.606,121.6,0.07501,0.578,5.272062848
1559257855189,28.652,121.6,0.07501,0.578,5.272062848
1559257855250,28.713,121.6,0.07618,0.579,5.363559552
1559257855296,28.759,121.6,0.07618,0.579,5.363559552
1559257855342,28.805,121.6,0.07618,0.579,5.363559552
1559257855388,28.851,121.6,0.07618,0.579,5.363559552
1559257855450,28.913,121.6,0.07621,0.577,5.347137472
1559257855497,28.96,121.6,0.07621,0.577,5.347137472
1559257855543,29.006,121.6,0.07621,0.577,5.347137472
1559257855589,29.052,121.6,0.07621,0.577,5.347137472
1559257855650,29.113,121.6,0.07579,0.578,5.326884992
1559257855696,29.159,121.6,0.07579,0.578,5.326884992
1559257855742,29.205,121.6,0.07579,0.578,5.326884992
1559257855788,29.251,121.6,0.07579,0.578,5.326884992
1559257855850,29.313,121.6,0.07454,0.58,5.25715712
1559257855896,29.359,121.6,0.07454,0.58,5.25715712
1559257855942,29.405,121.6,0.07454,0.58,5.25715712
1559257855989,29.452,121.6,0.07454,0.58,5.25715712
1559257856050,29.513,121.6,0.07596,0.579,5.348070144
1559257856096,29.559,121.6,0.07596,0.579,5.348070144
1559257856142,29.605,121.6,0.07596,0.579,5.348070144
1559257856188,29.651,121.6,0.07596,0.579,5.348070144
1559257856250,29.713,121.6,0.07576,0.579,5.333988864
1559257856296,29.759,121.6,0.07576,0.579,5.333988864
1559257856342,29.805,121.6,0.07576,0.579,5.333988864
1559257856388,29.851,121.6,0.07576,0.579,5.333988864
1559257856450,29.913,121.6,0.076,0.578,5.3416448
1559257856496,29.959,121.6,0.076,0.578,5.3416448
1559257856542,30.005,121.6,0.076,0.578,5.3416448
1559257856588,30.051,121.6,0.076,0.578,5.3416448
1559257856649,30.112,121.6,0.07677,0.578,5.395764096
1559257856695,30.158,121.6,0.07677,0.578,5.395764096
1559257856741,30.204,121.6,0.07677,0.578,5.395764096
1559257856788,30.251,121.6,0.07677,0.578,5.395764096
1559257856850,30.313,121.7,0.07589,0.58,5.35677154
1559257856896,30.359,121.7,0.07589,0.58,5.35677154
1559257856942,30.405,121.7,0.07589,0.58,5.35677154
1559257856988,30.451,121.7,0.07589,0.58,5.35677154
1559257857049,30.512,121.7,0.07436,0.578,5.230675736
1559257857095,30.558,121.7,0.07436,0.578,5.230675736
1559257857141,30.604,121.7,0.07436,0.578,5.230675736
1559257857187,30.65,121.7,0.07436,0.578,5.230675736
1559257857250,30.713,121.7,0.07309,0.577,5.132445581
1559257857296,30.759,121.7,0.07309,0.577,5.132445581
1559257857342,30.805,121.7,0.07309,0.577,5.132445581
1559257857389,30.852,121.7,0.07309,0.577,5.132445581
1559257857449,30.912,121.7,0.07311,0.578,5.142747486
1559257857495,30.958,121.7,0.07311,0.578,5.142747486
1559257857541,31.004,121.7,0.07311,0.578,5.142747486
1559257857587,31.05,121.7,0.07311,0.578,5.142747486
1559257857649,31.112,121.7,0.07327,0.577,5.145085343
1559257857695,31.158,121.7,0.07327,0.577,5.145085343
1559257857741,31.204,121.7,0.07327,0.577,5.145085343
1559257857787,31.25,121.7,0.07327,0.577,5.145085343
1559257857850,31.313,121.7,0.073,0.578,5.1350098
1559257857896,31.359,121.7,0.073,0.578,5.1350098
1559257857942,31.405,121.7,0.073,0.578,5.1350098
1559257857988,31.451,121.7,0.073,0.578,5.1350098
1559257858049,31.512,121.7,0.07279,0.579,5.129096397
1559257858095,31.558,121.7,0.07279,0.579,5.129096397
1559257858140,31.603,121.7,0.07279,0.579,5.129096397
1559257858186,31.649,121.7,0.07279,0.579,5.129096397
1559257858250,31.713,121.7,0.073,0.578,5.1350098
1559257858297,31.76,121.7,0.073,0.578,5.1350098
1559257858343,31.806,121.7,0.073,0.578,5.1350098
1559257858389,31.852,121.7,0.073,0.578,5.1350098
1559257858450,31.913,121.6,0.07608,0.578,5.347267584
1559257858496,31.959,121.6,0.07608,0.578,5.347267584
1559257858542,32.005,121.6,0.07608,0.578,5.347267584
1559257858588,32.051,121.6,0.07608,0.578,5.347267584
1559257858649,32.112,121.6,0.0759,0.579,5.34384576
1559257858695,32.158,121.6,0.0759,0.579,5.34384576
1559257858741,32.204,121.6,0.0759,0.579,5.34384576
1559257858788,32.251,121.6,0.0759,0.579,5.34384576
1559257858849,32.312,121.6,0.07617,0.579,5.362855488
1559257858895,32.358,121.6,0.07617,0.579,5.362855488
1559257858941,32.404,121.6,0.07617,0.579,5.362855488
1559257858987,32.45,121.6,0.07617,0.579,5.362855488
1559257859049,32.512,121.6,0.07612,0.579,5.359335168
1559257859095,32.558,121.6,0.07612,0.579,5.359335168
1559257859141,32.604,121.6,0.07612,0.579,5.359335168
1559257859187,32.65,121.6,0.07612,0.579,5.359335168
1559257859249,32.712,121.6,0.07657,0.577,5.372396224
1559257859296,32.759,121.6,0.07657,0.577,5.372396224
1559257859342,32.805,121.6,0.07657,0.577,5.372396224
1559257859388,32.851,121.6,0.07657,0.577,5.372396224
1559257859449,32.912,121.6,0.07636,0.578,5.366947328
1559257859495,32.958,121.6,0.07636,0.578,5.366947328
1559257859541,33.004,121.6,0.07636,0.578,5.366947328
1559257859587,33.05,121.6,0.07636,0.578,5.366947328
1559257859649,33.112,121.6,0.07625,0.578,5.359216
1559257859696,33.159,121.6,0.07625,0.578,5.359216
1559257859742,33.205,121.6,0.07625,0.578,5.359216
1559257859788,33.251,121.6,0.07625,0.578,5.359216
1559257859849,33.312,121.6,0.07663,0.578,5.385924224
1559257859895,33.358,121.6,0.07663,0.578,5.385924224
1559257859941,33.404,121.6,0.07663,0.578,5.385924224
1559257859987,33.45,121.6,0.07663,0.578,5.385924224
1559257860049,33.512,121.6,0.07677,0.577,5.386428864
1559257860095,33.558,121.6,0.07677,0.577,5.386428864
1559257860142,33.605,121.6,0.07677,0.577,5.386428864
1559257860188,33.651,121.6,0.07677,0.577,5.386428864
1559257860249,33.712,121.6,0.07698,0.579,5.419884672
1559257860295,33.758,121.6,0.07698,0.579,5.419884672
1559257860341,33.804,121.6,0.07698,0.579,5.419884672
1559257860387,33.85,121.6,0.07698,0.579,5.419884672
1559257860449,33.912,121.6,0.07574,0.581,5.351000704
1559257860496,33.959,121.6,0.07574,0.581,5.351000704
1559257860542,34.005,121.6,0.07574,0.581,5.351000704
1559257860588,34.051,121.6,0.07574,0.581,5.351000704
1559257860649,34.112,121.7,0.07587,0.58,5.35535982
1559257860695,34.158,121.7,0.07587,0.58,5.35535982
1559257860741,34.204,121.7,0.07587,0.58,5.35535982
1559257860787,34.25,121.7,0.07587,0.58,5.35535982
1559257860849,34.312,121.7,0.07403,0.58,5.22548158
1559257860895,34.358,121.7,0.07403,0.58,5.22548158
1559257860942,34.405,121.7,0.07403,0.58,5.22548158
1559257860988,34.451,121.7,0.07403,0.58,5.22548158
1559257861049,34.512,121.7,0.07303,0.579,5.146007829
1559257861095,34.558,121.7,0.07303,0.579,5.146007829
1559257861141,34.604,121.7,0.07303,0.579,5.146007829
1559257861187,34.65,121.7,0.07303,0.579,5.146007829
1559257861249,34.712,121.7,0.07329,0.58,5.17324794
1559257861295,34.758,121.7,0.07329,0.58,5.17324794
1559257861342,34.805,121.7,0.07329,0.58,5.17324794
1559257861388,34.851,121.7,0.07329,0.58,5.17324794
1559257861449,34.912,121.7,0.07386,0.578,5.195504436
1559257861495,34.958,121.7,0.07386,0.578,5.195504436
1559257861541,35.004,121.7,0.07386,0.578,5.195504436
1559257861587,35.05,121.7,0.07386,0.578,5.195504436
1559257861649,35.112,121.7,0.07408,0.577,5.201964272
1559257861695,35.158,121.7,0.07408,0.577,5.201964272
1559257861741,35.204,121.7,0.07408,0.577,5.201964272
1559257861787,35.25,121.7,0.07408,0.577,5.201964272
1559257861849,35.312,121.7,0.07559,0.577,5.307997831
1559257861895,35.358,121.7,0.07559,0.577,5.307997831
1559257861941,35.404,121.7,0.07559,0.577,5.307997831
1559257861987,35.45,121.7,0.07559,0.577,5.307997831
1559257862049,35.512,121.7,0.07599,0.578,5.345334174
1559257862095,35.558,121.7,0.07599,0.578,5.345334174
1559257862141,35.604,121.7,0.07599,0.578,5.345334174
1559257862187,35.65,121.7,0.07599,0.578,5.345334174
1559257862249,35.713,121.7,0.07632,0.577,5.359259088
1559257862296,35.759,121.7,0.07632,0.577,5.359259088
1559257862342,35.805,121.7,0.07632,0.577,5.359259088
1559257862388,35.851,121.7,0.07632,0.577,5.359259088
1559257862449,35.912,121.6,0.07597,0.58,5.35801216
1559257862495,35.958,121.6,0.07597,0.58,5.35801216
1559257862541,36.004,121.6,0.07597,0.58,5.35801216
1559257862587,36.05,121.6,0.07597,0.58,5.35801216
1559257862649,36.113,121.6,0.07624,0.578,5.358513152
1559257862696,36.159,121.6,0.07624,0.578,5.358513152
1559257862742,36.205,121.6,0.07624,0.578,5.358513152
1559257862788,36.251,121.6,0.07624,0.578,5.358513152
1559257862849,36.312,121.6,0.07646,0.577,5.364678272
1559257862895,36.358,121.6,0.07646,0.577,5.364678272
1559257862941,36.404,121.6,0.07646,0.577,5.364678272
1559257862987,36.45,121.6,0.07646,0.577,5.364678272
1559257863049,36.512,121.6,0.07657,0.576,5.363085312
1559257863095,36.558,121.6,0.07657,0.576,5.363085312
1559257863141,36.604,121.6,0.07657,0.576,5.363085312
1559257863187,36.65,121.6,0.07657,0.576,5.363085312
1559257863249,36.712,121.6,0.07611,0.578,5.349376128
1559257863295,36.758,121.6,0.07611,0.578,5.349376128
1559257863341,36.804,121.6,0.07611,0.578,5.349376128
1559257863387,36.85,121.6,0.07611,0.578,5.349376128
1559257863449,36.912,121.6,0.0764,0.577,5.36046848
1559257863495,36.958,121.6,0.0764,0.577,5.36046848
1559257863542,37.005,121.6,0.0764,0.577,5.36046848
1559257863588,37.051,121.6,0.0764,0.577,5.36046848
1559257863649,37.112,121.5,0.07667,0.577,5.374988685
1559257863695,37.158,121.5,0.07667,0.577,5.374988685
1559257863741,37.204,121.5,0.07667,0.577,5.374988685
1559257863787,37.25,121.5,0.07667,0.577,5.374988685
1559257863849,37.312,121.6,0.07635,0.578,5.36624448
1559257863896,37.359,121.6,0.07635,0.578,5.36624448
1559257863942,37.405,121.6,0.07635,0.578,5.36624448
1559257863988,37.451,121.6,0.07635,0.578,5.36624448
1559257864049,37.512,121.6,0.07655,0.577,5.37099296
1559257864095,37.558,121.6,0.07655,0.577,5.37099296
1559257864141,37.604,121.6,0.07655,0.577,5.37099296
1559257864187,37.65,121.6,0.07655,0.577,5.37099296
1559257864249,37.712,121.6,0.0763,0.577,5.35345216
1559257864295,37.758,121.6,0.0763,0.577,5.35345216
1559257864342,37.805,121.6,0.0763,0.577,5.35345216
1559257864388,37.851,121.6,0.0763,0.577,5.35345216
1559257864449,37.912,121.6,0.07637,0.578,5.367650176
1559257864495,37.958,121.6,0.07637,0.578,5.367650176
1559257864541,38.004,121.6,0.07637,0.578,5.367650176
1559257864587,38.05,121.6,0.07637,0.578,5.367650176
1559257864649,38.112,121.6,0.07634,0.577,5.356258688
1559257864695,38.158,121.6,0.07634,0.577,5.356258688
1559257864742,38.205,121.6,0.07634,0.577,5.356258688
1559257864788,38.251,121.6,0.07634,0.577,5.356258688
1559257864849,38.312,121.6,0.07639,0.579,5.378344896
1559257864895,38.358,121.6,0.07639,0.579,5.378344896
1559257864941,38.404,121.6,0.07639,0.579,5.378344896
1559257864987,38.45,121.6,0.07639,0.579,5.378344896
1559257865048,38.511,121.6,0.07635,0.578,5.36624448
1559257865094,38.557,121.6,0.07635,0.578,5.36624448
1559257865140,38.603,121.6,0.07635,0.578,5.36624448
1559257865186,38.649,121.6,0.07635,0.578,5.36624448
1559257865249,38.712,121.6,0.07642,0.577,5.361871744
1559257865295,38.758,121.6,0.07642,0.577,5.361871744
1559257865341,38.804,121.6,0.07642,0.577,5.361871744
1559257865387,38.85,121.6,0.07642,0.577,5.361871744
1559257865448,38.911,121.6,0.07599,0.58,5.35942272
1559257865494,38.957,121.6,0.07599,0.58,5.35942272
1559257865540,39.003,121.6,0.07599,0.58,5.35942272
1559257865586,39.049,121.6,0.07599,0.58,5.35942272
1559257865649,39.112,121.6,0.07612,0.58,5.36859136
1559257865695,39.158,121.6,0.07612,0.58,5.36859136
1559257865741,39.204,121.6,0.07612,0.58,5.36859136
1559257865787,39.25,121.6,0.07612,0.58,5.36859136
1559257865848,39.311,121.7,0.07656,0.578,5.385429456
1559257865894,39.357,121.7,0.07656,0.578,5.385429456
1559257865940,39.403,121.7,0.07656,0.578,5.385429456
1559257865986,39.449,121.7,0.07656,0.578,5.385429456
1559257866048,39.511,121.7,0.07538,0.579,5.311598934
1559257866094,39.557,121.7,0.07538,0.579,5.311598934
1559257866140,39.603,121.7,0.07538,0.579,5.311598934
1559257866186,39.649,121.7,0.07538,0.579,5.311598934
1559257866249,39.712,121.6,0.07352,0.579,5.176278528
1559257866295,39.758,121.6,0.07352,0.579,5.176278528
1559257866341,39.804,121.6,0.07352,0.579,5.176278528
1559257866387,39.85,121.6,0.07352,0.579,5.176278528
1559257866448,39.911,121.6,0.0735,0.578,5.1659328
1559257866494,39.957,121.6,0.0735,0.578,5.1659328
1559257866540,40.003,121.6,0.0735,0.578,5.1659328
1559257866587,40.05,121.6,0.0735,0.578,5.1659328
1559257866649,40.112,121.6,0.07452,0.577,5.228561664
1559257866695,40.158,121.6,0.07452,0.577,5.228561664
1559257866741,40.204,121.6,0.07452,0.577,5.228561664
1559257866787,40.25,121.6,0.07452,0.577,5.228561664
1559257866848,40.311,121.6,0.07377,0.576,5.166968832
1559257866894,40.357,121.6,0.07377,0.576,5.166968832
1559257866941,40.404,121.6,0.07377,0.576,5.166968832
1559257866987,40.45,121.6,0.07377,0.576,5.166968832
1559257867049,40.512,121.6,0.07396,0.576,5.180276736
1559257867095,40.558,121.6,0.07396,0.576,5.180276736
1559257867141,40.604,121.6,0.07396,0.576,5.180276736
1559257867187,40.65,121.6,0.07396,0.576,5.180276736
1559257867248,40.711,121.6,0.07398,0.575,5.1726816
1559257867295,40.758,121.6,0.07398,0.575,5.1726816
1559257867341,40.804,121.6,0.07398,0.575,5.1726816
1559257867387,40.85,121.6,0.07398,0.575,5.1726816
1559257867448,40.911,121.5,0.07392,0.575,5.164236
1559257867494,40.957,121.5,0.07392,0.575,5.164236
1559257867540,41.003,121.5,0.07392,0.575,5.164236
1559257867586,41.049,121.5,0.07392,0.575,5.164236
1559257867648,41.111,121.5,0.07402,0.574,5.16222882
1559257867694,41.157,121.5,0.07402,0.574,5.16222882
1559257867740,41.203,121.5,0.07402,0.574,5.16222882
1559257867787,41.25,121.5,0.07402,0.574,5.16222882
1559257867849,41.312,121.5,0.07358,0.573,5.12260281
1559257867895,41.358,121.5,0.07358,0.573,5.12260281
1559257867941,41.404,121.5,0.07358,0.573,5.12260281
1559257867987,41.45,121.5,0.07358,0.573,5.12260281
1559257868048,41.511,121.5,0.07616,0.575,5.320728
1559257868094,41.557,121.5,0.07616,0.575,5.320728
1559257868140,41.603,121.5,0.07616,0.575,5.320728
1559257868187,41.65,121.5,0.07616,0.575,5.320728
1559257868249,41.712,121.5,0.07501,0.576,5.24949984
1559257868295,41.758,121.5,0.07501,0.576,5.24949984
1559257868341,41.804,121.5,0.07501,0.576,5.24949984
1559257868387,41.85,121.5,0.07501,0.576,5.24949984
1559257868448,41.911,121.5,0.0751,0.575,5.24667375
1559257868494,41.957,121.5,0.0751,0.575,5.24667375
1559257868540,42.003,121.5,0.0751,0.575,5.24667375
1559257868587,42.05,121.5,0.0751,0.575,5.24667375
1559257868649,42.112,121.5,0.076,0.575,5.30955
1559257868695,42.158,121.5,0.076,0.575,5.30955
1559257868741,42.204,121.5,0.076,0.575,5.30955
1559257868787,42.25,121.5,0.076,0.575,5.30955
1559257868848,42.311,121.6,0.07555,0.575,5.282456
1559257868894,42.357,121.6,0.07555,0.575,5.282456
1559257868940,42.403,121.6,0.07555,0.575,5.282456
1559257868987,42.45,121.6,0.07555,0.575,5.282456
1559257869049,42.512,121.6,0.07405,0.574,5.16857152
1559257869095,42.558,121.6,0.07405,0.574,5.16857152
1559257869141,42.604,121.6,0.07405,0.574,5.16857152
1559257869187,42.65,121.6,0.07405,0.574,5.16857152
1559257869248,42.711,121.6,0.07393,0.576,5.178175488
1559257869294,42.757,121.6,0.07393,0.576,5.178175488
1559257869340,42.803,121.6,0.07393,0.576,5.178175488
1559257869386,42.849,121.6,0.07393,0.576,5.178175488
1559257869448,42.911,121.6,0.07631,0.575,5.3355952
1559257869494,42.957,121.6,0.07631,0.575,5.3355952
1559257869540,43.003,121.6,0.07631,0.575,5.3355952
1559257869587,43.05,121.6,0.07631,0.575,5.3355952
1559257869648,43.111,121.6,0.07601,0.576,5.323862016
1559257869694,43.157,121.6,0.07601,0.576,5.323862016
1559257869740,43.203,121.6,0.07601,0.576,5.323862016
1559257869786,43.249,121.6,0.07601,0.576,5.323862016
1559257869848,43.311,121.6,0.07348,0.575,5.1377216
1559257869894,43.357,121.6,0.07348,0.575,5.1377216
1559257869941,43.404,121.6,0.07348,0.575,5.1377216
1559257869987,43.45,121.6,0.07348,0.575,5.1377216
1559257870048,43.511,121.6,0.07212,0.575,5.0426304
1559257870094,43.557,121.6,0.07212,0.575,5.0426304
1559257870140,43.603,121.6,0.07212,0.575,5.0426304
1559257870186,43.649,121.6,0.07212,0.575,5.0426304
1559257870248,43.711,121.7,0.07299,0.575,5.107657725
1559257870294,43.757,121.7,0.07299,0.575,5.107657725
1559257870340,43.803,121.7,0.07299,0.575,5.107657725
1559257870387,43.85,121.7,0.07299,0.575,5.107657725
1559257870448,43.911,121.6,0.07215,0.574,5.03595456
1559257870494,43.957,121.6,0.07215,0.574,5.03595456
1559257870540,44.003,121.6,0.07215,0.574,5.03595456
1559257870586,44.049,121.6,0.07215,0.574,5.03595456
1559257870648,44.111,121.6,0.07525,0.572,5.2340288
1559257870695,44.158,121.6,0.07525,0.572,5.2340288
1559257870740,44.203,121.6,0.07525,0.572,5.2340288
1559257870787,44.25,121.6,0.07525,0.572,5.2340288
1559257870848,44.311,121.7,0.07546,0.573,5.262135186
1559257870894,44.357,121.7,0.07546,0.573,5.262135186
1559257870940,44.403,121.7,0.07546,0.573,5.262135186
1559257870986,44.449,121.7,0.07546,0.573,5.262135186
1559257871048,44.511,121.7,0.07537,0.575,5.274204175
1559257871094,44.557,121.7,0.07537,0.575,5.274204175
1559257871140,44.603,121.7,0.07537,0.575,5.274204175
1559257871187,44.65,121.7,0.07537,0.575,5.274204175
1559257871248,44.711,121.6,0.07469,0.574,5.213242496
1559257871294,44.757,121.6,0.07469,0.574,5.213242496
1559257871340,44.803,121.6,0.07469,0.574,5.213242496
1559257871386,44.849,121.6,0.07469,0.574,5.213242496
1559257871448,44.911,121.6,0.0758,0.576,5.30915328
1559257871494,44.957,121.6,0.0758,0.576,5.30915328
1559257871540,45.003,121.6,0.0758,0.576,5.30915328
1559257871587,45.05,121.6,0.0758,0.576,5.30915328
1559257871648,45.111,121.5,0.07686,0.575,5.36963175
1559257871694,45.157,121.5,0.07686,0.575,5.36963175
1559257871740,45.203,121.5,0.07686,0.575,5.36963175
1559257871786,45.249,121.5,0.07686,0.575,5.36963175
1559257871848,45.311,121.6,0.07558,0.575,5.2845536
1559257871895,45.358,121.6,0.07558,0.575,5.2845536
1559257871941,45.404,121.6,0.07558,0.575,5.2845536
1559257871987,45.45,121.6,0.07558,0.575,5.2845536
1559257872048,45.511,121.6,0.07544,0.577,5.293111808
1559257872094,45.557,121.6,0.07544,0.577,5.293111808
1559257872140,45.603,121.6,0.07544,0.577,5.293111808
1559257872186,45.649,121.6,0.07544,0.577,5.293111808
1559257872248,45.711,121.6,0.07579,0.575,5.2992368
1559257872295,45.758,121.6,0.07579,0.575,5.2992368
1559257872341,45.804,121.6,0.07579,0.575,5.2992368
1559257872387,45.85,121.6,0.07579,0.575,5.2992368
1559257872448,45.911,121.6,0.07552,0.577,5.298724864
1559257872494,45.957,121.6,0.07552,0.577,5.298724864
1559257872540,46.003,121.6,0.07552,0.577,5.298724864
1559257872586,46.049,121.6,0.07552,0.577,5.298724864
1559257872648,46.111,121.6,0.0756,0.576,5.29514496
1559257872694,46.157,121.6,0.0756,0.576,5.29514496
1559257872740,46.203,121.6,0.0756,0.576,5.29514496
1559257872786,46.249,121.6,0.0756,0.576,5.29514496
1559257872848,46.311,121.6,0.07531,0.576,5.274832896
1559257872894,46.357,121.6,0.07531,0.576,5.274832896
1559257872941,46.404,121.6,0.07531,0.576,5.274832896
1559257872987,46.45,121.6,0.07531,0.576,5.274832896
1559257873048,46.511,121.6,0.0753,0.577,5.28328896
1559257873094,46.557,121.6,0.0753,0.577,5.28328896
1559257873140,46.603,121.6,0.0753,0.577,5.28328896
1559257873186,46.649,121.6,0.0753,0.577,5.28328896
1559257873247,46.71,121.6,0.07559,0.576,5.294444544
1559257873293,46.756,121.6,0.07559,0.576,5.294444544
1559257873339,46.802,121.6,0.07559,0.576,5.294444544
1559257873386,46.849,121.6,0.07559,0.576,5.294444544
1559257873448,46.911,121.6,0.07562,0.576,5.296545792
1559257873494,46.957,121.6,0.07562,0.576,5.296545792
1559257873540,47.003,121.6,0.07562,0.576,5.296545792
1559257873586,47.049,121.6,0.07562,0.576,5.296545792
1559257873647,47.11,121.6,0.07522,0.574,5.250235648
1559257873693,47.156,121.6,0.07522,0.574,5.250235648
1559257873739,47.202,121.6,0.07522,0.574,5.250235648
1559257873785,47.248,121.6,0.07522,0.574,5.250235648
1559257873848,47.311,121.6,0.0734,0.577,5.14997888
1559257873894,47.357,121.6,0.0734,0.577,5.14997888
1559257873940,47.403,121.6,0.0734,0.577,5.14997888
1559257873986,47.449,121.6,0.0734,0.577,5.14997888
1559257874047,47.51,121.7,0.07367,0.576,5.164208064
1559257874094,47.557,121.7,0.07367,0.576,5.164208064
1559257874140,47.603,121.7,0.07367,0.576,5.164208064
1559257874186,47.649,121.7,0.07367,0.576,5.164208064
1559257874248,47.711,121.7,0.07367,0.575,5.155242425
1559257874294,47.757,121.7,0.07367,0.575,5.155242425
1559257874340,47.803,121.7,0.07367,0.575,5.155242425
1559257874386,47.849,121.7,0.07367,0.575,5.155242425
1559257874447,47.91,121.7,0.07338,0.575,5.13494895
1559257874493,47.956,121.7,0.07338,0.575,5.13494895
1559257874539,48.002,121.7,0.07338,0.575,5.13494895
1559257874585,48.048,121.7,0.07338,0.575,5.13494895
1559257874648,48.111,121.7,0.07366,0.574,5.145578228
1559257874694,48.157,121.7,0.07366,0.574,5.145578228
1559257874740,48.203,121.7,0.07366,0.574,5.145578228
1559257874786,48.249,121.7,0.07366,0.574,5.145578228
1559257874847,48.31,121.7,0.07367,0.575,5.155242425
1559257874893,48.356,121.7,0.07367,0.575,5.155242425
1559257874939,48.402,121.7,0.07367,0.575,5.155242425
1559257874985,48.448,121.7,0.07367,0.575,5.155242425
1559257875048,48.511,121.7,0.07647,0.575,5.351179425
1559257875094,48.557,121.7,0.07647,0.575,5.351179425
1559257875140,48.603,121.7,0.07647,0.575,5.351179425
1559257875186,48.649,121.7,0.07647,0.575,5.351179425
1559257875247,48.71,121.7,0.07654,0.574,5.346762932
1559257875293,48.756,121.7,0.07654,0.574,5.346762932
1559257875339,48.802,121.7,0.07654,0.574,5.346762932
1559257875385,48.848,121.7,0.07654,0.574,5.346762932
1559257875447,48.91,121.6,0.07664,0.574,5.349349376
1559257875495,48.958,121.6,0.07664,0.574,5.349349376
1559257875541,49.004,121.6,0.07664,0.574,5.349349376
1559257875587,49.05,121.6,0.07664,0.574,5.349349376
1559257875648,49.111,121.6,0.07665,0.574,5.35004736
1559257875694,49.157,121.6,0.07665,0.574,5.35004736
1559257875740,49.203,121.6,0.07665,0.574,5.35004736
1559257875786,49.249,121.6,0.07665,0.574,5.35004736
1559257875848,49.311,121.6,0.07693,0.573,5.360236224
1559257875894,49.357,121.6,0.07693,0.573,5.360236224
1559257875940,49.403,121.6,0.07693,0.573,5.360236224
1559257875986,49.449,121.6,0.07693,0.573,5.360236224
1559257876047,49.51,121.6,0.0767,0.574,5.35353728
1559257876094,49.557,121.6,0.0767,0.574,5.35353728
1559257876140,49.603,121.6,0.0767,0.574,5.35353728
1559257876186,49.649,121.6,0.0767,0.574,5.35353728
1559257876248,49.711,121.6,0.07676,0.573,5.348391168
1559257876294,49.757,121.6,0.07676,0.573,5.348391168
1559257876340,49.803,121.6,0.07676,0.573,5.348391168
1559257876386,49.849,121.6,0.07676,0.573,5.348391168
1559257876448,49.911,121.6,0.07748,0.574,5.407980032
1559257876494,49.957,121.6,0.07748,0.574,5.407980032
1559257876540,50.003,121.6,0.07748,0.574,5.407980032
1559257876586,50.049,121.6,0.07748,0.574,5.407980032
1559257876647,50.11,121.6,0.07785,0.572,5.41487232
1559257876693,50.156,121.6,0.07785,0.572,5.41487232
1559257876739,50.202,121.6,0.07785,0.572,5.41487232
1559257876785,50.249,121.6,0.07785,0.572,5.41487232
1559257876848,50.311,121.6,0.07728,0.573,5.384623104
1559257876894,50.357,121.6,0.07728,0.573,5.384623104
1559257876940,50.403,121.6,0.07728,0.573,5.384623104
1559257876985,50.448,121.6,0.07728,0.573,5.384623104
1559257877047,50.51,121.6,0.07644,0.573,5.326094592
1559257877093,50.556,121.6,0.07644,0.573,5.326094592
1559257877139,50.602,121.6,0.07644,0.573,5.326094592
1559257877185,50.648,121.6,0.07644,0.573,5.326094592
1559257877247,50.71,121.6,0.07624,0.573,5.312159232
1559257877293,50.756,121.6,0.07624,0.573,5.312159232
1559257877338,50.801,121.6,0.07624,0.573,5.312159232
1559257877384,50.847,121.6,0.07624,0.573,5.312159232
1559257877447,50.91,121.6,0.07478,0.573,5.210431104
1559257877493,50.956,121.6,0.07478,0.573,5.210431104
1559257877538,51.001,121.6,0.07478,0.573,5.210431104
1559257877583,51.046,121.6,0.07478,0.573,5.210431104
1559257877647,51.11,121.6,0.07329,0.572,5.097700608
1559257877693,51.156,121.6,0.07329,0.572,5.097700608
1559257877739,51.202,121.6,0.07329,0.572,5.097700608
1559257877785,51.248,121.6,0.07329,0.572,5.097700608
1559257877848,51.311,121.6,0.07387,0.573,5.147025216
1559257877894,51.357,121.6,0.07387,0.573,5.147025216
1559257877940,51.403,121.6,0.07387,0.573,5.147025216
1559257877985,51.448,121.6,0.07387,0.573,5.147025216
1559257878047,51.51,121.7,0.07439,0.572,5.178466436
1559257878094,51.557,121.7,0.07439,0.572,5.178466436
1559257878140,51.603,121.7,0.07439,0.572,5.178466436
1559257878186,51.649,121.7,0.07439,0.572,5.178466436
1559257878247,51.71,121.7,0.07425,0.573,5.177756925
1559257878293,51.756,121.7,0.07425,0.573,5.177756925
1559257878339,51.802,121.7,0.07425,0.573,5.177756925
1559257878385,51.848,121.7,0.07425,0.573,5.177756925
1559257878447,51.91,121.7,0.07532,0.572,5.243205968
1559257878493,51.956,121.7,0.07532,0.572,5.243205968
1559257878539,52.002,121.7,0.07532,0.572,5.243205968
1559257878585,52.048,121.7,0.07532,0.572,5.243205968
1559257878647,52.11,121.7,0.07697,0.572,5.358066428
1559257878693,52.156,121.7,0.07697,0.572,5.358066428
1559257878739,52.202,121.7,0.07697,0.572,5.358066428
1559257878785,52.248,121.7,0.07697,0.572,5.358066428
1559257878847,52.31,121.7,0.07685,0.572,5.34971294
1559257878894,52.357,121.7,0.07685,0.572,5.34971294
1559257878940,52.403,121.7,0.07685,0.572,5.34971294
1559257878986,52.449,121.7,0.07685,0.572,5.34971294
1559257879047,52.51,121.7,0.07658,0.574,5.349557164
1559257879093,52.556,121.7,0.07658,0.574,5.349557164
1559257879139,52.602,121.7,0.07658,0.574,5.349557164
1559257879185,52.648,121.7,0.07658,0.574,5.349557164
1559257879247,52.71,121.7,0.07676,0.573,5.352789516
1559257879294,52.757,121.7,0.07676,0.573,5.352789516
1559257879340,52.803,121.7,0.07676,0.573,5.352789516
1559257879386,52.849,121.7,0.07676,0.573,5.352789516
1559257879447,52.91,121.7,0.07665,0.574,5.35444707
1559257879492,52.955,121.7,0.07665,0.574,5.35444707
1559257879539,53.002,121.7,0.07665,0.574,5.35444707
1559257879585,53.048,121.7,0.07665,0.574,5.35444707
1559257879647,53.11,121.7,0.07603,0.574,5.311136474
1559257879693,53.156,121.7,0.07603,0.574,5.311136474
1559257879739,53.202,121.7,0.07603,0.574,5.311136474
1559257879785,53.248,121.7,0.07603,0.574,5.311136474
1559257879848,53.311,121.6,0.07726,0.571,5.364439936
1559257879894,53.357,121.6,0.07726,0.571,5.364439936
1559257879940,53.403,121.6,0.07726,0.571,5.364439936
1559257879986,53.449,121.6,0.07726,0.571,5.364439936
1559257880047,53.51,121.6,0.0769,0.572,5.34879488
1559257880093,53.556,121.6,0.0769,0.572,5.34879488
1559257880139,53.602,121.6,0.0769,0.572,5.34879488
1559257880185,53.648,121.6,0.0769,0.572,5.34879488
1559257880248,53.711,121.6,0.0768,0.572,5.34183936
1559257880294,53.757,121.6,0.0768,0.572,5.34183936
1559257880340,53.803,121.6,0.0768,0.572,5.34183936
1559257880386,53.849,121.6,0.0768,0.572,5.34183936
1559257880447,53.91,121.6,0.07721,0.572,5.370356992
1559257880493,53.956,121.6,0.07721,0.572,5.370356992
1559257880539,54.002,121.6,0.07721,0.572,5.370356992
1559257880585,54.048,121.6,0.07721,0.572,5.370356992
1559257880647,54.11,121.6,0.07742,0.572,5.384963584
1559257880693,54.156,121.6,0.07742,0.572,5.384963584
1559257880739,54.202,121.6,0.07742,0.572,5.384963584
1559257880785,54.248,121.6,0.07742,0.572,5.384963584
1559257880847,54.31,121.6,0.07644,0.574,5.335389696
1559257880893,54.356,121.6,0.07644,0.574,5.335389696
1559257880939,54.402,121.6,0.07644,0.574,5.335389696
1559257880986,54.449,121.6,0.07644,0.574,5.335389696
1559257881047,54.51,121.6,0.07651,0.574,5.340275584
1559257881092,54.555,121.6,0.07651,0.574,5.340275584
1559257881139,54.602,121.6,0.07651,0.574,5.340275584
1559257881185,54.648,121.6,0.07651,0.574,5.340275584
1559257881247,54.71,121.6,0.07621,0.575,5.3286032
1559257881293,54.756,121.6,0.07621,0.575,5.3286032
1559257881339,54.802,121.6,0.07621,0.575,5.3286032
1559257881385,54.848,121.6,0.07621,0.575,5.3286032
1559257881447,54.91,121.6,0.07674,0.574,5.356329216
1559257881493,54.956,121.6,0.07674,0.574,5.356329216
1559257881539,55.002,121.6,0.07674,0.574,5.356329216
1559257881586,55.049,121.6,0.07674,0.574,5.356329216
1559257881647,55.11,121.6,0.07691,0.574,5.368194944
1559257881693,55.156,121.6,0.07691,0.574,5.368194944
1559257881739,55.202,121.6,0.07691,0.574,5.368194944
1559257881785,55.248,121.6,0.07691,0.574,5.368194944
1559257881847,55.31,121.6,0.07609,0.574,5.310960256
1559257881900,55.363,121.6,0.07609,0.574,5.310960256
1559257881946,55.409,121.6,0.07609,0.574,5.310960256
1559257881992,55.455,121.6,0.07609,0.574,5.310960256
1559257882047,55.51,121.6,0.07607,0.573,5.300314176
1559257882093,55.556,121.6,0.07607,0.573,5.300314176
1559257882139,55.602,121.6,0.07607,0.573,5.300314176
1559257882185,55.648,121.6,0.07607,0.573,5.300314176
1559257882247,55.71,121.7,0.07591,0.572,5.284277284
1559257882294,55.757,121.7,0.07591,0.572,5.284277284
1559257882340,55.803,121.7,0.07591,0.572,5.284277284
1559257882386,55.849,121.7,0.07591,0.572,5.284277284
1559257882447,55.91,121.7,0.07575,0.575,5.300795625
1559257882493,55.956,121.7,0.07575,0.575,5.300795625
1559257882539,56.002,121.7,0.07575,0.575,5.300795625
1559257882585,56.048,121.7,0.07575,0.575,5.300795625
1559257882647,56.11,121.7,0.07508,0.573,5.235636228
1559257882693,56.156,121.7,0.07508,0.573,5.235636228
1559257882739,56.202,121.7,0.07508,0.573,5.235636228
1559257882785,56.248,121.7,0.07508,0.573,5.235636228
1559257882846,56.309,121.7,0.0733,0.572,5.10258892
1559257882892,56.355,121.7,0.0733,0.572,5.10258892
1559257882938,56.401,121.7,0.0733,0.572,5.10258892
1559257882984,56.447,121.7,0.0733,0.572,5.10258892
1559257883047,56.51,121.7,0.07404,0.573,5.163112764
1559257883093,56.556,121.7,0.07404,0.573,5.163112764
1559257883139,56.602,121.7,0.07404,0.573,5.163112764
1559257883185,56.648,121.7,0.07404,0.573,5.163112764
1559257883246,56.709,121.7,0.07338,0.575,5.13494895
1559257883292,56.755,121.7,0.07338,0.575,5.13494895
1559257883339,56.802,121.7,0.07338,0.575,5.13494895
1559257883385,56.848,121.7,0.07338,0.575,5.13494895
1559257883447,56.91,121.7,0.07338,0.575,5.13494895
1559257883493,56.956,121.7,0.07338,0.575,5.13494895
1559257883539,57.002,121.7,0.07338,0.575,5.13494895
1559257883585,57.048,121.7,0.07338,0.575,5.13494895
1559257883646,57.109,121.6,0.07383,0.572,5.135260416
1559257883693,57.156,121.6,0.07383,0.572,5.135260416
1559257883739,57.202,121.6,0.07383,0.572,5.135260416
1559257883785,57.248,121.6,0.07383,0.572,5.135260416
1559257883847,57.31,121.6,0.07367,0.573,5.133089856
1559257883893,57.356,121.6,0.07367,0.573,5.133089856
1559257883939,57.402,121.6,0.07367,0.573,5.133089856
1559257883985,57.448,121.6,0.07367,0.573,5.133089856
1559257884046,57.509,121.6,0.07429,0.573,5.176289472
1559257884093,57.556,121.6,0.07429,0.573,5.176289472
1559257884139,57.602,121.6,0.07429,0.573,5.176289472
1559257884185,57.648,121.6,0.07429,0.573,5.176289472
1559257884247,57.71,121.7,0.07369,0.576,5.165610048
1559257884293,57.756,121.7,0.07369,0.576,5.165610048
1559257884339,57.802,121.7,0.07369,0.576,5.165610048
1559257884386,57.849,121.7,0.07369,0.576,5.165610048
1559257884447,57.91,121.6,0.07488,0.572,5.208293376
1559257884493,57.956,121.6,0.07488,0.572,5.208293376
1559257884539,58.002,121.6,0.07488,0.572,5.208293376
1559257884585,58.048,121.6,0.07488,0.572,5.208293376
1559257884647,58.11,121.6,0.07887,0.571,5.476228032
1559257884693,58.156,121.6,0.07887,0.571,5.476228032
1559257884739,58.202,121.6,0.07887,0.571,5.476228032
1559257884785,58.248,121.6,0.07887,0.571,5.476228032
1559257884846,58.309,121.6,0.07763,0.573,5.409009984
1559257884892,58.355,121.6,0.07763,0.573,5.409009984
1559257884939,58.402,121.6,0.07763,0.573,5.409009984
1559257884985,58.448,121.6,0.07763,0.573,5.409009984
1559257885047,58.51,121.6,0.07729,0.575,5.4041168
1559257885093,58.556,121.6,0.07729,0.575,5.4041168
1559257885139,58.602,121.6,0.07729,0.575,5.4041168
1559257885185,58.648,121.6,0.07729,0.575,5.4041168
1559257885246,58.709,121.6,0.07703,0.576,5.395304448
1559257885293,58.756,121.6,0.07703,0.576,5.395304448
1559257885339,58.802,121.6,0.07703,0.576,5.395304448
1559257885385,58.848,121.6,0.07703,0.576,5.395304448
1559257885446,58.909,121.6,0.07756,0.576,5.432426496
1559257885492,58.955,121.6,0.07756,0.576,5.432426496
1559257885538,59.001,121.6,0.07756,0.576,5.432426496
1559257885585,59.048,121.6,0.07756,0.576,5.432426496
1559257885646,59.109,121.6,0.07718,0.573,5.377655424
1559257885692,59.155,121.6,0.07718,0.573,5.377655424
1559257885738,59.201,121.6,0.07718,0.573,5.377655424
1559257885787,59.25,121.6,0.07718,0.573,5.377655424
1559257885846,59.309,121.6,0.0778,0.573,5.42085504
1559257885892,59.355,121.6,0.0778,0.573,5.42085504
1559257885937,59.4,121.6,0.0778,0.573,5.42085504
1559257885983,59.446,121.6,0.0778,0.573,5.42085504
1559257886047,59.51,121.6,0.07794,0.572,5.421132288
1559257886092,59.555,121.6,0.07794,0.572,5.421132288
1559257886138,59.601,121.6,0.07794,0.572,5.421132288
1559257886184,59.647,121.6,0.07794,0.572,5.421132288
1559257886246,59.709,121.7,0.07769,0.573,5.417642229
1559257886291,59.754,121.7,0.07769,0.573,5.417642229
1559257886337,59.8,121.7,0.07769,0.573,5.417642229
1559257886383,59.846,121.7,0.07769,0.573,5.417642229
1559257886447,59.91,121.7,0.07756,0.571,5.389698692
1559257886492,59.955,121.7,0.07756,0.571,5.389698692
1559257886538,60.001,121.7,0.07756,0.571,5.389698692
1559257886584,60.047,121.7,0.07756,0.571,5.389698692
1559257886646,60.109,121.6,0.07785,0.569,5.38647264
1559257886692,60.155,121.6,0.07785,0.569,5.38647264
1559257886738,60.201,121.6,0.07785,0.569,5.38647264
1559257886785,60.248,121.6,0.07785,0.569,5.38647264
1559257886847,60.31,121.7,0.0777,0.568,5.37105912
1559257886893,60.356,121.7,0.0777,0.568,5.37105912
1559257886939,60.402,121.7,0.0777,0.568,5.37105912
1559257886985,60.448,121.7,0.0777,0.568,5.37105912
1559257887046,60.509,121.7,0.07713,0.572,5.369204412
1559257887092,60.555,121.7,0.07713,0.572,5.369204412
1559257887138,60.601,121.7,0.07713,0.572,5.369204412
1559257887184,60.647,121.7,0.07713,0.572,5.369204412
1559257887247,60.71,121.7,0.07644,0.574,5.339777352
1559257887293,60.756,121.7,0.07644,0.574,5.339777352
1559257887339,60.802,121.7,0.07644,0.574,5.339777352
1559257887385,60.848,121.7,0.07644,0.574,5.339777352
1559257887446,60.909,121.7,0.07725,0.571,5.368156575
1559257887492,60.955,121.7,0.07725,0.571,5.368156575
1559257887538,61.001,121.7,0.07725,0.571,5.368156575
1559257887584,61.047,121.7,0.07725,0.571,5.368156575
1559257887647,61.11,121.7,0.07686,0.571,5.341055202
1559257887693,61.156,121.7,0.07686,0.571,5.341055202
1559257887739,61.202,121.7,0.07686,0.571,5.341055202
1559257887785,61.248,121.7,0.07686,0.571,5.341055202
1559257887846,61.309,121.6,0.0787,0.572,5.47399424
1559257887893,61.356,121.6,0.0787,0.572,5.47399424
1559257887939,61.402,121.6,0.0787,0.572,5.47399424
1559257887985,61.448,121.6,0.0787,0.572,5.47399424
1559257888046,61.509,121.6,0.07727,0.572,5.374530304
1559257888092,61.555,121.6,0.07727,0.572,5.374530304
1559257888138,61.601,121.6,0.07727,0.572,5.374530304
1559257888184,61.647,121.6,0.07727,0.572,5.374530304
1559257888246,61.709,121.6,0.07686,0.57,5.32732032
1559257888293,61.756,121.6,0.07686,0.57,5.32732032
1559257888339,61.802,121.6,0.07686,0.57,5.32732032
1559257888385,61.848,121.6,0.07686,0.57,5.32732032
1559257888446,61.909,121.6,0.08023,0.569,5.551145792
1559257888492,61.955,121.6,0.08023,0.569,5.551145792
1559257888538,62.001,121.6,0.08023,0.569,5.551145792
1559257888584,62.047,121.6,0.08023,0.569,5.551145792
1559257888646,62.109,121.6,0.07785,0.572,5.41487232
1559257888693,62.156,121.6,0.07785,0.572,5.41487232
1559257888739,62.202,121.6,0.07785,0.572,5.41487232
1559257888785,62.248,121.6,0.07785,0.572,5.41487232
1559257888846,62.309,121.5,0.07901,0.572,5.49103698
1559257888892,62.355,121.5,0.07901,0.572,5.49103698
1559257888938,62.401,121.5,0.07901,0.572,5.49103698
1559257888984,62.447,121.5,0.07901,0.572,5.49103698
1559257889046,62.509,121.5,0.07868,0.574,5.48722188
1559257889092,62.556,121.5,0.07868,0.574,5.48722188
1559257889139,62.602,121.5,0.07868,0.574,5.48722188
1559257889185,62.648,121.5,0.07868,0.574,5.48722188
1559257889246,62.709,121.6,0.07898,0.573,5.503073664
1559257889292,62.755,121.6,0.07898,0.573,5.503073664
1559257889338,62.801,121.6,0.07898,0.573,5.503073664
1559257889384,62.847,121.6,0.07898,0.573,5.503073664
1559257889447,62.91,121.6,0.07952,0.573,5.540699136
1559257889493,62.956,121.6,0.07952,0.573,5.540699136
1559257889539,63.002,121.6,0.07952,0.573,5.540699136
1559257889585,63.048,121.6,0.07952,0.573,5.540699136
1559257889646,63.109,121.5,0.07982,0.572,5.54733036
1559257889695,63.158,121.5,0.07982,0.572,5.54733036
1559257889741,63.204,121.5,0.07982,0.572,5.54733036
1559257889787,63.25,121.5,0.07982,0.572,5.54733036
1559257889846,63.309,121.6,0.07959,0.572,5.535898368
1559257889892,63.355,121.6,0.07959,0.572,5.535898368
1559257889938,63.401,121.6,0.07959,0.572,5.535898368
1559257889984,63.447,121.6,0.07959,0.572,5.535898368
1559257890046,63.509,121.6,0.08075,0.57,5.596944
1559257890092,63.555,121.6,0.08075,0.57,5.596944
1559257890138,63.601,121.6,0.08075,0.57,5.596944
1559257890184,63.647,121.6,0.08075,0.57,5.596944
1559257890246,63.709,121.6,0.08188,0.572,5.695179776
1559257890292,63.755,121.6,0.08188,0.572,5.695179776
1559257890338,63.801,121.6,0.08188,0.572,5.695179776
1559257890384,63.847,121.6,0.08188,0.572,5.695179776
1559257890446,63.909,121.7,0.07952,0.572,5.535578048
1559257890492,63.955,121.7,0.07952,0.572,5.535578048
1559257890538,64.001,121.7,0.07952,0.572,5.535578048
1559257890584,64.047,121.7,0.07952,0.572,5.535578048
1559257890646,64.11,121.6,0.08285,0.571,5.75257376
1559257890693,64.156,121.6,0.08285,0.571,5.75257376
1559257890739,64.202,121.6,0.08285,0.571,5.75257376
1559257890785,64.248,121.6,0.08285,0.571,5.75257376
1559257890846,64.309,121.6,0.08279,0.57,5.73834048
1559257890892,64.355,121.6,0.08279,0.57,5.73834048
1559257890938,64.401,121.6,0.08279,0.57,5.73834048
1559257890984,64.447,121.6,0.08279,0.57,5.73834048
1559257891046,64.509,121.7,0.088,0.569,6.0937624
1559257891092,64.555,121.7,0.088,0.569,6.0937624
1559257891138,64.601,121.7,0.088,0.569,6.0937624
1559257891184,64.647,121.7,0.088,0.569,6.0937624
1559257891246,64.709,121.7,0.08638,0.569,5.981581774
1559257891291,64.754,121.7,0.08638,0.569,5.981581774
1559257891337,64.801,121.7,0.08638,0.569,5.981581774
1559257891383,64.847,121.7,0.08638,0.569,5.981581774
1559257891446,64.909,121.7,0.08745,0.571,6.076961715
1559257891492,64.955,121.7,0.08745,0.571,6.076961715
1559257891538,65.001,121.7,0.08745,0.571,6.076961715
1559257891584,65.047,121.7,0.08745,0.571,6.076961715
1559257891646,65.109,121.7,0.08915,0.57,6.18424635
1559257891691,65.154,121.7,0.08915,0.57,6.18424635
1559257891737,65.201,121.7,0.08915,0.57,6.18424635
1559257891784,65.247,121.7,0.08915,0.57,6.18424635
1559257891846,65.309,121.6,0.09028,0.566,6.213575168
1559257891892,65.355,121.6,0.09028,0.566,6.213575168
1559257891938,65.401,121.6,0.09028,0.566,6.213575168
1559257891984,65.447,121.6,0.09028,0.566,6.213575168
1559257892045,65.508,121.7,0.08295,0.571,5.764253565
1559257892091,65.554,121.7,0.08295,0.571,5.764253565
1559257892137,65.6,121.7,0.08295,0.571,5.764253565
1559257892183,65.646,121.7,0.08295,0.571,5.764253565
1559257892246,65.709,121.7,0.08571,0.567,5.914324269
1559257892292,65.755,121.7,0.08571,0.567,5.914324269
1559257892338,65.801,121.7,0.08571,0.567,5.914324269
1559257892384,65.847,121.7,0.08571,0.567,5.914324269
1559257892446,65.909,121.7,0.09019,0.569,6.245413987
1559257892492,65.955,121.7,0.09019,0.569,6.245413987
1559257892538,66.002,121.7,0.09019,0.569,6.245413987
1559257892585,66.048,121.7,0.09019,0.569,6.245413987
1559257892646,66.109,121.6,0.0896,0.566,6.16677376
1559257892692,66.155,121.6,0.0896,0.566,6.16677376
1559257892738,66.201,121.6,0.0896,0.566,6.16677376
1559257892784,66.247,121.6,0.0896,0.566,6.16677376
1559257892845,66.308,121.5,0.09578,0.565,6.57505755
1559257892891,66.354,121.5,0.09578,0.565,6.57505755
1559257892937,66.4,121.5,0.09578,0.565,6.57505755
1559257892983,66.446,121.5,0.09578,0.565,6.57505755
1559257893045,66.509,121.6,0.08373,0.57,5.80349376
1559257893092,66.555,121.6,0.08373,0.57,5.80349376
1559257893138,66.601,121.6,0.08373,0.57,5.80349376
1559257893184,66.647,121.6,0.08373,0.57,5.80349376
1559257893246,66.709,121.6,0.08228,0.57,5.70299136
1559257893292,66.755,121.6,0.08228,0.57,5.70299136
1559257893338,66.801,121.6,0.08228,0.57,5.70299136
1559257893384,66.847,121.6,0.08228,0.57,5.70299136
1559257893445,66.908,121.6,0.0903,0.57,6.2588736
1559257893491,66.954,121.6,0.0903,0.57,6.2588736
1559257893537,67.0,121.6,0.0903,0.57,6.2588736
1559257893584,67.047,121.6,0.0903,0.57,6.2588736
1559257893646,67.109,121.6,0.09118,0.568,6.297693184
1559257893694,67.157,121.6,0.09118,0.568,6.297693184
1559257893740,67.203,121.6,0.09118,0.568,6.297693184
1559257893786,67.249,121.6,0.09118,0.568,6.297693184
1559257893846,67.309,121.6,0.093,0.568,6.4233984
1559257893892,67.355,121.6,0.093,0.568,6.4233984
1559257893938,67.401,121.6,0.093,0.568,6.4233984
1559257893984,67.447,121.6,0.093,0.568,6.4233984
1559257894045,67.508,121.6,0.08791,0.566,6.050458496
1559257894091,67.554,121.6,0.08791,0.566,6.050458496
1559257894137,67.6,121.6,0.08791,0.566,6.050458496
1559257894183,67.646,121.6,0.08791,0.566,6.050458496
1559257894246,67.709,121.7,0.0637,0.557,4.31802553
1559257894292,67.755,121.7,0.0637,0.557,4.31802553
1559257894338,67.801,121.7,0.0637,0.557,4.31802553
1559257894384,67.847,121.7,0.0637,0.557,4.31802553
1559257894445,67.908,121.7,0.06034,0.549,4.031514522
1559257894491,67.954,121.7,0.06034,0.549,4.031514522
1559257894537,68.0,121.7,0.06034,0.549,4.031514522
1559257894583,68.046,121.7,0.06034,0.549,4.031514522
1559257894646,68.109,121.7,0.05936,0.551,3.980485712
1559257894692,68.155,121.7,0.05936,0.551,3.980485712
1559257894738,68.201,121.7,0.05936,0.551,3.980485712
1559257894784,68.247,121.7,0.05936,0.551,3.980485712
1559257894845,68.308,121.7,0.05937,0.551,3.981156279
1559257894891,68.354,121.7,0.05937,0.551,3.981156279
1559257894937,68.4,121.7,0.05937,0.551,3.981156279
1559257894984,68.447,121.7,0.05937,0.551,3.981156279
1559257895045,68.508,121.7,0.05933,0.549,3.964033089
1559257895091,68.554,121.7,0.05933,0.549,3.964033089
1559257895137,68.6,121.7,0.05933,0.549,3.964033089
1559257895183,68.647,121.7,0.05933,0.549,3.964033089
1559257895246,68.709,121.7,0.05954,0.551,3.992555918
1559257895292,68.755,121.7,0.05954,0.551,3.992555918
1559257895338,68.801,121.7,0.05954,0.551,3.992555918
1559257895384,68.847,121.7,0.05954,0.551,3.992555918
1559257895445,68.908,121.7,0.0592,0.548,3.94814272
1559257895491,68.954,121.7,0.0592,0.548,3.94814272
1559257895537,69.0,121.7,0.0592,0.548,3.94814272
1559257895583,69.046,121.7,0.0592,0.548,3.94814272
1559257895646,69.109,121.7,0.05949,0.545,3.945763485
1559257895692,69.155,121.7,0.05949,0.545,3.945763485
1559257895738,69.201,121.7,0.05949,0.545,3.945763485
1559257895784,69.247,121.7,0.05949,0.545,3.945763485
1559257895845,69.308,121.7,0.05971,0.543,3.945821901
1559257895891,69.354,121.7,0.05971,0.543,3.945821901
1559257895937,69.4,121.7,0.05971,0.543,3.945821901
1559257895983,69.446,121.7,0.05971,0.543,3.945821901
1559257896045,69.508,121.7,0.0594,0.55,3.975939
1559257896091,69.554,121.7,0.0594,0.55,3.975939
1559257896137,69.6,121.7,0.0594,0.55,3.975939
1559257896183,69.646,121.7,0.0594,0.55,3.975939
1559257896246,69.709,121.7,0.05909,0.547,3.933615391
1559257896292,69.755,121.7,0.05909,0.547,3.933615391
1559257896338,69.801,121.7,0.05909,0.547,3.933615391
1559257896384,69.847,121.7,0.05909,0.547,3.933615391
1559257896445,69.908,121.7,0.05861,0.553,3.944458861
1559257896491,69.954,121.7,0.05861,0.553,3.944458861
1559257896537,70.0,121.7,0.05861,0.553,3.944458861
1559257896583,70.047,121.7,0.05861,0.553,3.944458861
1559257896646,70.109,121.6,0.05846,0.553,3.931131008
1559257896692,70.155,121.6,0.05846,0.553,3.931131008
1559257896738,70.201,121.6,0.05846,0.553,3.931131008
1559257896784,70.248,121.6,0.05846,0.553,3.931131008
