# Thu May 30 16:08:04 2019
abstime,time_stamp,volt,curr,pf,mul
1559257684939,0.08,121.6,0.05548,0.538,3.629545984
1559257684986,0.127,121.6,0.05548,0.538,3.629545984
1559257685032,0.173,121.6,0.05548,0.538,3.629545984
1559257685078,0.219,121.6,0.06112,0.555,4.12486656
1559257685123,0.264,121.6,0.06112,0.555,4.12486656
1559257685169,0.31,121.6,0.06112,0.555,4.12486656
1559257685214,0.355,121.6,0.06112,0.555,4.12486656
1559257685268,0.409,121.6,0.06109,0.556,4.130270464
1559257685313,0.455,121.6,0.06109,0.556,4.130270464
1559257685358,0.499,121.6,0.06109,0.556,4.130270464
1559257685404,0.546,121.6,0.06109,0.556,4.130270464
1559257685468,0.609,121.5,0.06082,0.559,4.13080317
1559257685514,0.655,121.5,0.06082,0.559,4.13080317
1559257685559,0.7,121.5,0.06082,0.559,4.13080317
1559257685605,0.746,121.5,0.06082,0.559,4.13080317
1559257685668,0.809,121.5,0.06102,0.557,4.12955901
1559257685714,0.855,121.5,0.06102,0.557,4.12955901
1559257685760,0.901,121.5,0.06102,0.557,4.12955901
1559257685806,0.947,121.5,0.06102,0.557,4.12955901
1559257685867,1.008,121.5,0.06187,0.553,4.157014365
1559257685913,1.054,121.5,0.06187,0.553,4.157014365
1559257685959,1.1,121.5,0.06187,0.553,4.157014365
1559257686005,1.146,121.5,0.06187,0.553,4.157014365
1559257686067,1.208,121.6,0.06204,0.548,4.134147072
1559257686114,1.255,121.6,0.06204,0.548,4.134147072
1559257686160,1.301,121.6,0.06204,0.548,4.134147072
1559257686206,1.347,121.6,0.06204,0.548,4.134147072
1559257686268,1.409,121.6,0.06205,0.549,4.14235872
1559257686314,1.455,121.6,0.06205,0.549,4.14235872
1559257686360,1.501,121.6,0.06205,0.549,4.14235872
1559257686406,1.547,121.6,0.06205,0.549,4.14235872
1559257686467,1.608,121.6,0.06201,0.549,4.139688384
1559257686513,1.654,121.6,0.06201,0.549,4.139688384
1559257686560,1.701,121.6,0.06201,0.549,4.139688384
1559257686606,1.747,121.6,0.06201,0.549,4.139688384
1559257686667,1.808,121.6,0.06106,0.557,4.135667072
1559257686713,1.854,121.6,0.06106,0.557,4.135667072
1559257686759,1.9,121.6,0.06106,0.557,4.135667072
1559257686805,1.946,121.6,0.06106,0.557,4.135667072
1559257686867,2.008,121.6,0.0616,0.553,4.14227968
1559257686913,2.054,121.6,0.0616,0.553,4.14227968
1559257686959,2.1,121.6,0.0616,0.553,4.14227968
1559257687005,2.146,121.6,0.0616,0.553,4.14227968
1559257687068,2.209,121.6,0.06157,0.553,4.140262336
1559257687114,2.255,121.6,0.06157,0.553,4.140262336
1559257687160,2.301,121.6,0.06157,0.553,4.140262336
1559257687206,2.347,121.6,0.06157,0.553,4.140262336
1559257687267,2.408,121.6,0.06115,0.557,4.14176288
1559257687313,2.454,121.6,0.06115,0.557,4.14176288
1559257687359,2.5,121.6,0.06115,0.557,4.14176288
1559257687405,2.546,121.6,0.06115,0.557,4.14176288
1559257687468,2.609,121.6,0.06083,0.559,4.134882752
1559257687514,2.655,121.6,0.06083,0.559,4.134882752
1559257687560,2.701,121.6,0.06083,0.559,4.134882752
1559257687606,2.747,121.6,0.06083,0.559,4.134882752
1559257687667,2.808,121.6,0.06075,0.561,4.1442192
1559257687713,2.854,121.6,0.06075,0.561,4.1442192
1559257687759,2.9,121.6,0.06075,0.561,4.1442192
1559257687805,2.946,121.6,0.06075,0.561,4.1442192
1559257687868,3.009,121.7,0.06091,0.56,4.15113832
1559257687914,3.055,121.7,0.06091,0.56,4.15113832
1559257687960,3.101,121.7,0.06091,0.56,4.15113832
1559257688006,3.147,121.7,0.06091,0.56,4.15113832
1559257688067,3.208,121.7,0.06141,0.555,4.147846335
1559257688113,3.254,121.7,0.06141,0.555,4.147846335
1559257688159,3.301,121.7,0.06141,0.555,4.147846335
1559257688205,3.347,121.7,0.06141,0.555,4.147846335
1559257688268,3.409,121.7,0.0616,0.553,4.14568616
1559257688314,3.455,121.7,0.0616,0.553,4.14568616
1559257688360,3.501,121.7,0.0616,0.553,4.14568616
1559257688406,3.547,121.7,0.0616,0.553,4.14568616
1559257688468,3.609,121.7,0.06131,0.555,4.141091985
1559257688514,3.655,121.7,0.06131,0.555,4.141091985
1559257688560,3.701,121.7,0.06131,0.555,4.141091985
1559257688606,3.747,121.7,0.06131,0.555,4.141091985
1559257688667,3.808,121.6,0.06123,0.556,4.139735808
1559257688713,3.854,121.6,0.06123,0.556,4.139735808
1559257688759,3.9,121.6,0.06123,0.556,4.139735808
1559257688805,3.946,121.6,0.06123,0.556,4.139735808
1559257688868,4.009,121.7,0.06144,0.556,4.157349888
1559257688914,4.055,121.7,0.06144,0.556,4.157349888
1559257688960,4.101,121.7,0.06144,0.556,4.157349888
1559257689006,4.147,121.7,0.06144,0.556,4.157349888
1559257689067,4.208,121.6,0.06125,0.557,4.148536
1559257689113,4.254,121.6,0.06125,0.557,4.148536
1559257689159,4.3,121.6,0.06125,0.557,4.148536
1559257689205,4.346,121.6,0.06125,0.557,4.148536
1559257689267,4.408,121.6,0.06144,0.556,4.153933824
1559257689313,4.454,121.6,0.06144,0.556,4.153933824
1559257689359,4.5,121.6,0.06144,0.556,4.153933824
1559257689405,4.546,121.6,0.06144,0.556,4.153933824
1559257689467,4.609,121.6,0.06112,0.558,4.147163136
1559257689514,4.655,121.6,0.06112,0.558,4.147163136
1559257689559,4.701,121.6,0.06112,0.558,4.147163136
1559257689606,4.747,121.6,0.06112,0.558,4.147163136
1559257689667,4.808,121.6,0.06091,0.56,4.14772736
1559257689712,4.854,121.6,0.06091,0.56,4.14772736
1559257689759,4.9,121.6,0.06091,0.56,4.14772736
1559257689805,4.946,121.6,0.06091,0.56,4.14772736
1559257689867,5.008,121.6,0.06124,0.556,4.140411904
1559257689913,5.054,121.6,0.06124,0.556,4.140411904
1559257689959,5.1,121.6,0.06124,0.556,4.140411904
1559257690006,5.147,121.6,0.06124,0.556,4.140411904
1559257690067,5.208,121.6,0.06122,0.558,4.153948416
1559257690112,5.253,121.6,0.06122,0.558,4.153948416
1559257690158,5.3,121.6,0.06122,0.558,4.153948416
1559257690205,5.346,121.6,0.06122,0.558,4.153948416
1559257690267,5.408,121.6,0.06096,0.559,4.143719424
1559257690313,5.454,121.6,0.06096,0.559,4.143719424
1559257690359,5.5,121.6,0.06096,0.559,4.143719424
1559257690405,5.547,121.6,0.06096,0.559,4.143719424
1559257690467,5.608,121.6,0.06106,0.559,4.150516864
1559257690513,5.654,121.6,0.06106,0.559,4.150516864
1559257690559,5.7,121.6,0.06106,0.559,4.150516864
1559257690605,5.746,121.6,0.06106,0.559,4.150516864
1559257690667,5.809,121.6,0.06123,0.557,4.147181376
1559257690714,5.855,121.6,0.06123,0.557,4.147181376
1559257690760,5.901,121.6,0.06123,0.557,4.147181376
1559257690806,5.947,121.6,0.06123,0.557,4.147181376
1559257690867,6.008,121.6,0.06208,0.553,4.174557184
1559257690913,6.054,121.6,0.06208,0.553,4.174557184
1559257690959,6.1,121.6,0.06208,0.553,4.174557184
1559257691005,6.146,121.6,0.06208,0.553,4.174557184
1559257691066,6.208,121.6,0.0618,0.552,4.14821376
1559257691112,6.254,121.6,0.0618,0.552,4.14821376
1559257691159,6.3,121.6,0.0618,0.552,4.14821376
1559257691205,6.346,121.6,0.0618,0.552,4.14821376
1559257691267,6.408,121.6,0.0612,0.557,4.14514944
1559257691313,6.454,121.6,0.0612,0.557,4.14514944
1559257691359,6.501,121.6,0.0612,0.557,4.14514944
1559257691406,6.547,121.6,0.0612,0.557,4.14514944
1559257691467,6.608,121.6,0.06085,0.56,4.1436416
1559257691513,6.654,121.6,0.06085,0.56,4.1436416
1559257691559,6.7,121.6,0.06085,0.56,4.1436416
1559257691605,6.746,121.6,0.06085,0.56,4.1436416
1559257691666,6.807,121.6,0.06074,0.561,4.143537024
1559257691712,6.853,121.6,0.06074,0.561,4.143537024
1559257691758,6.9,121.6,0.06074,0.561,4.143537024
1559257691804,6.945,121.6,0.06074,0.561,4.143537024
1559257691867,7.008,121.7,0.06102,0.559,4.151208906
1559257691913,7.054,121.7,0.06102,0.559,4.151208906
1559257691959,7.1,121.7,0.06102,0.559,4.151208906
1559257692005,7.146,121.7,0.06102,0.559,4.151208906
1559257692067,7.208,121.7,0.06087,0.56,4.14841224
1559257692113,7.254,121.7,0.06087,0.56,4.14841224
1559257692160,7.301,121.7,0.06087,0.56,4.14841224
1559257692205,7.347,121.7,0.06087,0.56,4.14841224
1559257692266,7.407,121.7,0.06154,0.554,4.149137572
1559257692312,7.453,121.7,0.06154,0.554,4.149137572
1559257692358,7.499,121.7,0.06154,0.554,4.149137572
1559257692405,7.546,121.7,0.06154,0.554,4.149137572
1559257692467,7.608,121.7,0.06113,0.557,4.143813197
1559257692513,7.654,121.7,0.06113,0.557,4.143813197
1559257692559,7.7,121.7,0.06113,0.557,4.143813197
1559257692605,7.746,121.7,0.06113,0.557,4.143813197
1559257692666,7.807,121.7,0.06083,0.561,4.153089171
1559257692712,7.854,121.7,0.06083,0.561,4.153089171
1559257692759,7.9,121.7,0.06083,0.561,4.153089171
1559257692805,7.946,121.7,0.06083,0.561,4.153089171
1559257692866,8.007,121.7,0.06093,0.559,4.145086179
1559257692913,8.054,121.7,0.06093,0.559,4.145086179
1559257692959,8.1,121.7,0.06093,0.559,4.145086179
1559257693005,8.146,121.7,0.06093,0.559,4.145086179
1559257693067,8.208,121.7,0.06101,0.559,4.150528603
1559257693113,8.254,121.7,0.06101,0.559,4.150528603
1559257693159,8.3,121.7,0.06101,0.559,4.150528603
1559257693205,8.347,121.7,0.06101,0.559,4.150528603
1559257693266,8.407,121.7,0.0614,0.555,4.1471709
1559257693312,8.453,121.7,0.0614,0.555,4.1471709
1559257693359,8.5,121.7,0.0614,0.555,4.1471709
1559257693405,8.546,121.7,0.0614,0.555,4.1471709
1559257693467,8.608,121.6,0.06112,0.558,4.147163136
1559257693513,8.654,121.6,0.06112,0.558,4.147163136
1559257693559,8.7,121.6,0.06112,0.558,4.147163136
1559257693605,8.746,121.6,0.06112,0.558,4.147163136
1559257693666,8.807,121.6,0.06102,0.559,4.147797888
1559257693712,8.854,121.6,0.06102,0.559,4.147797888
1559257693759,8.9,121.6,0.06102,0.559,4.147797888
1559257693805,8.946,121.6,0.06102,0.559,4.147797888
1559257693867,9.008,121.6,0.06124,0.558,4.155305472
1559257693913,9.054,121.6,0.06124,0.558,4.155305472
1559257693959,9.1,121.6,0.06124,0.558,4.155305472
1559257694006,9.147,121.6,0.06124,0.558,4.155305472
1559257694067,9.208,121.6,0.06112,0.558,4.147163136
1559257694113,9.254,121.6,0.06112,0.558,4.147163136
1559257694159,9.3,121.6,0.06112,0.558,4.147163136
1559257694205,9.346,121.6,0.06112,0.558,4.147163136
1559257694266,9.407,121.6,0.06172,0.554,4.157854208
1559257694313,9.454,121.6,0.06172,0.554,4.157854208
1559257694359,9.5,121.6,0.06172,0.554,4.157854208
1559257694404,9.546,121.6,0.06172,0.554,4.157854208
1559257694467,9.608,121.6,0.06154,0.554,4.145728256
1559257694513,9.654,121.6,0.06154,0.554,4.145728256
1559257694559,9.7,121.6,0.06154,0.554,4.145728256
1559257694605,9.746,121.6,0.06154,0.554,4.145728256
1559257694667,9.808,121.5,0.06142,0.556,4.14916668
1559257694713,9.854,121.5,0.06142,0.556,4.14916668
1559257694759,9.9,121.5,0.06142,0.556,4.14916668
1559257694805,9.946,121.5,0.06142,0.556,4.14916668
1559257694866,10.007,121.5,0.06362,0.563,4.35189429
1559257694912,10.053,121.5,0.06362,0.563,4.35189429
1559257694958,10.099,121.5,0.06362,0.563,4.35189429
1559257695004,10.145,121.5,0.06362,0.563,4.35189429
1559257695067,10.208,121.6,0.06911,0.573,4.815363648
1559257695113,10.254,121.6,0.06911,0.573,4.815363648
1559257695159,10.3,121.6,0.06911,0.573,4.815363648
1559257695205,10.346,121.6,0.06911,0.573,4.815363648
1559257695267,10.408,121.6,0.06841,0.573,4.766589888
1559257695313,10.454,121.6,0.06841,0.573,4.766589888
1559257695359,10.5,121.6,0.06841,0.573,4.766589888
1559257695405,10.546,121.6,0.06841,0.573,4.766589888
1559257695466,10.607,121.6,0.06833,0.577,4.794251456
1559257695512,10.653,121.6,0.06833,0.577,4.794251456
1559257695558,10.699,121.6,0.06833,0.577,4.794251456
1559257695606,10.747,121.6,0.06833,0.577,4.794251456
1559257695666,10.808,121.6,0.0681,0.576,4.76983296
1559257695713,10.854,121.6,0.0681,0.576,4.76983296
1559257695759,10.9,121.6,0.0681,0.576,4.76983296
1559257695805,10.946,121.6,0.0681,0.576,4.76983296
1559257695867,11.008,121.6,0.06824,0.576,4.779638784
1559257695913,11.054,121.6,0.06824,0.576,4.779638784
1559257695959,11.1,121.6,0.06824,0.576,4.779638784
1559257696005,11.146,121.6,0.06824,0.576,4.779638784
1559257696067,11.208,121.7,0.06796,0.577,4.772212364
1559257696113,11.254,121.7,0.06796,0.577,4.772212364
1559257696159,11.3,121.7,0.06796,0.577,4.772212364
1559257696205,11.346,121.7,0.06796,0.577,4.772212364
1559257696266,11.407,121.7,0.06808,0.576,4.772353536
1559257696312,11.453,121.7,0.06808,0.576,4.772353536
1559257696358,11.499,121.7,0.06808,0.576,4.772353536
1559257696404,11.545,121.7,0.06808,0.576,4.772353536
1559257696466,11.607,121.7,0.06801,0.577,4.775723409
1559257696512,11.654,121.7,0.06801,0.577,4.775723409
1559257696559,11.7,121.7,0.06801,0.577,4.775723409
1559257696605,11.746,121.7,0.06801,0.577,4.775723409
1559257696667,11.808,121.7,0.06859,0.575,4.799756725
1559257696713,11.855,121.7,0.06859,0.575,4.799756725
1559257696760,11.901,121.7,0.06859,0.575,4.799756725
1559257696806,11.947,121.7,0.06859,0.575,4.799756725
1559257696866,12.007,121.7,0.06758,0.575,4.72907945
1559257696912,12.054,121.7,0.06758,0.575,4.72907945
1559257696959,12.1,121.7,0.06758,0.575,4.72907945
1559257697005,12.146,121.7,0.06758,0.575,4.72907945
1559257697066,12.207,121.7,0.0679,0.577,4.76799911
1559257697112,12.253,121.7,0.0679,0.577,4.76799911
1559257697158,12.299,121.7,0.0679,0.577,4.76799911
1559257697204,12.345,121.7,0.0679,0.577,4.76799911
1559257697266,12.408,121.7,0.06794,0.577,4.770807946
1559257697313,12.454,121.7,0.06794,0.577,4.770807946
1559257697359,12.5,121.7,0.06794,0.577,4.770807946
1559257697405,12.546,121.7,0.06794,0.577,4.770807946
1559257697466,12.607,121.7,0.0682,0.575,4.7724655
1559257697512,12.653,121.7,0.0682,0.575,4.7724655
1559257697558,12.699,121.7,0.0682,0.575,4.7724655
1559257697604,12.745,121.7,0.0682,0.575,4.7724655
1559257697666,12.807,121.6,0.06812,0.577,4.779517184
1559257697712,12.853,121.6,0.06812,0.577,4.779517184
1559257697758,12.899,121.6,0.06812,0.577,4.779517184
1559257697804,12.945,121.6,0.06812,0.577,4.779517184
1559257697867,13.008,121.6,0.0682,0.576,4.77683712
1559257697913,13.054,121.6,0.0682,0.576,4.77683712
1559257697959,13.1,121.6,0.0682,0.576,4.77683712
1559257698005,13.146,121.6,0.0682,0.576,4.77683712
1559257698066,13.207,121.6,0.06815,0.576,4.77333504
1559257698112,13.253,121.6,0.06815,0.576,4.77333504
1559257698158,13.299,121.6,0.06815,0.576,4.77333504
1559257698204,13.345,121.6,0.06815,0.576,4.77333504
1559257698266,13.407,121.6,0.06881,0.568,4.752624128
1559257698312,13.453,121.6,0.06881,0.568,4.752624128
1559257698358,13.499,121.6,0.06881,0.568,4.752624128
1559257698404,13.545,121.6,0.06881,0.568,4.752624128
1559257698466,13.607,121.6,0.06827,0.566,4.698723712
1559257698513,13.654,121.6,0.06827,0.566,4.698723712
1559257698559,13.7,121.6,0.06827,0.566,4.698723712
1559257698605,13.746,121.6,0.06827,0.566,4.698723712
1559257698666,13.807,121.5,0.06913,0.571,4.795997445
1559257698712,13.853,121.5,0.06913,0.571,4.795997445
1559257698758,13.899,121.5,0.06913,0.571,4.795997445
1559257698804,13.945,121.5,0.06913,0.571,4.795997445
1559257698867,14.008,121.6,0.06902,0.571,4.792307072
1559257698913,14.054,121.6,0.06902,0.571,4.792307072
1559257698959,14.1,121.6,0.06902,0.571,4.792307072
1559257699005,14.146,121.6,0.06902,0.571,4.792307072
1559257699066,14.207,121.6,0.06913,0.57,4.79153856
1559257699112,14.253,121.6,0.06913,0.57,4.79153856
1559257699158,14.299,121.6,0.06913,0.57,4.79153856
1559257699204,14.345,121.6,0.06913,0.57,4.79153856
1559257699266,14.407,121.6,0.06886,0.572,4.789571072
1559257699312,14.453,121.6,0.06886,0.572,4.789571072
1559257699358,14.5,121.6,0.06886,0.572,4.789571072
1559257699405,14.546,121.6,0.06886,0.572,4.789571072
1559257699465,14.606,121.6,0.06907,0.57,4.78737984
1559257699511,14.652,121.6,0.06907,0.57,4.78737984
1559257699557,14.698,121.6,0.06907,0.57,4.78737984
1559257699603,14.744,121.6,0.06907,0.57,4.78737984
1559257699666,14.807,121.6,0.06933,0.569,4.796970432
1559257699712,14.853,121.6,0.06933,0.569,4.796970432
1559257699758,14.899,121.6,0.06933,0.569,4.796970432
1559257699804,14.945,121.6,0.06933,0.569,4.796970432
1559257699866,15.007,121.6,0.06941,0.569,4.802505664
1559257699912,15.053,121.6,0.06941,0.569,4.802505664
1559257699958,15.099,121.6,0.06941,0.569,4.802505664
1559257700004,15.145,121.6,0.06941,0.569,4.802505664
1559257700066,15.208,121.6,0.06918,0.571,4.803416448
1559257700113,15.254,121.6,0.06918,0.571,4.803416448
1559257700159,15.3,121.6,0.06918,0.571,4.803416448
1559257700205,15.346,121.6,0.06918,0.571,4.803416448
1559257700266,15.407,121.6,0.069,0.572,4.7993088
1559257700312,15.453,121.6,0.069,0.572,4.7993088
1559257700358,15.499,121.6,0.069,0.572,4.7993088
1559257700404,15.545,121.6,0.069,0.572,4.7993088
1559257700466,15.607,121.6,0.06946,0.567,4.789072512
1559257700513,15.654,121.6,0.06946,0.567,4.789072512
1559257700559,15.7,121.6,0.06946,0.567,4.789072512
1559257700605,15.746,121.6,0.06946,0.567,4.789072512
1559257700665,15.806,121.6,0.06924,0.569,4.790743296
1559257700711,15.852,121.6,0.06924,0.569,4.790743296
1559257700757,15.898,121.6,0.06924,0.569,4.790743296
1559257700803,15.945,121.6,0.06924,0.569,4.790743296
1559257700866,16.007,121.6,0.06938,0.568,4.791993344
1559257700912,16.053,121.6,0.06938,0.568,4.791993344
1559257700958,16.099,121.6,0.06938,0.568,4.791993344
1559257701004,16.145,121.6,0.06938,0.568,4.791993344
1559257701066,16.207,121.7,0.06907,0.57,4.79131683
1559257701113,16.254,121.7,0.06907,0.57,4.79131683
1559257701159,16.3,121.7,0.06907,0.57,4.79131683
1559257701205,16.346,121.7,0.06907,0.57,4.79131683
1559257701266,16.407,121.7,0.06923,0.57,4.80241587
1559257701312,16.453,121.7,0.06923,0.57,4.80241587
1559257701358,16.499,121.7,0.06923,0.57,4.80241587
1559257701405,16.546,121.7,0.06923,0.57,4.80241587
1559257701466,16.607,121.6,0.06927,0.57,4.80124224
1559257701512,16.653,121.6,0.06927,0.57,4.80124224
1559257701557,16.698,121.6,0.06927,0.57,4.80124224
1559257701604,16.745,121.6,0.06927,0.57,4.80124224
1559257701666,16.807,121.6,0.06942,0.569,4.803197568
1559257701712,16.853,121.6,0.06942,0.569,4.803197568
1559257701758,16.899,121.6,0.06942,0.569,4.803197568
1559257701804,16.945,121.6,0.06942,0.569,4.803197568
1559257701865,17.006,121.6,0.06938,0.568,4.791993344
1559257701911,17.052,121.6,0.06938,0.568,4.791993344
1559257701957,17.098,121.6,0.06938,0.568,4.791993344
1559257702003,17.144,121.6,0.06938,0.568,4.791993344
1559257702066,17.207,121.6,0.06924,0.57,4.79916288
1559257702112,17.253,121.6,0.06924,0.57,4.79916288
1559257702158,17.299,121.6,0.06924,0.57,4.79916288
1559257702204,17.345,121.6,0.06924,0.57,4.79916288
1559257702266,17.407,121.6,0.06988,0.568,4.826527744
1559257702312,17.453,121.6,0.06988,0.568,4.826527744
1559257702358,17.499,121.6,0.06988,0.568,4.826527744
1559257702404,17.545,121.6,0.06988,0.568,4.826527744
1559257702466,17.607,121.6,0.06913,0.57,4.79153856
1559257702512,17.653,121.6,0.06913,0.57,4.79153856
1559257702558,17.699,121.6,0.06913,0.57,4.79153856
1559257702604,17.745,121.6,0.06913,0.57,4.79153856
1559257702666,17.807,121.5,0.06928,0.57,4.7979864
1559257702712,17.853,121.5,0.06928,0.57,4.7979864
1559257702759,17.9,121.5,0.06928,0.57,4.7979864
1559257702805,17.946,121.5,0.06928,0.57,4.7979864
1559257702866,18.007,121.5,0.06955,0.57,4.81668525
1559257702912,18.053,121.5,0.06955,0.57,4.81668525
1559257702958,18.099,121.5,0.06955,0.57,4.81668525
1559257703004,18.145,121.5,0.06955,0.57,4.81668525
1559257703066,18.207,121.6,0.06955,0.569,4.81219232
1559257703112,18.253,121.6,0.06955,0.569,4.81219232
1559257703158,18.299,121.6,0.06955,0.569,4.81219232
1559257703204,18.345,121.6,0.06955,0.569,4.81219232
1559257703265,18.406,121.6,0.06897,0.573,4.805608896
1559257703312,18.453,121.6,0.06897,0.573,4.805608896
1559257703358,18.499,121.6,0.06897,0.573,4.805608896
1559257703404,18.545,121.6,0.06897,0.573,4.805608896
1559257703466,18.607,121.6,0.0685,0.578,4.8145088
1559257703512,18.653,121.6,0.0685,0.578,4.8145088
1559257703558,18.699,121.6,0.0685,0.578,4.8145088
1559257703604,18.745,121.6,0.0685,0.578,4.8145088
1559257703665,18.806,121.5,0.06856,0.576,4.79810304
1559257703711,18.852,121.5,0.06856,0.576,4.79810304
1559257703758,18.899,121.5,0.06856,0.576,4.79810304
1559257703804,18.945,121.5,0.06856,0.576,4.79810304
1559257703866,19.007,121.6,0.06904,0.573,4.810486272
1559257703912,19.053,121.6,0.06904,0.573,4.810486272
1559257703958,19.099,121.6,0.06904,0.573,4.810486272
1559257704004,19.145,121.6,0.06904,0.573,4.810486272
1559257704065,19.206,121.6,0.0691,0.573,4.81466688
1559257704111,19.252,121.6,0.0691,0.573,4.81466688
1559257704157,19.298,121.6,0.0691,0.573,4.81466688
1559257704203,19.344,121.6,0.0691,0.573,4.81466688
1559257704266,19.407,121.6,0.06906,0.572,4.803482112
1559257704312,19.453,121.6,0.06906,0.572,4.803482112
1559257704358,19.499,121.6,0.06906,0.572,4.803482112
1559257704404,19.545,121.6,0.06906,0.572,4.803482112
1559257704465,19.606,121.6,0.06922,0.571,4.806193792
1559257704511,19.652,121.6,0.06922,0.571,4.806193792
1559257704557,19.698,121.6,0.06922,0.571,4.806193792
1559257704604,19.745,121.6,0.06922,0.571,4.806193792
1559257704665,19.806,121.6,0.06863,0.577,4.815300416
1559257704711,19.852,121.6,0.06863,0.577,4.815300416
1559257704757,19.898,121.6,0.06863,0.577,4.815300416
1559257704803,19.944,121.6,0.06863,0.577,4.815300416
1559257704865,20.006,121.6,0.06872,0.576,4.813258752
1559257704911,20.052,121.6,0.06872,0.576,4.813258752
1559257704957,20.098,121.6,0.06872,0.576,4.813258752
1559257705003,20.144,121.6,0.06872,0.576,4.813258752
1559257705066,20.207,121.7,0.06886,0.576,4.827030912
1559257705112,20.253,121.7,0.06886,0.576,4.827030912
1559257705158,20.299,121.7,0.06886,0.576,4.827030912
1559257705204,20.345,121.7,0.06886,0.576,4.827030912
1559257705266,20.407,121.7,0.06905,0.575,4.831946375
1559257705312,20.453,121.7,0.06905,0.575,4.831946375
1559257705358,20.499,121.7,0.06905,0.575,4.831946375
1559257705404,20.545,121.7,0.06905,0.575,4.831946375
1559257705465,20.606,121.6,0.06898,0.574,4.814693632
1559257705511,20.652,121.6,0.06898,0.574,4.814693632
1559257705557,20.698,121.6,0.06898,0.574,4.814693632
1559257705603,20.745,121.6,0.06898,0.574,4.814693632
1559257705666,20.807,121.6,0.06904,0.574,4.818881536
1559257705712,20.853,121.6,0.06904,0.574,4.818881536
1559257705758,20.899,121.6,0.06904,0.574,4.818881536
1559257705804,20.945,121.6,0.06904,0.574,4.818881536
1559257705865,21.006,121.6,0.06886,0.576,4.823064576
1559257705911,21.052,121.6,0.06886,0.576,4.823064576
1559257705957,21.098,121.6,0.06886,0.576,4.823064576
1559257706003,21.144,121.6,0.06886,0.576,4.823064576
1559257706065,21.206,121.6,0.06887,0.575,4.8153904
1559257706111,21.252,121.6,0.06887,0.575,4.8153904
1559257706157,21.298,121.6,0.06887,0.575,4.8153904
1559257706203,21.344,121.6,0.06887,0.575,4.8153904
1559257706266,21.407,121.6,0.069,0.574,4.8160896
1559257706312,21.453,121.6,0.069,0.574,4.8160896
1559257706358,21.499,121.6,0.069,0.574,4.8160896
1559257706404,21.545,121.6,0.069,0.574,4.8160896
1559257706465,21.606,121.6,0.06893,0.574,4.811203712
1559257706511,21.652,121.6,0.06893,0.574,4.811203712
1559257706557,21.698,121.6,0.06893,0.574,4.811203712
1559257706603,21.744,121.6,0.06893,0.574,4.811203712
1559257706665,21.806,121.5,0.06872,0.575,4.800951
1559257706711,21.852,121.5,0.06872,0.575,4.800951
1559257706758,21.899,121.5,0.06872,0.575,4.800951
1559257706804,21.945,121.5,0.06872,0.575,4.800951
1559257706865,22.006,121.5,0.0689,0.574,4.8051549
1559257706911,22.052,121.5,0.0689,0.574,4.8051549
1559257706957,22.098,121.5,0.0689,0.574,4.8051549
1559257707003,22.144,121.5,0.0689,0.574,4.8051549
1559257707065,22.206,121.5,0.06875,0.575,4.803046875
1559257707112,22.253,121.5,0.06875,0.575,4.803046875
1559257707158,22.299,121.5,0.06875,0.575,4.803046875
1559257707204,22.345,121.5,0.06875,0.575,4.803046875
1559257707265,22.406,121.5,0.0695,0.57,4.8132225
1559257707311,22.452,121.5,0.0695,0.57,4.8132225
1559257707357,22.498,121.5,0.0695,0.57,4.8132225
1559257707404,22.545,121.5,0.0695,0.57,4.8132225
1559257707465,22.606,121.5,0.06939,0.571,4.814035335
1559257707511,22.652,121.5,0.06939,0.571,4.814035335
1559257707557,22.698,121.5,0.06939,0.571,4.814035335
1559257707603,22.744,121.5,0.06939,0.571,4.814035335
1559257707666,22.807,121.4,0.06925,0.572,4.8087754
1559257707712,22.853,121.4,0.06925,0.572,4.8087754
1559257707758,22.899,121.4,0.06925,0.572,4.8087754
1559257707804,22.945,121.4,0.06925,0.572,4.8087754
1559257707865,23.006,121.5,0.06929,0.572,4.81551642
1559257707911,23.052,121.5,0.06929,0.572,4.81551642
1559257707957,23.098,121.5,0.06929,0.572,4.81551642
1559257708003,23.144,121.5,0.06929,0.572,4.81551642
1559257708066,23.207,121.5,0.06906,0.573,4.80792267
1559257708112,23.253,121.5,0.06906,0.573,4.80792267
1559257708158,23.299,121.5,0.06906,0.573,4.80792267
1559257708204,23.345,121.5,0.06906,0.573,4.80792267
1559257708265,23.406,121.6,0.069,0.574,4.8160896
1559257708311,23.452,121.6,0.069,0.574,4.8160896
1559257708357,23.498,121.6,0.069,0.574,4.8160896
1559257708403,23.544,121.6,0.069,0.574,4.8160896
1559257708465,23.606,121.6,0.06885,0.575,4.813992
1559257708511,23.652,121.6,0.06885,0.575,4.813992
1559257708557,23.698,121.6,0.06885,0.575,4.813992
1559257708603,23.744,121.6,0.06885,0.575,4.813992
1559257708665,23.806,121.5,0.06898,0.574,4.81073418
1559257708712,23.853,121.5,0.06898,0.574,4.81073418
1559257708758,23.899,121.5,0.06898,0.574,4.81073418
1559257708804,23.945,121.5,0.06898,0.574,4.81073418
1559257708865,24.006,121.6,0.06927,0.574,4.834935168
1559257708911,24.052,121.6,0.06927,0.574,4.834935168
1559257708957,24.098,121.6,0.06927,0.574,4.834935168
1559257709003,24.144,121.6,0.06927,0.574,4.834935168
1559257709066,24.207,121.6,0.06909,0.574,4.822371456
1559257709112,24.253,121.6,0.06909,0.574,4.822371456
1559257709158,24.299,121.6,0.06909,0.574,4.822371456
1559257709204,24.345,121.6,0.06909,0.574,4.822371456
1559257709266,24.407,121.6,0.06911,0.573,4.815363648
1559257709312,24.453,121.6,0.06911,0.573,4.815363648
1559257709359,24.5,121.6,0.06911,0.573,4.815363648
1559257709405,24.546,121.6,0.06911,0.573,4.815363648
1559257709466,24.607,121.6,0.06899,0.575,4.8237808
1559257709512,24.653,121.6,0.06899,0.575,4.8237808
1559257709558,24.699,121.6,0.06899,0.575,4.8237808
1559257709604,24.745,121.6,0.06899,0.575,4.8237808
1559257709665,24.806,121.6,0.06788,0.575,4.7461696
1559257709711,24.852,121.6,0.06788,0.575,4.7461696
1559257709757,24.898,121.6,0.06788,0.575,4.7461696
1559257709803,24.944,121.6,0.06788,0.575,4.7461696
1559257709865,25.007,121.6,0.06749,0.572,4.694280448
1559257709911,25.053,121.6,0.06749,0.572,4.694280448
1559257709957,25.098,121.6,0.06749,0.572,4.694280448
1559257710003,25.144,121.6,0.06749,0.572,4.694280448
1559257710066,25.207,121.6,0.06676,0.57,4.62726912
1559257710112,25.253,121.6,0.06676,0.57,4.62726912
1559257710158,25.299,121.6,0.06676,0.57,4.62726912
1559257710204,25.345,121.6,0.06676,0.57,4.62726912
1559257710265,25.406,121.6,0.06788,0.576,4.754423808
1559257710311,25.452,121.6,0.06788,0.576,4.754423808
1559257710357,25.498,121.6,0.06788,0.576,4.754423808
1559257710403,25.544,121.6,0.06788,0.576,4.754423808
1559257710464,25.605,121.5,0.06817,0.572,4.73767866
1559257710510,25.651,121.5,0.06817,0.572,4.73767866
1559257710556,25.697,121.5,0.06817,0.572,4.73767866
1559257710602,25.743,121.5,0.06817,0.572,4.73767866
1559257710665,25.806,121.5,0.06796,0.573,4.73134122
1559257710711,25.852,121.5,0.06796,0.573,4.73134122
1559257710757,25.898,121.5,0.06796,0.573,4.73134122
1559257710803,25.944,121.5,0.06796,0.573,4.73134122
1559257710864,26.005,121.5,0.06605,0.568,4.5582426
1559257710910,26.051,121.5,0.06605,0.568,4.5582426
1559257710957,26.098,121.5,0.06605,0.568,4.5582426
1559257711003,26.144,121.5,0.06605,0.568,4.5582426
1559257711065,26.206,121.5,0.06795,0.57,4.70587725
1559257711111,26.252,121.5,0.06795,0.57,4.70587725
1559257711157,26.298,121.5,0.06795,0.57,4.70587725
1559257711204,26.345,121.5,0.06795,0.57,4.70587725
1559257711265,26.406,121.5,0.06832,0.573,4.75640424
1559257711311,26.452,121.5,0.06832,0.573,4.75640424
1559257711357,26.498,121.5,0.06832,0.573,4.75640424
1559257711403,26.544,121.5,0.06832,0.573,4.75640424
1559257711465,26.606,121.5,0.0678,0.571,4.7037267
1559257711511,26.652,121.5,0.0678,0.571,4.7037267
1559257711558,26.699,121.5,0.0678,0.571,4.7037267
1559257711604,26.745,121.5,0.0678,0.571,4.7037267
1559257711665,26.806,121.5,0.06558,0.569,4.53377493
1559257711711,26.852,121.5,0.06558,0.569,4.53377493
1559257711757,26.898,121.5,0.06558,0.569,4.53377493
1559257711803,26.944,121.5,0.06558,0.569,4.53377493
1559257711864,27.005,121.5,0.06586,0.57,4.5611343
1559257711910,27.051,121.5,0.06586,0.57,4.5611343
1559257711956,27.097,121.5,0.06586,0.57,4.5611343
1559257712002,27.143,121.5,0.06586,0.57,4.5611343
1559257712064,27.205,121.5,0.06569,0.57,4.54936095
1559257712111,27.252,121.5,0.06569,0.57,4.54936095
1559257712157,27.298,121.5,0.06569,0.57,4.54936095
1559257712203,27.344,121.5,0.06569,0.57,4.54936095
1559257712265,27.406,121.6,0.06638,0.573,4.625145984
1559257712311,27.452,121.6,0.06638,0.573,4.625145984
1559257712358,27.499,121.6,0.06638,0.573,4.625145984
1559257712404,27.545,121.6,0.06638,0.573,4.625145984
1559257712465,27.606,121.6,0.06783,0.574,4.734425472
1559257712511,27.652,121.6,0.06783,0.574,4.734425472
1559257712557,27.698,121.6,0.06783,0.574,4.734425472
1559257712603,27.744,121.6,0.06783,0.574,4.734425472
1559257712665,27.806,121.6,0.06807,0.572,4.734622464
1559257712711,27.852,121.6,0.06807,0.572,4.734622464
1559257712757,27.898,121.6,0.06807,0.572,4.734622464
1559257712803,27.944,121.6,0.06807,0.572,4.734622464
1559257712864,28.005,121.6,0.06806,0.572,4.733926912
1559257712910,28.051,121.6,0.06806,0.572,4.733926912
1559257712956,28.097,121.6,0.06806,0.572,4.733926912
1559257713002,28.143,121.6,0.06806,0.572,4.733926912
1559257713065,28.206,121.6,0.0682,0.571,4.73537152
1559257713111,28.252,121.6,0.0682,0.571,4.73537152
1559257713157,28.298,121.6,0.0682,0.571,4.73537152
1559257713203,28.344,121.6,0.0682,0.571,4.73537152
1559257713264,28.405,121.6,0.06825,0.572,4.7471424
1559257713310,28.451,121.6,0.06825,0.572,4.7471424
1559257713356,28.497,121.6,0.06825,0.572,4.7471424
1559257713402,28.543,121.6,0.06825,0.572,4.7471424
1559257713465,28.606,121.6,0.06809,0.573,4.744293312
1559257713511,28.652,121.6,0.06809,0.573,4.744293312
1559257713557,28.698,121.6,0.06809,0.573,4.744293312
1559257713603,28.744,121.6,0.06809,0.573,4.744293312
1559257713665,28.806,121.6,0.06823,0.572,4.745751296
1559257713711,28.852,121.6,0.06823,0.572,4.745751296
1559257713757,28.898,121.6,0.06823,0.572,4.745751296
1559257713803,28.944,121.6,0.06823,0.572,4.745751296
1559257713864,29.005,121.6,0.06799,0.573,4.737325632
1559257713910,29.051,121.6,0.06799,0.573,4.737325632
1559257713957,29.098,121.6,0.06799,0.573,4.737325632
1559257714003,29.144,121.6,0.06799,0.573,4.737325632
1559257714065,29.206,121.6,0.06801,0.573,4.738719168
1559257714111,29.252,121.6,0.06801,0.573,4.738719168
1559257714157,29.298,121.6,0.06801,0.573,4.738719168
1559257714203,29.344,121.6,0.06801,0.573,4.738719168
1559257714264,29.405,121.6,0.06777,0.576,4.746719232
1559257714311,29.452,121.6,0.06777,0.576,4.746719232
1559257714357,29.498,121.6,0.06777,0.576,4.746719232
1559257714403,29.544,121.6,0.06777,0.576,4.746719232
1559257714465,29.606,121.6,0.0679,0.574,4.73931136
1559257714511,29.652,121.6,0.0679,0.574,4.73931136
1559257714557,29.698,121.6,0.0679,0.574,4.73931136
1559257714604,29.745,121.6,0.0679,0.574,4.73931136
1559257714665,29.806,121.5,0.06796,0.574,4.73959836
1559257714711,29.852,121.5,0.06796,0.574,4.73959836
1559257714757,29.898,121.5,0.06796,0.574,4.73959836
1559257714803,29.944,121.5,0.06796,0.574,4.73959836
1559257714864,30.005,121.5,0.06823,0.573,4.750138485
1559257714910,30.051,121.5,0.06823,0.573,4.750138485
1559257714956,30.097,121.5,0.06823,0.573,4.750138485
1559257715002,30.143,121.5,0.06823,0.573,4.750138485
1559257715064,30.205,121.5,0.06805,0.574,4.74587505
1559257715111,30.252,121.5,0.06805,0.574,4.74587505
1559257715157,30.298,121.5,0.06805,0.574,4.74587505
1559257715203,30.344,121.5,0.06805,0.574,4.74587505
1559257715264,30.405,121.5,0.06746,0.574,4.70472786
1559257715310,30.451,121.5,0.06746,0.574,4.70472786
1559257715356,30.497,121.5,0.06746,0.574,4.70472786
1559257715402,30.543,121.5,0.06746,0.574,4.70472786
1559257715465,30.606,121.5,0.06585,0.571,4.568442525
1559257715511,30.652,121.5,0.06585,0.571,4.568442525
1559257715558,30.699,121.5,0.06585,0.571,4.568442525
1559257715603,30.744,121.5,0.06585,0.571,4.568442525
1559257715664,30.805,121.5,0.06581,0.57,4.55767155
1559257715710,30.851,121.5,0.06581,0.57,4.55767155
1559257715756,30.897,121.5,0.06581,0.57,4.55767155
1559257715802,30.943,121.5,0.06581,0.57,4.55767155
1559257715864,31.005,121.5,0.06582,0.57,4.5583641
1559257715910,31.051,121.5,0.06582,0.57,4.5583641
1559257715956,31.097,121.5,0.06582,0.57,4.5583641
1559257716003,31.144,121.5,0.06582,0.57,4.5583641
1559257716064,31.205,121.5,0.06557,0.572,4.55698386
1559257716110,31.251,121.5,0.06557,0.572,4.55698386
1559257716156,31.297,121.5,0.06557,0.572,4.55698386
1559257716202,31.343,121.5,0.06557,0.572,4.55698386
1559257716264,31.405,121.6,0.06608,0.568,4.564066304
1559257716311,31.452,121.6,0.06608,0.568,4.564066304
1559257716357,31.498,121.6,0.06608,0.568,4.564066304
1559257716403,31.544,121.6,0.06608,0.568,4.564066304
1559257716464,31.605,121.6,0.06662,0.562,4.552757504
1559257716510,31.651,121.6,0.06662,0.562,4.552757504
1559257716556,31.697,121.6,0.06662,0.562,4.552757504
1559257716603,31.744,121.6,0.06662,0.562,4.552757504
1559257716664,31.805,121.6,0.06791,0.568,4.690462208
1559257716710,31.851,121.6,0.06791,0.568,4.690462208
1559257716756,31.897,121.6,0.06791,0.568,4.690462208
1559257716802,31.943,121.6,0.06791,0.568,4.690462208
1559257716864,32.005,121.6,0.06861,0.57,4.75549632
1559257716910,32.051,121.6,0.06861,0.57,4.75549632
1559257716956,32.097,121.6,0.06861,0.57,4.75549632
1559257717003,32.144,121.6,0.06861,0.57,4.75549632
1559257717064,32.205,121.6,0.06863,0.57,4.75688256
1559257717109,32.25,121.6,0.06863,0.57,4.75688256
1559257717156,32.297,121.6,0.06863,0.57,4.75688256
1559257717202,32.343,121.6,0.06863,0.57,4.75688256
1559257717264,32.405,121.6,0.06857,0.57,4.75272384
1559257717311,32.452,121.6,0.06857,0.57,4.75272384
1559257717356,32.497,121.6,0.06857,0.57,4.75272384
1559257717402,32.543,121.6,0.06857,0.57,4.75272384
1559257717464,32.605,121.7,0.06872,0.569,4.758674456
1559257717510,32.651,121.7,0.06872,0.569,4.758674456
1559257717556,32.697,121.7,0.06872,0.569,4.758674456
1559257717602,32.743,121.7,0.06872,0.569,4.758674456
1559257717664,32.805,121.6,0.06846,0.571,4.753424256
1559257717710,32.851,121.6,0.06846,0.571,4.753424256
1559257717756,32.897,121.6,0.06846,0.571,4.753424256
1559257717802,32.943,121.6,0.06846,0.571,4.753424256
1559257717865,33.006,121.6,0.06829,0.573,4.758228672
1559257717911,33.052,121.6,0.06829,0.573,4.758228672
1559257717957,33.098,121.6,0.06829,0.573,4.758228672
1559257718003,33.144,121.6,0.06829,0.573,4.758228672
1559257718064,33.205,121.6,0.06811,0.575,4.7622512
1559257718109,33.25,121.6,0.06811,0.575,4.7622512
1559257718156,33.297,121.6,0.06811,0.575,4.7622512
1559257718202,33.343,121.6,0.06811,0.575,4.7622512
1559257718264,33.405,121.6,0.06829,0.574,4.766532736
1559257718310,33.451,121.6,0.06829,0.574,4.766532736
1559257718356,33.497,121.6,0.06829,0.574,4.766532736
1559257718402,33.543,121.6,0.06829,0.574,4.766532736
1559257718464,33.605,121.6,0.06851,0.572,4.765226752
1559257718510,33.651,121.6,0.06851,0.572,4.765226752
1559257718556,33.697,121.6,0.06851,0.572,4.765226752
1559257718602,33.743,121.6,0.06851,0.572,4.765226752
1559257718664,33.805,121.6,0.06805,0.57,4.7166816
1559257718710,33.851,121.6,0.06805,0.57,4.7166816
1559257718756,33.897,121.6,0.06805,0.57,4.7166816
1559257718802,33.943,121.6,0.06805,0.57,4.7166816
1559257718863,34.004,121.5,0.06791,0.572,4.71960918
1559257718910,34.051,121.5,0.06791,0.572,4.71960918
1559257718956,34.097,121.5,0.06791,0.572,4.71960918
1559257719002,34.143,121.5,0.06791,0.572,4.71960918
1559257719064,34.205,121.5,0.06767,0.569,4.678263945
1559257719110,34.251,121.5,0.06767,0.569,4.678263945
1559257719156,34.297,121.5,0.06767,0.569,4.678263945
1559257719202,34.343,121.5,0.06767,0.569,4.678263945
1559257719264,34.405,121.5,0.06615,0.565,4.541032125
1559257719311,34.452,121.5,0.06615,0.565,4.541032125
1559257719357,34.498,121.5,0.06615,0.565,4.541032125
1559257719403,34.544,121.5,0.06615,0.565,4.541032125
1559257719464,34.605,121.5,0.06583,0.568,4.54305996
1559257719510,34.651,121.5,0.06583,0.568,4.54305996
1559257719556,34.697,121.5,0.06583,0.568,4.54305996
1559257719602,34.743,121.5,0.06583,0.568,4.54305996
1559257719663,34.804,121.5,0.06631,0.568,4.57618572
1559257719710,34.851,121.5,0.06631,0.568,4.57618572
1559257719756,34.897,121.5,0.06631,0.568,4.57618572
1559257719802,34.943,121.5,0.06631,0.568,4.57618572
1559257719864,35.005,121.5,0.06599,0.568,4.55410188
1559257719910,35.051,121.5,0.06599,0.568,4.55410188
1559257719956,35.097,121.5,0.06599,0.568,4.55410188
1559257720002,35.143,121.5,0.06599,0.568,4.55410188
1559257720063,35.204,121.5,0.06644,0.567,4.57708482
1559257720109,35.25,121.5,0.06644,0.567,4.57708482
1559257720155,35.296,121.5,0.06644,0.567,4.57708482
1559257720201,35.342,121.5,0.06644,0.567,4.57708482
1559257720264,35.405,121.5,0.06824,0.57,4.7259612
1559257720310,35.451,121.5,0.06824,0.57,4.7259612
1559257720356,35.497,121.5,0.06824,0.57,4.7259612
1559257720402,35.543,121.5,0.06824,0.57,4.7259612
1559257720463,35.604,121.6,0.06817,0.569,4.716709568
1559257720510,35.651,121.6,0.06817,0.569,4.716709568
1559257720556,35.697,121.6,0.06817,0.569,4.716709568
1559257720602,35.743,121.6,0.06817,0.569,4.716709568
1559257720664,35.805,121.6,0.06822,0.571,4.736760192
1559257720710,35.851,121.6,0.06822,0.571,4.736760192
1559257720756,35.897,121.6,0.06822,0.571,4.736760192
1559257720802,35.943,121.6,0.06822,0.571,4.736760192
1559257720864,36.005,121.6,0.06831,0.57,4.73470272
1559257720910,36.051,121.6,0.06831,0.57,4.73470272
1559257720956,36.097,121.6,0.06831,0.57,4.73470272
1559257721002,36.143,121.6,0.06831,0.57,4.73470272
1559257721064,36.205,121.6,0.0679,0.572,4.72279808
1559257721111,36.252,121.6,0.0679,0.572,4.72279808
1559257721157,36.298,121.6,0.0679,0.572,4.72279808
1559257721203,36.344,121.6,0.0679,0.572,4.72279808
1559257721264,36.405,121.6,0.06851,0.569,4.740234304
1559257721310,36.451,121.6,0.06851,0.569,4.740234304
1559257721356,36.497,121.6,0.06851,0.569,4.740234304
1559257721402,36.543,121.6,0.06851,0.569,4.740234304
1559257721463,36.604,121.6,0.06791,0.572,4.723493632
1559257721509,36.65,121.6,0.06791,0.572,4.723493632
1559257721555,36.696,121.6,0.06791,0.572,4.723493632
1559257721601,36.742,121.6,0.06791,0.572,4.723493632
1559257721664,36.805,121.6,0.06761,0.574,4.719069824
1559257721710,36.851,121.6,0.06761,0.574,4.719069824
1559257721756,36.897,121.6,0.06761,0.574,4.719069824
1559257721802,36.943,121.6,0.06761,0.574,4.719069824
1559257721863,37.004,121.6,0.06777,0.573,4.721996736
1559257721909,37.05,121.6,0.06777,0.573,4.721996736
1559257721955,37.096,121.6,0.06777,0.573,4.721996736
1559257722001,37.142,121.6,0.06777,0.573,4.721996736
1559257722064,37.205,121.6,0.06789,0.574,4.738613376
1559257722110,37.251,121.6,0.06789,0.574,4.738613376
1559257722156,37.297,121.6,0.06789,0.574,4.738613376
1559257722202,37.343,121.6,0.06789,0.574,4.738613376
1559257722263,37.404,121.6,0.06814,0.572,4.739491328
1559257722309,37.45,121.6,0.06814,0.572,4.739491328
1559257722355,37.496,121.6,0.06814,0.572,4.739491328
1559257722402,37.543,121.6,0.06814,0.572,4.739491328
1559257722464,37.605,121.5,0.06789,0.573,4.726467855
1559257722510,37.651,121.5,0.06789,0.573,4.726467855
1559257722556,37.697,121.5,0.06789,0.573,4.726467855
1559257722602,37.743,121.5,0.06789,0.573,4.726467855
1559257722663,37.804,121.5,0.06793,0.573,4.729252635
1559257722709,37.85,121.5,0.06793,0.573,4.729252635
1559257722755,37.896,121.5,0.06793,0.573,4.729252635
1559257722801,37.942,121.5,0.06793,0.573,4.729252635
1559257722864,38.005,121.5,0.06836,0.569,4.72596606
1559257722910,38.051,121.5,0.06836,0.569,4.72596606
1559257722956,38.097,121.5,0.06836,0.569,4.72596606
1559257723002,38.143,121.5,0.06836,0.569,4.72596606
1559257723063,38.204,121.4,0.06833,0.57,4.72829934
1559257723109,38.25,121.4,0.06833,0.57,4.72829934
1559257723155,38.296,121.4,0.06833,0.57,4.72829934
1559257723201,38.342,121.4,0.06833,0.57,4.72829934
1559257723263,38.404,121.5,0.06852,0.569,4.73702742
1559257723309,38.45,121.5,0.06852,0.569,4.73702742
1559257723355,38.496,121.5,0.06852,0.569,4.73702742
1559257723401,38.542,121.5,0.06852,0.569,4.73702742
1559257723464,38.605,121.5,0.06834,0.57,4.7328867
1559257723511,38.652,121.5,0.06834,0.57,4.7328867
1559257723557,38.698,121.5,0.06834,0.57,4.7328867
1559257723603,38.744,121.5,0.06834,0.57,4.7328867
1559257723663,38.804,121.5,0.06798,0.572,4.72447404
1559257723709,38.85,121.5,0.06798,0.572,4.72447404
1559257723755,38.896,121.5,0.06798,0.572,4.72447404
1559257723801,38.942,121.5,0.06798,0.572,4.72447404
1559257723864,39.005,121.5,0.06799,0.574,4.74169059
1559257723910,39.051,121.5,0.06799,0.574,4.74169059
1559257723956,39.097,121.5,0.06799,0.574,4.74169059
1559257724002,39.143,121.5,0.06799,0.574,4.74169059
1559257724064,39.205,121.5,0.06812,0.571,4.72592718
1559257724110,39.251,121.5,0.06812,0.571,4.72592718
1559257724156,39.297,121.5,0.06812,0.571,4.72592718
1559257724202,39.343,121.5,0.06812,0.571,4.72592718
1559257724263,39.404,121.6,0.06813,0.571,4.730511168
1559257724309,39.45,121.6,0.06813,0.571,4.730511168
1559257724355,39.496,121.6,0.06813,0.571,4.730511168
1559257724401,39.542,121.6,0.06813,0.571,4.730511168
1559257724464,39.605,121.6,0.06703,0.566,4.613379968
1559257724510,39.651,121.6,0.06703,0.566,4.613379968
1559257724556,39.697,121.6,0.06703,0.566,4.613379968
1559257724602,39.743,121.6,0.06703,0.566,4.613379968
1559257724664,39.805,121.6,0.06583,0.568,4.546799104
1559257724710,39.851,121.6,0.06583,0.568,4.546799104
1559257724756,39.897,121.6,0.06583,0.568,4.546799104
1559257724802,39.943,121.6,0.06583,0.568,4.546799104
1559257724864,40.005,121.6,0.06571,0.569,4.546501184
1559257724911,40.052,121.6,0.06571,0.569,4.546501184
1559257724957,40.098,121.6,0.06571,0.569,4.546501184
1559257725003,40.144,121.6,0.06571,0.569,4.546501184
1559257725064,40.205,121.6,0.06554,0.57,4.54270848
1559257725110,40.251,121.6,0.06554,0.57,4.54270848
1559257725156,40.297,121.6,0.06554,0.57,4.54270848
1559257725202,40.343,121.6,0.06554,0.57,4.54270848
1559257725264,40.405,121.6,0.06573,0.569,4.547884992
1559257725310,40.451,121.6,0.06573,0.569,4.547884992
1559257725356,40.497,121.6,0.06573,0.569,4.547884992
1559257725402,40.543,121.6,0.06573,0.569,4.547884992
1559257725465,40.606,121.7,0.0653,0.571,4.53774271
1559257725511,40.652,121.7,0.0653,0.571,4.53774271
1559257725557,40.698,121.7,0.0653,0.571,4.53774271
1559257725603,40.744,121.7,0.0653,0.571,4.53774271
1559257725664,40.805,121.6,0.06517,0.575,4.5566864
1559257725710,40.851,121.6,0.06517,0.575,4.5566864
1559257725756,40.897,121.6,0.06517,0.575,4.5566864
1559257725802,40.943,121.6,0.06517,0.575,4.5566864
1559257725864,41.005,121.6,0.06559,0.57,4.54617408
1559257725910,41.051,121.6,0.06559,0.57,4.54617408
1559257725956,41.097,121.6,0.06559,0.57,4.54617408
1559257726002,41.143,121.6,0.06559,0.57,4.54617408
1559257726064,41.205,121.6,0.06579,0.569,4.552036416
1559257726110,41.251,121.6,0.06579,0.569,4.552036416
1559257726155,41.296,121.6,0.06579,0.569,4.552036416
1559257726201,41.342,121.6,0.06579,0.569,4.552036416
1559257726264,41.405,121.6,0.06733,0.566,4.634027648
1559257726310,41.451,121.6,0.06733,0.566,4.634027648
1559257726356,41.497,121.6,0.06733,0.566,4.634027648
1559257726402,41.543,121.6,0.06733,0.566,4.634027648
1559257726464,41.605,121.6,0.06887,0.571,4.781892032
1559257726510,41.651,121.6,0.06887,0.571,4.781892032
1559257726557,41.698,121.6,0.06887,0.571,4.781892032
1559257726603,41.744,121.6,0.06887,0.571,4.781892032
1559257726664,41.805,121.5,0.06869,0.57,4.75712595
1559257726710,41.851,121.5,0.06869,0.57,4.75712595
1559257726756,41.897,121.5,0.06869,0.57,4.75712595
1559257726802,41.943,121.5,0.06869,0.57,4.75712595
1559257726863,42.004,121.5,0.06879,0.571,4.772409435
1559257726909,42.05,121.5,0.06879,0.571,4.772409435
1559257726955,42.096,121.5,0.06879,0.571,4.772409435
1559257727001,42.142,121.5,0.06879,0.571,4.772409435
1559257727063,42.204,121.4,0.06848,0.572,4.755305984
1559257727110,42.251,121.4,0.06848,0.572,4.755305984
1559257727156,42.297,121.4,0.06848,0.572,4.755305984
1559257727202,42.343,121.4,0.06848,0.572,4.755305984
1559257727264,42.405,121.5,0.06826,0.574,4.76052066
1559257727310,42.451,121.5,0.06826,0.574,4.76052066
1559257727356,42.497,121.5,0.06826,0.574,4.76052066
1559257727402,42.543,121.5,0.06826,0.574,4.76052066
1559257727463,42.604,121.5,0.06819,0.575,4.763923875
1559257727509,42.65,121.5,0.06819,0.575,4.763923875
1559257727556,42.697,121.5,0.06819,0.575,4.763923875
1559257727602,42.743,121.5,0.06819,0.575,4.763923875
1559257727664,42.805,121.5,0.0682,0.574,4.7563362
1559257727710,42.851,121.5,0.0682,0.574,4.7563362
1559257727756,42.897,121.5,0.0682,0.574,4.7563362
1559257727802,42.943,121.5,0.0682,0.574,4.7563362
1559257727863,43.004,121.5,0.06849,0.572,4.75991802
1559257727909,43.05,121.5,0.06849,0.572,4.75991802
1559257727955,43.096,121.5,0.06849,0.572,4.75991802
1559257728001,43.142,121.5,0.06849,0.572,4.75991802
1559257728064,43.205,121.5,0.06853,0.573,4.771024335
1559257728110,43.251,121.5,0.06853,0.573,4.771024335
1559257728156,43.297,121.5,0.06853,0.573,4.771024335
1559257728202,43.343,121.5,0.06853,0.573,4.771024335
1559257728263,43.404,121.6,0.06836,0.573,4.763106048
1559257728309,43.45,121.6,0.06836,0.573,4.763106048
1559257728356,43.497,121.6,0.06836,0.573,4.763106048
1559257728402,43.543,121.6,0.06836,0.573,4.763106048
1559257728463,43.604,121.6,0.06826,0.569,4.722936704
1559257728509,43.65,121.6,0.06826,0.569,4.722936704
1559257728555,43.696,121.6,0.06826,0.569,4.722936704
1559257728601,43.742,121.6,0.06826,0.569,4.722936704
1559257728663,43.804,121.6,0.06809,0.571,4.727733824
1559257728709,43.85,121.6,0.06809,0.571,4.727733824
1559257728755,43.896,121.6,0.06809,0.571,4.727733824
1559257728801,43.942,121.6,0.06809,0.571,4.727733824
1559257728863,44.004,121.6,0.06844,0.568,4.727068672
1559257728909,44.05,121.6,0.06844,0.568,4.727068672
1559257728954,44.095,121.6,0.06844,0.568,4.727068672
1559257729000,44.141,121.6,0.06844,0.568,4.727068672
1559257729063,44.204,121.6,0.06866,0.567,4.733914752
1559257729109,44.25,121.6,0.06866,0.567,4.733914752
1559257729155,44.296,121.6,0.06866,0.567,4.733914752
1559257729201,44.342,121.6,0.06866,0.567,4.733914752
1559257729263,44.404,121.6,0.06852,0.568,4.732594176
1559257729309,44.45,121.6,0.06852,0.568,4.732594176
1559257729355,44.496,121.6,0.06852,0.568,4.732594176
1559257729401,44.542,121.6,0.06852,0.568,4.732594176
1559257729463,44.604,121.6,0.06922,0.562,4.730439424
1559257729509,44.65,121.6,0.06922,0.562,4.730439424
1559257729555,44.696,121.6,0.06922,0.562,4.730439424
1559257729601,44.742,121.6,0.06922,0.562,4.730439424
1559257729662,44.804,121.6,0.06974,0.567,4.808377728
1559257729708,44.849,121.6,0.06974,0.567,4.808377728
1559257729754,44.895,121.6,0.06974,0.567,4.808377728
1559257729800,44.941,121.6,0.06974,0.567,4.808377728
1559257729863,45.004,121.6,0.06907,0.566,4.753784192
1559257729909,45.05,121.6,0.06907,0.566,4.753784192
1559257729955,45.096,121.6,0.06907,0.566,4.753784192
1559257730001,45.142,121.6,0.06907,0.566,4.753784192
1559257730063,45.204,121.6,0.06962,0.566,4.791638272
1559257730109,45.25,121.6,0.06962,0.566,4.791638272
1559257730155,45.296,121.6,0.06962,0.566,4.791638272
1559257730202,45.343,121.6,0.06962,0.566,4.791638272
1559257730263,45.404,121.6,0.06899,0.566,4.748278144
1559257730309,45.45,121.6,0.06899,0.566,4.748278144
1559257730355,45.496,121.6,0.06899,0.566,4.748278144
1559257730401,45.542,121.6,0.06899,0.566,4.748278144
1559257730463,45.604,121.6,0.06919,0.566,4.762043264
1559257730509,45.65,121.6,0.06919,0.566,4.762043264
1559257730555,45.696,121.6,0.06919,0.566,4.762043264
1559257730601,45.742,121.6,0.06919,0.566,4.762043264
1559257730662,45.803,121.6,0.06947,0.565,4.77286688
1559257730709,45.85,121.6,0.06947,0.565,4.77286688
1559257730755,45.896,121.6,0.06947,0.565,4.77286688
1559257730801,45.942,121.6,0.06947,0.565,4.77286688
1559257730862,46.003,121.5,0.06897,0.564,4.72623822
1559257730908,46.049,121.5,0.06897,0.564,4.72623822
1559257730954,46.095,121.5,0.06897,0.564,4.72623822
1559257731000,46.141,121.5,0.06897,0.564,4.72623822
1559257731063,46.204,121.5,0.06878,0.569,4.75500213
1559257731109,46.25,121.5,0.06878,0.569,4.75500213
1559257731155,46.296,121.5,0.06878,0.569,4.75500213
1559257731201,46.342,121.5,0.06878,0.569,4.75500213
1559257731262,46.403,121.5,0.06903,0.568,4.76389836
1559257731308,46.449,121.5,0.06903,0.568,4.76389836
1559257731354,46.495,121.5,0.06903,0.568,4.76389836
1559257731400,46.541,121.5,0.06903,0.568,4.76389836
1559257731462,46.603,121.5,0.0694,0.564,4.7557044
1559257731508,46.649,121.5,0.0694,0.564,4.7557044
1559257731554,46.695,121.5,0.0694,0.564,4.7557044
1559257731600,46.741,121.5,0.0694,0.564,4.7557044
1559257731662,46.803,121.6,0.06956,0.563,4.762133248
1559257731708,46.85,121.6,0.06956,0.563,4.762133248
1559257731755,46.896,121.6,0.06956,0.563,4.762133248
1559257731801,46.942,121.6,0.06956,0.563,4.762133248
1559257731863,47.004,121.6,0.06931,0.566,4.770302336
1559257731909,47.05,121.6,0.06931,0.566,4.770302336
1559257731955,47.096,121.6,0.06931,0.566,4.770302336
1559257732001,47.142,121.6,0.06931,0.566,4.770302336
1559257732062,47.203,121.6,0.07081,0.564,4.856319744
1559257732109,47.25,121.6,0.07081,0.564,4.856319744
1559257732155,47.296,121.6,0.07081,0.564,4.856319744
1559257732201,47.342,121.6,0.07081,0.564,4.856319744
1559257732263,47.404,121.6,0.06966,0.567,4.802861952
1559257732309,47.45,121.6,0.06966,0.567,4.802861952
1559257732355,47.496,121.6,0.06966,0.567,4.802861952
1559257732401,47.542,121.6,0.06966,0.567,4.802861952
1559257732462,47.603,121.6,0.06979,0.567,4.811825088
1559257732508,47.65,121.6,0.06979,0.567,4.811825088
1559257732554,47.695,121.6,0.06979,0.567,4.811825088
1559257732601,47.742,121.6,0.06979,0.567,4.811825088
1559257732663,47.804,121.6,0.06966,0.568,4.811332608
1559257732709,47.85,121.6,0.06966,0.568,4.811332608
1559257732756,47.897,121.6,0.06966,0.568,4.811332608
1559257732802,47.943,121.6,0.06966,0.568,4.811332608
1559257732863,48.004,121.6,0.06973,0.568,4.816167424
1559257732909,48.05,121.6,0.06973,0.568,4.816167424
1559257732955,48.096,121.6,0.06973,0.568,4.816167424
1559257733002,48.143,121.6,0.06973,0.568,4.816167424
1559257733063,48.204,121.6,0.06937,0.569,4.799738048
1559257733109,48.25,121.6,0.06937,0.569,4.799738048
1559257733155,48.296,121.6,0.06937,0.569,4.799738048
1559257733201,48.342,121.6,0.06937,0.569,4.799738048
1559257733262,48.403,121.6,0.06955,0.567,4.79527776
1559257733308,48.449,121.6,0.06955,0.567,4.79527776
1559257733354,48.495,121.6,0.06955,0.567,4.79527776
1559257733400,48.541,121.6,0.06955,0.567,4.79527776
1559257733463,48.604,121.6,0.06952,0.568,4.801662976
1559257733509,48.65,121.6,0.06952,0.568,4.801662976
1559257733555,48.696,121.6,0.06952,0.568,4.801662976
1559257733601,48.742,121.6,0.06952,0.568,4.801662976
1559257733662,48.803,121.6,0.06936,0.568,4.790611968
1559257733708,48.849,121.6,0.06936,0.568,4.790611968
1559257733754,48.895,121.6,0.06936,0.568,4.790611968
1559257733800,48.941,121.6,0.06936,0.568,4.790611968
1559257733863,49.004,121.6,0.06969,0.567,4.804930368
1559257733909,49.05,121.6,0.06969,0.567,4.804930368
1559257733955,49.096,121.6,0.06969,0.567,4.804930368
1559257734001,49.142,121.6,0.06969,0.567,4.804930368
1559257734062,49.203,121.5,0.069,0.572,4.795362
1559257734108,49.249,121.5,0.069,0.572,4.795362
1559257734154,49.295,121.5,0.069,0.572,4.795362
1559257734200,49.341,121.5,0.069,0.572,4.795362
1559257734262,49.404,121.5,0.06887,0.574,4.80306267
1559257734309,49.45,121.5,0.06887,0.574,4.80306267
1559257734354,49.496,121.5,0.06887,0.574,4.80306267
1559257734401,49.542,121.5,0.06887,0.574,4.80306267
1559257734463,49.604,121.5,0.06873,0.574,4.79329893
1559257734509,49.65,121.5,0.06873,0.574,4.79329893
1559257734555,49.696,121.5,0.06873,0.574,4.79329893
1559257734601,49.742,121.5,0.06873,0.574,4.79329893
1559257734662,49.803,121.5,0.06892,0.573,4.79817594
1559257734708,49.849,121.5,0.06892,0.573,4.79817594
1559257734754,49.895,121.5,0.06892,0.573,4.79817594
1559257734800,49.941,121.5,0.06892,0.573,4.79817594
1559257734862,50.003,121.5,0.06925,0.571,4.804322625
1559257734908,50.05,121.5,0.06925,0.571,4.804322625
1559257734954,50.096,121.5,0.06925,0.571,4.804322625
1559257735001,50.142,121.5,0.06925,0.571,4.804322625
1559257735063,50.204,121.5,0.0689,0.573,4.79678355
1559257735109,50.25,121.5,0.0689,0.573,4.79678355
1559257735155,50.296,121.5,0.0689,0.573,4.79678355
1559257735201,50.342,121.5,0.0689,0.573,4.79678355
1559257735262,50.403,121.5,0.06897,0.574,4.81003677
1559257735308,50.449,121.5,0.06897,0.574,4.81003677
1559257735354,50.496,121.5,0.06897,0.574,4.81003677
1559257735400,50.542,121.5,0.06897,0.574,4.81003677
1559257735462,50.603,121.5,0.06895,0.573,4.800264525
1559257735508,50.649,121.5,0.06895,0.573,4.800264525
1559257735554,50.695,121.5,0.06895,0.573,4.800264525
1559257735600,50.741,121.5,0.06895,0.573,4.800264525
1559257735662,50.803,121.6,0.06866,0.574,4.792358144
1559257735708,50.85,121.6,0.06866,0.574,4.792358144
1559257735754,50.896,121.6,0.06866,0.574,4.792358144
1559257735801,50.942,121.6,0.06866,0.574,4.792358144
1559257735862,51.003,121.6,0.0693,0.572,4.82017536
1559257735908,51.049,121.6,0.0693,0.572,4.82017536
1559257735954,51.095,121.6,0.0693,0.572,4.82017536
1559257736000,51.142,121.6,0.0693,0.572,4.82017536
1559257736062,51.203,121.5,0.06914,0.572,4.80509172
1559257736109,51.25,121.5,0.06914,0.572,4.80509172
1559257736155,51.296,121.5,0.06914,0.572,4.80509172
1559257736201,51.342,121.5,0.06914,0.572,4.80509172
1559257736262,51.403,121.5,0.06931,0.57,4.80006405
1559257736308,51.45,121.5,0.06931,0.57,4.80006405
1559257736355,51.496,121.5,0.06931,0.57,4.80006405
1559257736401,51.542,121.5,0.06931,0.57,4.80006405
1559257736462,51.603,121.6,0.06947,0.569,4.806657088
1559257736508,51.649,121.6,0.06947,0.569,4.806657088
1559257736554,51.695,121.6,0.06947,0.569,4.806657088
1559257736600,51.742,121.6,0.06947,0.569,4.806657088
1559257736662,51.803,121.6,0.06933,0.57,4.80540096
1559257736707,51.849,121.6,0.06933,0.57,4.80540096
1559257736754,51.895,121.6,0.06933,0.57,4.80540096
1559257736800,51.941,121.6,0.06933,0.57,4.80540096
1559257736862,52.003,121.6,0.06866,0.572,4.775660032
1559257736908,52.049,121.6,0.06866,0.572,4.775660032
1559257736954,52.095,121.6,0.06866,0.572,4.775660032
1559257737000,52.142,121.6,0.06866,0.572,4.775660032
1559257737062,52.203,121.6,0.06899,0.573,4.807002432
1559257737108,52.249,121.6,0.06899,0.573,4.807002432
1559257737154,52.295,121.6,0.06899,0.573,4.807002432
1559257737200,52.341,121.6,0.06899,0.573,4.807002432
1559257737262,52.404,121.6,0.0694,0.57,4.8102528
1559257737309,52.45,121.6,0.0694,0.57,4.8102528
1559257737355,52.496,121.6,0.0694,0.57,4.8102528
1559257737401,52.542,121.6,0.0694,0.57,4.8102528
1559257737462,52.603,121.6,0.06969,0.568,4.813404672
1559257737508,52.649,121.6,0.06969,0.568,4.813404672
1559257737554,52.695,121.6,0.06969,0.568,4.813404672
1559257737599,52.74,121.6,0.06969,0.568,4.813404672
1559257737663,52.804,121.6,0.06931,0.571,4.812442816
1559257737707,52.848,121.6,0.06931,0.571,4.812442816
1559257737753,52.894,121.6,0.06931,0.571,4.812442816
1559257737798,52.939,121.6,0.06931,0.571,4.812442816
1559257737862,53.003,121.6,0.06938,0.572,4.825739776
1559257737906,53.048,121.6,0.06938,0.572,4.825739776
1559257737952,53.093,121.6,0.06938,0.572,4.825739776
1559257737997,53.138,121.6,0.06938,0.572,4.825739776
1559257738062,53.203,121.6,0.06904,0.573,4.810486272
1559257738107,53.248,121.6,0.06904,0.573,4.810486272
1559257738153,53.294,121.6,0.06904,0.573,4.810486272
1559257738199,53.34,121.6,0.06904,0.573,4.810486272
1559257738261,53.402,121.6,0.06924,0.572,4.816002048
1559257738307,53.448,121.6,0.06924,0.572,4.816002048
1559257738353,53.494,121.6,0.06924,0.572,4.816002048
1559257738399,53.54,121.6,0.06924,0.572,4.816002048
1559257738461,53.602,121.6,0.06895,0.574,4.81259968
1559257738508,53.649,121.6,0.06895,0.574,4.81259968
1559257738554,53.695,121.6,0.06895,0.574,4.81259968
1559257738600,53.741,121.6,0.06895,0.574,4.81259968
1559257738662,53.803,121.5,0.06897,0.575,4.818416625
1559257738708,53.849,121.5,0.06897,0.575,4.818416625
1559257738754,53.895,121.5,0.06897,0.575,4.818416625
1559257738800,53.941,121.5,0.06897,0.575,4.818416625
1559257738861,54.002,121.5,0.06957,0.575,4.860334125
1559257738907,54.048,121.5,0.06957,0.575,4.860334125
1559257738954,54.095,121.5,0.06957,0.575,4.860334125
1559257739000,54.141,121.5,0.06957,0.575,4.860334125
1559257739062,54.203,121.5,0.06891,0.575,4.814224875
1559257739109,54.25,121.5,0.06891,0.575,4.814224875
1559257739155,54.296,121.5,0.06891,0.575,4.814224875
1559257739201,54.342,121.5,0.06891,0.575,4.814224875
1559257739262,54.403,121.4,0.0691,0.574,4.81513676
1559257739308,54.449,121.4,0.0691,0.574,4.81513676
1559257739354,54.495,121.4,0.0691,0.574,4.81513676
1559257739400,54.541,121.4,0.0691,0.574,4.81513676
1559257739461,54.602,121.5,0.06895,0.575,4.817019375
1559257739507,54.648,121.5,0.06895,0.575,4.817019375
1559257739553,54.694,121.5,0.06895,0.575,4.817019375
1559257739599,54.741,121.5,0.06895,0.575,4.817019375
1559257739662,54.803,121.5,0.06902,0.574,4.81352382
1559257739708,54.849,121.5,0.06902,0.574,4.81352382
1559257739754,54.895,121.5,0.06902,0.574,4.81352382
1559257739800,54.941,121.5,0.06902,0.574,4.81352382
1559257739862,55.003,121.5,0.06948,0.573,4.83716286
1559257739907,55.048,121.5,0.06948,0.573,4.83716286
1559257739954,55.095,121.5,0.06948,0.573,4.83716286
1559257740000,55.141,121.5,0.06948,0.573,4.83716286
1559257740062,55.203,121.5,0.06859,0.573,4.775201505
1559257740109,55.25,121.5,0.06859,0.573,4.775201505
1559257740155,55.296,121.5,0.06859,0.573,4.775201505
1559257740201,55.342,121.5,0.06859,0.573,4.775201505
1559257740262,55.403,121.5,0.06858,0.574,4.78283778
1559257740308,55.449,121.5,0.06858,0.574,4.78283778
1559257740354,55.495,121.5,0.06858,0.574,4.78283778
1559257740400,55.541,121.5,0.06858,0.574,4.78283778
1559257740461,55.602,121.5,0.06847,0.574,4.77516627
1559257740507,55.648,121.5,0.06847,0.574,4.77516627
1559257740553,55.694,121.5,0.06847,0.574,4.77516627
1559257740599,55.74,121.5,0.06847,0.574,4.77516627
1559257740662,55.803,121.6,0.06825,0.575,4.77204
1559257740708,55.849,121.6,0.06825,0.575,4.77204
1559257740754,55.895,121.6,0.06825,0.575,4.77204
1559257740800,55.941,121.6,0.06825,0.575,4.77204
1559257740861,56.002,121.6,0.06802,0.575,4.7559584
1559257740907,56.048,121.6,0.06802,0.575,4.7559584
1559257740953,56.094,121.6,0.06802,0.575,4.7559584
1559257740999,56.14,121.6,0.06802,0.575,4.7559584
1559257741062,56.203,121.5,0.06868,0.573,4.78146726
1559257741108,56.249,121.5,0.06868,0.573,4.78146726
1559257741154,56.295,121.5,0.06868,0.573,4.78146726
1559257741200,56.341,121.5,0.06868,0.573,4.78146726
1559257741261,56.402,121.6,0.06951,0.571,4.826329536
1559257741307,56.448,121.6,0.06951,0.571,4.826329536
1559257741353,56.494,121.6,0.06951,0.571,4.826329536
1559257741400,56.541,121.6,0.06951,0.571,4.826329536
1559257741462,56.603,121.6,0.06923,0.572,4.815306496
1559257741508,56.649,121.6,0.06923,0.572,4.815306496
1559257741554,56.695,121.6,0.06923,0.572,4.815306496
1559257741600,56.741,121.6,0.06923,0.572,4.815306496
1559257741661,56.802,121.6,0.06887,0.574,4.807015808
1559257741708,56.849,121.6,0.06887,0.574,4.807015808
1559257741754,56.895,121.6,0.06887,0.574,4.807015808
1559257741800,56.941,121.6,0.06887,0.574,4.807015808
1559257741862,57.003,121.7,0.06918,0.572,4.815785832
1559257741908,57.049,121.7,0.06918,0.572,4.815785832
1559257741954,57.095,121.7,0.06918,0.572,4.815785832
1559257742000,57.142,121.7,0.06918,0.572,4.815785832
1559257742062,57.203,121.6,0.06923,0.573,4.823724864
1559257742108,57.249,121.6,0.06923,0.573,4.823724864
1559257742154,57.295,121.6,0.06923,0.573,4.823724864
1559257742200,57.341,121.6,0.06923,0.573,4.823724864
1559257742261,57.402,121.6,0.06966,0.572,4.845215232
1559257742307,57.449,121.6,0.06966,0.572,4.845215232
1559257742354,57.495,121.6,0.06966,0.572,4.845215232
1559257742400,57.541,121.6,0.06966,0.572,4.845215232
1559257742461,57.602,121.6,0.06909,0.573,4.813970112
1559257742507,57.648,121.6,0.06909,0.573,4.813970112
1559257742553,57.694,121.6,0.06909,0.573,4.813970112
1559257742599,57.74,121.6,0.06909,0.573,4.813970112
1559257742662,57.803,121.6,0.06907,0.573,4.812576576
1559257742708,57.849,121.6,0.06907,0.573,4.812576576
1559257742754,57.895,121.6,0.06907,0.573,4.812576576
1559257742800,57.941,121.6,0.06907,0.573,4.812576576
1559257742861,58.002,121.5,0.06935,0.571,4.811260275
1559257742907,58.048,121.5,0.06935,0.571,4.811260275
1559257742953,58.094,121.5,0.06935,0.571,4.811260275
1559257742999,58.14,121.5,0.06935,0.571,4.811260275
1559257743061,58.202,121.5,0.06951,0.571,4.822360515
1559257743107,58.249,121.5,0.06951,0.571,4.822360515
1559257743154,58.295,121.5,0.06951,0.571,4.822360515
1559257743200,58.341,121.5,0.06951,0.571,4.822360515
1559257743261,58.402,121.5,0.07026,0.569,4.85731971
1559257743307,58.448,121.5,0.07026,0.569,4.85731971
1559257743353,58.494,121.5,0.07026,0.569,4.85731971
1559257743399,58.54,121.5,0.07026,0.569,4.85731971
1559257743461,58.602,121.5,0.06929,0.573,4.823935155
1559257743508,58.649,121.5,0.06929,0.573,4.823935155
1559257743553,58.694,121.5,0.06929,0.573,4.823935155
1559257743600,58.741,121.5,0.06929,0.573,4.823935155
1559257743662,58.803,121.5,0.06901,0.575,4.821211125
1559257743708,58.849,121.5,0.06901,0.575,4.821211125
1559257743754,58.895,121.5,0.06901,0.575,4.821211125
1559257743800,58.941,121.5,0.06901,0.575,4.821211125
1559257743861,59.002,121.5,0.06911,0.574,4.81980051
1559257743907,59.048,121.5,0.06911,0.574,4.81980051
1559257743953,59.094,121.5,0.06911,0.574,4.81980051
1559257743999,59.14,121.5,0.06911,0.574,4.81980051
1559257744061,59.202,121.5,0.06907,0.574,4.81701087
1559257744107,59.248,121.5,0.06907,0.574,4.81701087
1559257744153,59.294,121.5,0.06907,0.574,4.81701087
1559257744199,59.34,121.5,0.06907,0.574,4.81701087
1559257744262,59.403,121.5,0.06956,0.576,4.86808704
1559257744308,59.449,121.5,0.06956,0.576,4.86808704
1559257744354,59.495,121.5,0.06956,0.576,4.86808704
1559257744400,59.541,121.5,0.06956,0.576,4.86808704
1559257744461,59.602,121.5,0.06928,0.574,4.83165648
1559257744507,59.648,121.5,0.06928,0.574,4.83165648
1559257744553,59.694,121.5,0.06928,0.574,4.83165648
1559257744599,59.74,121.5,0.06928,0.574,4.83165648
1559257744662,59.803,121.5,0.06891,0.576,4.82259744
1559257744708,59.849,121.5,0.06891,0.576,4.82259744
1559257744755,59.896,121.5,0.06891,0.576,4.82259744
1559257744801,59.942,121.5,0.06891,0.576,4.82259744
1559257744861,60.002,121.5,0.06897,0.575,4.818416625
1559257744907,60.048,121.5,0.06897,0.575,4.818416625
1559257744953,60.094,121.5,0.06897,0.575,4.818416625
1559257744999,60.14,121.5,0.06897,0.575,4.818416625
1559257745061,60.202,121.5,0.0693,0.572,4.8162114
1559257745107,60.248,121.5,0.0693,0.572,4.8162114
1559257745153,60.294,121.5,0.0693,0.572,4.8162114
1559257745199,60.34,121.5,0.0693,0.572,4.8162114
1559257745261,60.402,121.5,0.06952,0.571,4.82305428
1559257745307,60.449,121.5,0.06952,0.571,4.82305428
1559257745354,60.495,121.5,0.06952,0.571,4.82305428
1559257745400,60.541,121.5,0.06952,0.571,4.82305428
1559257745461,60.602,121.6,0.06913,0.573,4.816757184
1559257745507,60.648,121.6,0.06913,0.573,4.816757184
1559257745553,60.694,121.6,0.06913,0.573,4.816757184
1559257745599,60.74,121.6,0.06913,0.573,4.816757184
1559257745661,60.802,121.6,0.06878,0.577,4.825824896
1559257745707,60.848,121.6,0.06878,0.577,4.825824896
1559257745753,60.894,121.6,0.06878,0.577,4.825824896
1559257745799,60.94,121.6,0.06878,0.577,4.825824896
1559257745862,61.003,121.6,0.06873,0.577,4.822316736
1559257745908,61.049,121.6,0.06873,0.577,4.822316736
1559257745954,61.095,121.6,0.06873,0.577,4.822316736
1559257746000,61.141,121.6,0.06873,0.577,4.822316736
1559257746061,61.202,121.6,0.06859,0.576,4.804153344
1559257746107,61.248,121.6,0.06859,0.576,4.804153344
1559257746153,61.294,121.6,0.06859,0.576,4.804153344
1559257746199,61.34,121.6,0.06859,0.576,4.804153344
1559257746261,61.402,121.6,0.06873,0.575,4.8056016
1559257746307,61.449,121.6,0.06873,0.575,4.8056016
1559257746354,61.495,121.6,0.06873,0.575,4.8056016
1559257746400,61.541,121.6,0.06873,0.575,4.8056016
1559257746461,61.602,121.6,0.0703,0.576,4.92392448
1559257746507,61.648,121.6,0.0703,0.576,4.92392448
1559257746553,61.694,121.6,0.0703,0.576,4.92392448
1559257746599,61.74,121.6,0.0703,0.576,4.92392448
1559257746661,61.802,121.6,0.06945,0.576,4.86438912
1559257746706,61.848,121.6,0.06945,0.576,4.86438912
1559257746752,61.894,121.6,0.06945,0.576,4.86438912
1559257746799,61.94,121.6,0.06945,0.576,4.86438912
1559257746861,62.002,121.6,0.06946,0.574,4.848196864
1559257746907,62.048,121.6,0.06946,0.574,4.848196864
1559257746953,62.094,121.6,0.06946,0.574,4.848196864
1559257746999,62.14,121.6,0.06946,0.574,4.848196864
1559257747061,62.202,121.5,0.06991,0.577,4.901075505
1559257747108,62.249,121.5,0.06991,0.577,4.901075505
1559257747154,62.295,121.5,0.06991,0.577,4.901075505
1559257747200,62.341,121.5,0.06991,0.577,4.901075505
1559257747261,62.402,121.5,0.07033,0.574,4.90488453
1559257747307,62.448,121.5,0.07033,0.574,4.90488453
1559257747353,62.494,121.5,0.07033,0.574,4.90488453
1559257747399,62.54,121.5,0.07033,0.574,4.90488453
1559257747460,62.601,121.5,0.07115,0.574,4.96207215
1559257747506,62.647,121.5,0.07115,0.574,4.96207215
1559257747552,62.693,121.5,0.07115,0.574,4.96207215
1559257747598,62.739,121.5,0.07115,0.574,4.96207215
1559257747660,62.801,121.5,0.07079,0.576,4.95416736
1559257747706,62.848,121.5,0.07079,0.576,4.95416736
1559257747752,62.893,121.5,0.07079,0.576,4.95416736
1559257747798,62.939,121.5,0.07079,0.576,4.95416736
1559257747861,63.002,121.5,0.0712,0.574,4.9655592
1559257747907,63.048,121.5,0.0712,0.574,4.9655592
1559257747953,63.094,121.5,0.0712,0.574,4.9655592
1559257748000,63.141,121.5,0.0712,0.574,4.9655592
1559257748061,63.202,121.5,0.07151,0.571,4.961113515
1559257748107,63.248,121.5,0.07151,0.571,4.961113515
1559257748153,63.294,121.5,0.07151,0.571,4.961113515
1559257748199,63.34,121.5,0.07151,0.571,4.961113515
1559257748261,63.402,121.4,0.07204,0.575,5.0287522
1559257748307,63.448,121.4,0.07204,0.575,5.0287522
1559257748353,63.494,121.4,0.07204,0.575,5.0287522
1559257748399,63.54,121.4,0.07204,0.575,5.0287522
1559257748461,63.602,121.5,0.07175,0.577,5.030069625
1559257748507,63.649,121.5,0.07175,0.577,5.030069625
1559257748554,63.695,121.5,0.07175,0.577,5.030069625
1559257748600,63.741,121.5,0.07175,0.577,5.030069625
1559257748661,63.802,121.5,0.07182,0.575,5.01752475
1559257748707,63.848,121.5,0.07182,0.575,5.01752475
1559257748753,63.894,121.5,0.07182,0.575,5.01752475
1559257748799,63.94,121.5,0.07182,0.575,5.01752475
1559257748861,64.002,121.5,0.07793,0.572,5.41597914
1559257748907,64.048,121.5,0.07793,0.572,5.41597914
1559257748953,64.094,121.5,0.07793,0.572,5.41597914
1559257748999,64.14,121.5,0.07793,0.572,5.41597914
1559257749061,64.202,121.5,0.07939,0.572,5.51744622
1559257749107,64.248,121.5,0.07939,0.572,5.51744622
1559257749153,64.294,121.5,0.07939,0.572,5.51744622
1559257749199,64.34,121.5,0.07939,0.572,5.51744622
1559257749262,64.403,121.5,0.08001,0.574,5.57997741
1559257749308,64.449,121.5,0.08001,0.574,5.57997741
1559257749354,64.495,121.5,0.08001,0.574,5.57997741
1559257749400,64.541,121.5,0.08001,0.574,5.57997741
1559257749461,64.602,121.6,0.08008,0.573,5.579718144
1559257749507,64.648,121.6,0.08008,0.573,5.579718144
1559257749554,64.695,121.6,0.08008,0.573,5.579718144
1559257749600,64.741,121.6,0.08008,0.573,5.579718144
1559257749661,64.802,121.6,0.0817,0.571,5.67272512
1559257749707,64.848,121.6,0.0817,0.571,5.67272512
1559257749753,64.894,121.6,0.0817,0.571,5.67272512
1559257749799,64.94,121.6,0.0817,0.571,5.67272512
1559257749861,65.002,121.6,0.08398,0.573,5.851457664
1559257749907,65.048,121.6,0.08398,0.573,5.851457664
1559257749953,65.094,121.6,0.08398,0.573,5.851457664
1559257750000,65.141,121.6,0.08398,0.573,5.851457664
1559257750062,65.203,121.6,0.0778,0.572,5.41139456
1559257750108,65.249,121.6,0.0778,0.572,5.41139456
1559257750154,65.295,121.6,0.0778,0.572,5.41139456
1559257750200,65.341,121.6,0.0778,0.572,5.41139456
1559257750261,65.402,121.6,0.08067,0.571,5.601208512
1559257750307,65.448,121.6,0.08067,0.571,5.601208512
1559257750353,65.494,121.6,0.08067,0.571,5.601208512
1559257750400,65.541,121.6,0.08067,0.571,5.601208512
1559257750462,65.603,121.6,0.09096,0.568,6.282498048
1559257750508,65.649,121.6,0.09096,0.568,6.282498048
1559257750554,65.695,121.6,0.09096,0.568,6.282498048
1559257750600,65.741,121.6,0.09096,0.568,6.282498048
1559257750662,65.803,121.6,0.0928,0.568,6.40958464
1559257750707,65.848,121.6,0.0928,0.568,6.40958464
1559257750753,65.894,121.6,0.0928,0.568,6.40958464
1559257750800,65.941,121.6,0.0928,0.568,6.40958464
1559257750862,66.003,121.6,0.08742,0.567,6.027364224
1559257750908,66.049,121.6,0.08742,0.567,6.027364224
1559257750954,66.095,121.6,0.08742,0.567,6.027364224
1559257751000,66.141,121.6,0.08742,0.567,6.027364224
1559257751061,66.202,121.6,0.07991,0.574,5.577590144
1559257751107,66.248,121.6,0.07991,0.574,5.577590144
1559257751153,66.294,121.6,0.07991,0.574,5.577590144
1559257751200,66.341,121.6,0.07991,0.574,5.577590144
1559257751262,66.403,121.6,0.09007,0.567,6.210074304
1559257751308,66.449,121.6,0.09007,0.567,6.210074304
1559257751354,66.495,121.6,0.09007,0.567,6.210074304
1559257751400,66.541,121.6,0.09007,0.567,6.210074304
1559257751460,66.601,121.5,0.091,0.568,6.280092
1559257751506,66.647,121.5,0.091,0.568,6.280092
1559257751552,66.693,121.5,0.091,0.568,6.280092
1559257751599,66.74,121.5,0.091,0.568,6.280092
1559257751661,66.802,121.6,0.09427,0.563,6.453799616
1559257751707,66.848,121.6,0.09427,0.563,6.453799616
1559257751753,66.894,121.6,0.09427,0.563,6.453799616
1559257751799,66.94,121.6,0.09427,0.563,6.453799616
1559257751860,67.001,121.5,0.0606,0.544,4.0054176
1559257751908,67.049,121.5,0.0606,0.544,4.0054176
1559257751954,67.095,121.5,0.0606,0.544,4.0054176
1559257752000,67.141,121.5,0.0606,0.544,4.0054176
1559257752060,67.201,121.5,0.05256,0.533,3.40375932
1559257752106,67.247,121.5,0.05256,0.533,3.40375932
1559257752152,67.293,121.5,0.05256,0.533,3.40375932
1559257752198,67.339,121.5,0.05256,0.533,3.40375932
1559257752260,67.401,121.5,0.05241,0.532,3.38767758
1559257752306,67.447,121.5,0.05241,0.532,3.38767758
1559257752353,67.494,121.5,0.05241,0.532,3.38767758
1559257752399,67.54,121.5,0.05241,0.532,3.38767758
1559257752461,67.602,121.5,0.05208,0.533,3.37267476
1559257752511,67.652,121.5,0.05208,0.533,3.37267476
1559257752558,67.699,121.5,0.05208,0.533,3.37267476
1559257752604,67.745,121.5,0.05208,0.533,3.37267476
1559257752660,67.801,121.5,0.0522,0.531,3.3677613
1559257752706,67.847,121.5,0.0522,0.531,3.3677613
1559257752752,67.893,121.5,0.0522,0.531,3.3677613
1559257752798,67.939,121.5,0.0522,0.531,3.3677613
1559257752861,68.002,121.5,0.05217,0.53,3.35948715
1559257752907,68.048,121.5,0.05217,0.53,3.35948715
1559257752953,68.094,121.5,0.05217,0.53,3.35948715
1559257752999,68.14,121.5,0.05217,0.53,3.35948715
1559257753061,68.202,121.5,0.0518,0.532,3.3482484
1559257753107,68.248,121.5,0.0518,0.532,3.3482484
1559257753153,68.294,121.5,0.0518,0.532,3.3482484
1559257753199,68.34,121.5,0.0518,0.532,3.3482484
1559257753260,68.401,121.5,0.05189,0.532,3.35406582
1559257753307,68.448,121.5,0.05189,0.532,3.35406582
1559257753353,68.494,121.5,0.05189,0.532,3.35406582
1559257753399,68.54,121.5,0.05189,0.532,3.35406582
1559257753460,68.601,121.5,0.05167,0.533,3.346123365
1559257753506,68.647,121.5,0.05167,0.533,3.346123365
1559257753552,68.693,121.5,0.05167,0.533,3.346123365
1559257753598,68.739,121.5,0.05167,0.533,3.346123365
1559257753660,68.801,121.6,0.0516,0.533,3.34434048
1559257753707,68.848,121.6,0.0516,0.533,3.34434048
1559257753756,68.897,121.6,0.0516,0.533,3.34434048
