# Thu May 30 19:45:52 2019
abstime,time_stamp,volt,curr,pf,mul
1559270752108,0.096,122.2,0.06482,0.559,4.427841236
1559270752156,0.144,122.2,0.06482,0.559,4.427841236
1559270752202,0.19,122.2,0.06482,0.559,4.427841236
1559270752248,0.236,122.2,0.06482,0.559,4.427841236
1559270752302,0.29,122.2,0.06592,0.562,4.527148288
1559270752348,0.336,122.2,0.06592,0.562,4.527148288
1559270752394,0.382,122.2,0.06592,0.562,4.527148288
1559270752439,0.427,122.2,0.06592,0.562,4.527148288
1559270752503,0.491,122.2,0.0653,0.562,4.48456892
1559270752548,0.536,122.2,0.0653,0.562,4.48456892
1559270752594,0.582,122.2,0.0653,0.562,4.48456892
1559270752639,0.627,122.2,0.0653,0.562,4.48456892
1559270752702,0.69,122.2,0.06538,0.563,4.498052468
1559270752748,0.736,122.2,0.06538,0.563,4.498052468
1559270752794,0.782,122.2,0.06538,0.563,4.498052468
1559270752840,0.828,122.2,0.06538,0.563,4.498052468
1559270752903,0.891,122.1,0.06573,0.56,4.49435448
1559270752949,0.937,122.1,0.06573,0.56,4.49435448
1559270752995,0.983,122.1,0.06573,0.56,4.49435448
1559270753041,1.029,122.1,0.06573,0.56,4.49435448
1559270753103,1.091,122.1,0.06579,0.559,4.490424081
1559270753149,1.137,122.1,0.06579,0.559,4.490424081
1559270753195,1.183,122.1,0.06579,0.559,4.490424081
1559270753241,1.229,122.1,0.06579,0.559,4.490424081
1559270753302,1.29,122.2,0.06587,0.56,4.50761584
1559270753348,1.337,122.2,0.06587,0.56,4.50761584
1559270753394,1.382,122.2,0.06587,0.56,4.50761584
1559270753441,1.429,122.2,0.06587,0.56,4.50761584
1559270753503,1.491,122.2,0.06615,0.56,4.5267768
1559270753549,1.537,122.2,0.06615,0.56,4.5267768
1559270753595,1.583,122.2,0.06615,0.56,4.5267768
1559270753641,1.629,122.2,0.06615,0.56,4.5267768
1559270753702,1.69,122.2,0.06594,0.56,4.51240608
1559270753748,1.737,122.2,0.06594,0.56,4.51240608
1559270753795,1.783,122.2,0.06594,0.56,4.51240608
1559270753841,1.829,122.2,0.06594,0.56,4.51240608
1559270753903,1.891,122.2,0.06584,0.56,4.50556288
1559270753949,1.937,122.2,0.06584,0.56,4.50556288
1559270753995,1.984,122.2,0.06584,0.56,4.50556288
1559270754041,2.03,122.2,0.06584,0.56,4.50556288
1559270754102,2.091,122.2,0.06597,0.559,4.506397506
1559270754149,2.137,122.2,0.06597,0.559,4.506397506
1559270754195,2.183,122.2,0.06597,0.559,4.506397506
1559270754241,2.229,122.2,0.06597,0.559,4.506397506
1559270754303,2.291,122.2,0.06618,0.561,4.536916956
1559270754349,2.337,122.2,0.06618,0.561,4.536916956
1559270754395,2.384,122.2,0.06618,0.561,4.536916956
1559270754442,2.43,122.2,0.06618,0.561,4.536916956
1559270754503,2.491,122.2,0.06513,0.561,4.464935046
1559270754549,2.537,122.2,0.06513,0.561,4.464935046
1559270754595,2.583,122.2,0.06513,0.561,4.464935046
1559270754641,2.629,122.2,0.06513,0.561,4.464935046
1559270754702,2.69,122.2,0.06528,0.56,4.46724096
1559270754748,2.736,122.2,0.06528,0.56,4.46724096
1559270754794,2.782,122.2,0.06528,0.56,4.46724096
1559270754840,2.828,122.2,0.06528,0.56,4.46724096
1559270754903,2.891,122.2,0.06618,0.559,4.520742564
1559270754949,2.937,122.2,0.06618,0.559,4.520742564
1559270754995,2.983,122.2,0.06618,0.559,4.520742564
1559270755041,3.029,122.2,0.06618,0.559,4.520742564
1559270755102,3.09,122.2,0.06638,0.559,4.534404524
1559270755148,3.136,122.2,0.06638,0.559,4.534404524
1559270755194,3.182,122.2,0.06638,0.559,4.534404524
1559270755240,3.228,122.2,0.06638,0.559,4.534404524
1559270755303,3.291,122.2,0.06578,0.561,4.509495276
1559270755349,3.337,122.2,0.06578,0.561,4.509495276
1559270755395,3.383,122.2,0.06578,0.561,4.509495276
1559270755441,3.429,122.2,0.06578,0.561,4.509495276
1559270755502,3.49,122.2,0.06569,0.561,4.503325398
1559270755548,3.536,122.2,0.06569,0.561,4.503325398
1559270755594,3.582,122.2,0.06569,0.561,4.503325398
1559270755640,3.628,122.2,0.06569,0.561,4.503325398
1559270755703,3.691,122.2,0.06567,0.562,4.509979188
1559270755749,3.737,122.2,0.06567,0.562,4.509979188
1559270755795,3.783,122.2,0.06567,0.562,4.509979188
1559270755841,3.829,122.2,0.06567,0.562,4.509979188
1559270755902,3.89,122.2,0.06599,0.561,4.523891658
1559270755948,3.936,122.2,0.06599,0.561,4.523891658
1559270755994,3.982,122.2,0.06599,0.561,4.523891658
1559270756041,4.029,122.2,0.06599,0.561,4.523891658
1559270756103,4.091,122.2,0.066,0.561,4.5245772
1559270756149,4.137,122.2,0.066,0.561,4.5245772
1559270756195,4.183,122.2,0.066,0.561,4.5245772
1559270756241,4.229,122.2,0.066,0.561,4.5245772
1559270756302,4.29,122.2,0.0658,0.561,4.51086636
1559270756348,4.336,122.2,0.0658,0.561,4.51086636
1559270756394,4.382,122.2,0.0658,0.561,4.51086636
1559270756440,4.428,122.2,0.0658,0.561,4.51086636
1559270756502,4.49,122.2,0.06579,0.562,4.518220356
1559270756548,4.536,122.2,0.06579,0.562,4.518220356
1559270756595,4.583,122.2,0.06579,0.562,4.518220356
1559270756641,4.629,122.2,0.06579,0.562,4.518220356
1559270756703,4.691,122.2,0.06577,0.561,4.508809734
1559270756749,4.737,122.2,0.06577,0.561,4.508809734
1559270756795,4.783,122.2,0.06577,0.561,4.508809734
1559270756841,4.83,122.2,0.06577,0.561,4.508809734
1559270756903,4.891,122.2,0.06592,0.56,4.51103744
1559270756949,4.937,122.2,0.06592,0.56,4.51103744
1559270756995,4.983,122.2,0.06592,0.56,4.51103744
1559270757041,5.029,122.2,0.06592,0.56,4.51103744
1559270757102,5.091,122.1,0.06622,0.561,4.535944182
1559270757149,5.137,122.1,0.06622,0.561,4.535944182
1559270757195,5.183,122.1,0.06622,0.561,4.535944182
1559270757241,5.229,122.1,0.06622,0.561,4.535944182
1559270757302,5.29,122.2,0.06511,0.56,4.45560752
1559270757348,5.336,122.2,0.06511,0.56,4.45560752
1559270757394,5.382,122.2,0.06511,0.56,4.45560752
1559270757440,5.428,122.2,0.06511,0.56,4.45560752
1559270757502,5.49,122.2,0.06517,0.562,4.475640988
1559270757549,5.537,122.2,0.06517,0.562,4.475640988
1559270757595,5.583,122.2,0.06517,0.562,4.475640988
1559270757641,5.629,122.2,0.06517,0.562,4.475640988
1559270757702,5.69,122.2,0.06569,0.56,4.49529808
1559270757748,5.736,122.2,0.06569,0.56,4.49529808
1559270757794,5.782,122.2,0.06569,0.56,4.49529808
1559270757840,5.828,122.2,0.06569,0.56,4.49529808
1559270757902,5.891,122.2,0.06622,0.56,4.53156704
1559270757949,5.937,122.2,0.06622,0.56,4.53156704
1559270757995,5.983,122.2,0.06622,0.56,4.53156704
1559270758041,6.029,122.2,0.06622,0.56,4.53156704
1559270758102,6.09,122.1,0.066,0.561,4.5208746
1559270758147,6.136,122.1,0.066,0.561,4.5208746
1559270758194,6.182,122.1,0.066,0.561,4.5208746
1559270758240,6.228,122.1,0.066,0.561,4.5208746
1559270758302,6.29,122.2,0.06582,0.562,4.520280648
1559270758348,6.336,122.2,0.06582,0.562,4.520280648
1559270758394,6.382,122.2,0.06582,0.562,4.520280648
1559270758440,6.429,122.2,0.06582,0.562,4.520280648
1559270758502,6.49,122.2,0.06582,0.561,4.512237444
1559270758548,6.536,122.2,0.06582,0.561,4.512237444
1559270758594,6.582,122.2,0.06582,0.561,4.512237444
1559270758640,6.628,122.2,0.06582,0.561,4.512237444
1559270758702,6.69,122.2,0.06612,0.559,4.516643976
1559270758748,6.736,122.2,0.06612,0.559,4.516643976
1559270758794,6.782,122.2,0.06612,0.559,4.516643976
1559270758840,6.828,122.2,0.06612,0.559,4.516643976
1559270758903,6.891,122.2,0.06572,0.56,4.49735104
1559270758949,6.937,122.2,0.06572,0.56,4.49735104
1559270758995,6.983,122.2,0.06572,0.56,4.49735104
1559270759041,7.029,122.2,0.06572,0.56,4.49735104
1559270759102,7.09,122.2,0.06615,0.56,4.5267768
1559270759148,7.136,122.2,0.06615,0.56,4.5267768
1559270759194,7.182,122.2,0.06615,0.56,4.5267768
1559270759241,7.229,122.2,0.06615,0.56,4.5267768
1559270759302,7.29,122.1,0.06593,0.56,4.50802968
1559270759348,7.336,122.1,0.06593,0.56,4.50802968
1559270759394,7.382,122.1,0.06593,0.56,4.50802968
1559270759440,7.428,122.1,0.06593,0.56,4.50802968
1559270759502,7.49,122.2,0.06636,0.559,4.533038328
1559270759548,7.536,122.2,0.06636,0.559,4.533038328
1559270759594,7.582,122.2,0.06636,0.559,4.533038328
1559270759640,7.628,122.2,0.06636,0.559,4.533038328
1559270759703,7.691,122.2,0.06595,0.56,4.5130904
1559270759749,7.737,122.2,0.06595,0.56,4.5130904
1559270759795,7.783,122.2,0.06595,0.56,4.5130904
1559270759841,7.829,122.2,0.06595,0.56,4.5130904
1559270759903,7.891,122.2,0.06629,0.56,4.53635728
1559270759949,7.937,122.2,0.06629,0.56,4.53635728
1559270759995,7.983,122.2,0.06629,0.56,4.53635728
1559270760041,8.029,122.2,0.06629,0.56,4.53635728
1559270760102,8.09,122.1,0.06616,0.561,4.531834296
1559270760152,8.14,122.1,0.06616,0.561,4.531834296
1559270760197,8.185,122.1,0.06616,0.561,4.531834296
1559270760243,8.231,122.1,0.06616,0.561,4.531834296
1559270760302,8.29,122.1,0.06607,0.561,4.525669467
1559270760348,8.336,122.1,0.06607,0.561,4.525669467
1559270760394,8.382,122.1,0.06607,0.561,4.525669467
1559270760440,8.428,122.1,0.06607,0.561,4.525669467
1559270760503,8.491,122.2,0.06605,0.559,4.51186229
1559270760549,8.537,122.2,0.06605,0.559,4.51186229
1559270760595,8.583,122.2,0.06605,0.559,4.51186229
1559270760641,8.629,122.2,0.06605,0.559,4.51186229
1559270760702,8.69,122.2,0.06575,0.563,4.52350795
1559270760748,8.736,122.2,0.06575,0.563,4.52350795
1559270760794,8.782,122.2,0.06575,0.563,4.52350795
1559270760840,8.828,122.2,0.06575,0.563,4.52350795
1559270760902,8.89,122.2,0.06554,0.564,4.517069232
1559270760947,8.935,122.2,0.06554,0.564,4.517069232
1559270760994,8.982,122.2,0.06554,0.564,4.517069232
1559270761040,9.028,122.2,0.06554,0.564,4.517069232
1559270761102,9.09,122.1,0.06588,0.562,4.520698776
1559270761148,9.136,122.1,0.06588,0.562,4.520698776
1559270761194,9.182,122.1,0.06588,0.562,4.520698776
1559270761240,9.228,122.1,0.06588,0.562,4.520698776
1559270761302,9.29,122.1,0.06655,0.56,4.5504228
1559270761348,9.336,122.1,0.06655,0.56,4.5504228
1559270761394,9.382,122.1,0.06655,0.56,4.5504228
1559270761440,9.428,122.1,0.06655,0.56,4.5504228
1559270761502,9.49,122.2,0.06652,0.56,4.55209664
1559270761548,9.536,122.2,0.06652,0.56,4.55209664
1559270761595,9.583,122.2,0.06652,0.56,4.55209664
1559270761641,9.629,122.2,0.06652,0.56,4.55209664
1559270761702,9.69,122.2,0.06626,0.563,4.558595236
1559270761748,9.736,122.2,0.06626,0.563,4.558595236
1559270761794,9.782,122.2,0.06626,0.563,4.558595236
1559270761840,9.828,122.2,0.06626,0.563,4.558595236
1559270761901,9.889,122.2,0.06692,0.563,4.604002312
1559270761947,9.935,122.2,0.06692,0.563,4.604002312
1559270761994,9.982,122.2,0.06692,0.563,4.604002312
1559270762040,10.028,122.2,0.06692,0.563,4.604002312
1559270762102,10.09,122.1,0.0672,0.561,4.60307232
1559270762148,10.136,122.1,0.0672,0.561,4.60307232
1559270762195,10.183,122.1,0.0672,0.561,4.60307232
1559270762241,10.229,122.1,0.0672,0.561,4.60307232
1559270762302,10.29,122.1,0.06652,0.561,4.556493612
1559270762348,10.336,122.1,0.06652,0.561,4.556493612
1559270762394,10.382,122.1,0.06652,0.561,4.556493612
1559270762440,10.428,122.1,0.06652,0.561,4.556493612
1559270762501,10.489,122.2,0.06617,0.56,4.52814544
1559270762547,10.535,122.2,0.06617,0.56,4.52814544
1559270762593,10.581,122.2,0.06617,0.56,4.52814544
1559270762639,10.627,122.2,0.06617,0.56,4.52814544
1559270762702,10.69,122.2,0.06582,0.561,4.512237444
1559270762759,10.747,122.2,0.06582,0.561,4.512237444
1559270762805,10.793,122.2,0.06582,0.561,4.512237444
1559270762851,10.839,122.2,0.06582,0.561,4.512237444
1559270762901,10.889,122.2,0.06626,0.56,4.53430432
1559270762947,10.935,122.2,0.06626,0.56,4.53430432
1559270762993,10.981,122.2,0.06626,0.56,4.53430432
1559270763038,11.026,122.2,0.06626,0.56,4.53430432
1559270763102,11.09,122.2,0.06629,0.559,4.528256642
1559270763148,11.136,122.2,0.06629,0.559,4.528256642
1559270763194,11.182,122.2,0.06629,0.559,4.528256642
1559270763240,11.228,122.2,0.06629,0.559,4.528256642
1559270763302,11.29,122.2,0.06589,0.559,4.500932722
1559270763348,11.336,122.2,0.06589,0.559,4.500932722
1559270763393,11.381,122.2,0.06589,0.559,4.500932722
1559270763439,11.427,122.2,0.06589,0.559,4.500932722
1559270763501,11.489,122.2,0.06605,0.558,4.50379098
1559270763547,11.535,122.2,0.06605,0.558,4.50379098
1559270763593,11.581,122.2,0.06605,0.558,4.50379098
1559270763640,11.628,122.2,0.06605,0.558,4.50379098
1559270763702,11.69,122.2,0.06612,0.563,4.548963432
1559270763748,11.736,122.2,0.06612,0.563,4.548963432
1559270763794,11.782,122.2,0.06612,0.563,4.548963432
1559270763840,11.828,122.2,0.06612,0.563,4.548963432
1559270763901,11.889,122.2,0.06572,0.563,4.521443992
1559270763947,11.935,122.2,0.06572,0.563,4.521443992
1559270763993,11.981,122.2,0.06572,0.563,4.521443992
1559270764039,12.027,122.2,0.06572,0.563,4.521443992
1559270764102,12.09,122.2,0.0658,0.563,4.52694788
1559270764148,12.136,122.2,0.0658,0.563,4.52694788
1559270764194,12.182,122.2,0.0658,0.563,4.52694788
1559270764240,12.228,122.2,0.0658,0.563,4.52694788
1559270764301,12.289,122.2,0.06591,0.562,4.526461524
1559270764347,12.335,122.2,0.06591,0.562,4.526461524
1559270764393,12.381,122.2,0.06591,0.562,4.526461524
1559270764439,12.427,122.2,0.06591,0.562,4.526461524
1559270764502,12.49,122.2,0.06602,0.561,4.525948284
1559270764548,12.536,122.2,0.06602,0.561,4.525948284
1559270764594,12.582,122.2,0.06602,0.561,4.525948284
1559270764640,12.628,122.2,0.06602,0.561,4.525948284
1559270764701,12.689,122.2,0.06586,0.561,4.514979612
1559270764747,12.735,122.2,0.06586,0.561,4.514979612
1559270764793,12.781,122.2,0.06586,0.561,4.514979612
1559270764839,12.827,122.2,0.06586,0.561,4.514979612
1559270764902,12.89,122.2,0.06587,0.561,4.515665154
1559270764948,12.936,122.2,0.06587,0.561,4.515665154
1559270764994,12.982,122.2,0.06587,0.561,4.515665154
1559270765040,13.028,122.2,0.06587,0.561,4.515665154
1559270765101,13.089,122.1,0.06618,0.561,4.533204258
1559270765147,13.135,122.1,0.06618,0.561,4.533204258
1559270765193,13.181,122.1,0.06618,0.561,4.533204258
1559270765239,13.227,122.1,0.06618,0.561,4.533204258
1559270765301,13.289,122.1,0.06601,0.561,4.521559581
1559270765347,13.335,122.1,0.06601,0.561,4.521559581
1559270765393,13.381,122.1,0.06601,0.561,4.521559581
1559270765439,13.427,122.1,0.06601,0.561,4.521559581
1559270765502,13.49,122.2,0.06588,0.561,4.516350696
1559270765548,13.536,122.2,0.06588,0.561,4.516350696
1559270765593,13.581,122.2,0.06588,0.561,4.516350696
1559270765640,13.628,122.2,0.06588,0.561,4.516350696
1559270765702,13.69,122.2,0.0658,0.562,4.51890712
1559270765748,13.736,122.2,0.0658,0.562,4.51890712
1559270765794,13.782,122.2,0.0658,0.562,4.51890712
1559270765840,13.828,122.2,0.0658,0.562,4.51890712
1559270765901,13.889,122.2,0.06572,0.563,4.521443992
1559270765947,13.935,122.2,0.06572,0.563,4.521443992
1559270765993,13.981,122.2,0.06572,0.563,4.521443992
1559270766039,14.027,122.2,0.06572,0.563,4.521443992
1559270766102,14.09,122.2,0.06588,0.562,4.524401232
1559270766148,14.136,122.2,0.06588,0.562,4.524401232
1559270766194,14.182,122.2,0.06588,0.562,4.524401232
1559270766240,14.228,122.2,0.06588,0.562,4.524401232
1559270766302,14.29,122.2,0.0659,0.562,4.52577476
1559270766348,14.336,122.2,0.0659,0.562,4.52577476
1559270766394,14.382,122.2,0.0659,0.562,4.52577476
1559270766440,14.428,122.2,0.0659,0.562,4.52577476
1559270766501,14.489,122.2,0.0661,0.562,4.53951004
1559270766547,14.535,122.2,0.0661,0.562,4.53951004
1559270766593,14.581,122.2,0.0661,0.562,4.53951004
1559270766639,14.627,122.2,0.0661,0.562,4.53951004
1559270766701,14.689,122.2,0.06576,0.562,4.516160064
1559270766748,14.736,122.2,0.06576,0.562,4.516160064
1559270766794,14.782,122.2,0.06576,0.562,4.516160064
1559270766840,14.828,122.2,0.06576,0.562,4.516160064
1559270766901,14.889,122.2,0.06575,0.563,4.52350795
1559270766947,14.935,122.2,0.06575,0.563,4.52350795
1559270766993,14.981,122.2,0.06575,0.563,4.52350795
1559270767039,15.027,122.2,0.06575,0.563,4.52350795
1559270767102,15.09,122.1,0.06593,0.562,4.524129786
1559270767147,15.135,122.1,0.06593,0.562,4.524129786
1559270767194,15.182,122.1,0.06593,0.562,4.524129786
1559270767240,15.228,122.1,0.06593,0.562,4.524129786
1559270767301,15.289,122.1,0.06569,0.563,4.515681687
1559270767347,15.335,122.1,0.06569,0.563,4.515681687
1559270767393,15.381,122.1,0.06569,0.563,4.515681687
1559270767439,15.427,122.1,0.06569,0.563,4.515681687
1559270767501,15.489,122.2,0.06604,0.563,4.543459544
1559270767548,15.536,122.2,0.06604,0.563,4.543459544
1559270767594,15.582,122.2,0.06604,0.563,4.543459544
1559270767640,15.628,122.2,0.06604,0.563,4.543459544
1559270767701,15.689,122.2,0.06582,0.564,4.536367056
1559270767747,15.735,122.2,0.06582,0.564,4.536367056
1559270767793,15.781,122.2,0.06582,0.564,4.536367056
1559270767839,15.827,122.2,0.06582,0.564,4.536367056
1559270767901,15.889,122.2,0.06575,0.563,4.52350795
1559270767947,15.935,122.2,0.06575,0.563,4.52350795
1559270767996,15.984,122.2,0.06575,0.563,4.52350795
1559270768042,16.03,122.2,0.06575,0.563,4.52350795
1559270768102,16.09,122.1,0.06608,0.562,4.534422816
1559270768147,16.135,122.1,0.06608,0.562,4.534422816
1559270768193,16.181,122.1,0.06608,0.562,4.534422816
1559270768238,16.226,122.1,0.06608,0.562,4.534422816
1559270768301,16.289,122.1,0.06587,0.562,4.520012574
1559270768347,16.335,122.1,0.06587,0.562,4.520012574
1559270768392,16.38,122.1,0.06587,0.562,4.520012574
1559270768437,16.425,122.1,0.06587,0.562,4.520012574
1559270768501,16.489,122.2,0.06592,0.562,4.527148288
1559270768547,16.535,122.2,0.06592,0.562,4.527148288
1559270768593,16.581,122.2,0.06592,0.562,4.527148288
1559270768638,16.626,122.2,0.06592,0.562,4.527148288
1559270768701,16.689,122.2,0.06599,0.561,4.523891658
1559270768747,16.735,122.2,0.06599,0.561,4.523891658
1559270768793,16.781,122.2,0.06599,0.561,4.523891658
1559270768839,16.827,122.2,0.06599,0.561,4.523891658
1559270768901,16.889,122.2,0.0659,0.561,4.51772178
1559270768947,16.935,122.2,0.0659,0.561,4.51772178
1559270768994,16.982,122.2,0.0659,0.561,4.51772178
1559270769040,17.028,122.2,0.0659,0.561,4.51772178
1559270769101,17.089,122.1,0.06612,0.562,4.537167624
1559270769147,17.135,122.1,0.06612,0.562,4.537167624
1559270769193,17.181,122.1,0.06612,0.562,4.537167624
1559270769239,17.227,122.1,0.06612,0.562,4.537167624
1559270769302,17.29,122.1,0.06638,0.561,4.546903878
1559270769349,17.337,122.1,0.06638,0.561,4.546903878
1559270769395,17.383,122.1,0.06638,0.561,4.546903878
1559270769441,17.429,122.1,0.06638,0.561,4.546903878
1559270769501,17.489,122.2,0.06596,0.562,4.529895344
1559270769547,17.535,122.2,0.06596,0.562,4.529895344
1559270769593,17.581,122.2,0.06596,0.562,4.529895344
1559270769639,17.627,122.2,0.06596,0.562,4.529895344
1559270769701,17.689,122.2,0.06576,0.563,4.524195936
1559270769747,17.735,122.2,0.06576,0.563,4.524195936
1559270769793,17.781,122.2,0.06576,0.563,4.524195936
1559270769839,17.827,122.2,0.06576,0.563,4.524195936
1559270769901,17.889,122.2,0.06582,0.562,4.520280648
1559270769946,17.934,122.2,0.06582,0.562,4.520280648
1559270769993,17.981,122.2,0.06582,0.562,4.520280648
1559270770039,18.027,122.2,0.06582,0.562,4.520280648
1559270770101,18.089,122.2,0.06589,0.562,4.525087996
1559270770147,18.135,122.2,0.06589,0.562,4.525087996
1559270770193,18.181,122.2,0.06589,0.562,4.525087996
1559270770239,18.227,122.2,0.06589,0.562,4.525087996
1559270770301,18.289,122.1,0.06594,0.561,4.516764714
1559270770348,18.336,122.1,0.06594,0.561,4.516764714
1559270770394,18.382,122.1,0.06594,0.561,4.516764714
1559270770440,18.428,122.1,0.06594,0.561,4.516764714
1559270770501,18.489,122.1,0.06586,0.562,4.519326372
1559270770547,18.535,122.1,0.06586,0.562,4.519326372
1559270770593,18.581,122.1,0.06586,0.562,4.519326372
1559270770639,18.627,122.1,0.06586,0.562,4.519326372
1559270770701,18.689,122.2,0.06612,0.561,4.532803704
1559270770747,18.735,122.2,0.06612,0.561,4.532803704
1559270770793,18.781,122.2,0.06612,0.561,4.532803704
1559270770839,18.827,122.2,0.06612,0.561,4.532803704
1559270770900,18.888,122.2,0.06608,0.559,4.513911584
1559270770946,18.934,122.2,0.06608,0.559,4.513911584
1559270770992,18.98,122.2,0.06608,0.559,4.513911584
1559270771038,19.026,122.2,0.06608,0.559,4.513911584
1559270771101,19.089,122.1,0.06636,0.558,4.521226248
1559270771147,19.135,122.1,0.06636,0.558,4.521226248
1559270771193,19.181,122.1,0.06636,0.558,4.521226248
1559270771239,19.227,122.1,0.06636,0.558,4.521226248
1559270771301,19.289,122.1,0.06609,0.561,4.527039429
1559270771347,19.335,122.1,0.06609,0.561,4.527039429
1559270771393,19.381,122.1,0.06609,0.561,4.527039429
1559270771440,19.428,122.1,0.06609,0.561,4.527039429
1559270771501,19.489,122.2,0.06589,0.562,4.525087996
1559270771547,19.535,122.2,0.06589,0.562,4.525087996
1559270771593,19.581,122.2,0.06589,0.562,4.525087996
1559270771639,19.627,122.2,0.06589,0.562,4.525087996
1559270771702,19.69,122.2,0.06605,0.563,4.54414753
1559270771748,19.736,122.2,0.06605,0.563,4.54414753
1559270771795,19.783,122.2,0.06605,0.563,4.54414753
1559270771841,19.829,122.2,0.06605,0.563,4.54414753
1559270771902,19.89,122.2,0.06589,0.562,4.525087996
1559270771948,19.936,122.2,0.06589,0.562,4.525087996
1559270771994,19.982,122.2,0.06589,0.562,4.525087996
1559270772040,20.028,122.2,0.06589,0.562,4.525087996
1559270772102,20.09,122.1,0.06601,0.561,4.521559581
1559270772147,20.135,122.1,0.06601,0.561,4.521559581
1559270772193,20.181,122.1,0.06601,0.561,4.521559581
1559270772240,20.228,122.1,0.06601,0.561,4.521559581
1559270772302,20.29,122.1,0.06595,0.562,4.52550219
1559270772348,20.336,122.1,0.06595,0.562,4.52550219
1559270772394,20.382,122.1,0.06595,0.562,4.52550219
1559270772441,20.429,122.1,0.06595,0.562,4.52550219
1559270772502,20.49,122.2,0.06614,0.561,4.534174788
1559270772548,20.536,122.2,0.06614,0.561,4.534174788
1559270772594,20.582,122.2,0.06614,0.561,4.534174788
1559270772640,20.628,122.2,0.06614,0.561,4.534174788
1559270772701,20.689,122.2,0.06648,0.561,4.557483216
1559270772747,20.735,122.2,0.06648,0.561,4.557483216
1559270772793,20.781,122.2,0.06648,0.561,4.557483216
1559270772839,20.827,122.2,0.06648,0.561,4.557483216
1559270772902,20.89,122.2,0.0661,0.561,4.53143262
1559270772948,20.936,122.2,0.0661,0.561,4.53143262
1559270772994,20.982,122.2,0.0661,0.561,4.53143262
1559270773040,21.028,122.2,0.0661,0.561,4.53143262
1559270773102,21.09,122.2,0.06616,0.561,4.535545872
1559270773148,21.136,122.2,0.06616,0.561,4.535545872
1559270773194,21.182,122.2,0.06616,0.561,4.535545872
1559270773240,21.228,122.2,0.06616,0.561,4.535545872
1559270773301,21.289,122.2,0.06595,0.561,4.52114949
1559270773347,21.335,122.2,0.06595,0.561,4.52114949
1559270773393,21.381,122.2,0.06595,0.561,4.52114949
1559270773439,21.427,122.2,0.06595,0.561,4.52114949
1559270773501,21.489,122.2,0.06594,0.561,4.520463948
1559270773548,21.536,122.2,0.06594,0.561,4.520463948
1559270773594,21.582,122.2,0.06594,0.561,4.520463948
1559270773640,21.628,122.2,0.06594,0.561,4.520463948
1559270773701,21.689,122.2,0.06601,0.561,4.525262742
1559270773747,21.735,122.2,0.06601,0.561,4.525262742
1559270773793,21.781,122.2,0.06601,0.561,4.525262742
1559270773839,21.827,122.2,0.06601,0.561,4.525262742
1559270773902,21.89,122.2,0.06629,0.561,4.544457918
1559270773948,21.936,122.2,0.06629,0.561,4.544457918
1559270773994,21.982,122.2,0.06629,0.561,4.544457918
1559270774040,22.028,122.2,0.06629,0.561,4.544457918
1559270774101,22.089,122.2,0.06598,0.561,4.523206116
1559270774147,22.135,122.2,0.06598,0.561,4.523206116
1559270774193,22.181,122.2,0.06598,0.561,4.523206116
1559270774240,22.228,122.2,0.06598,0.561,4.523206116
1559270774301,22.289,122.2,0.06646,0.56,4.54799072
1559270774347,22.335,122.2,0.06646,0.56,4.54799072
1559270774393,22.381,122.2,0.06646,0.56,4.54799072
1559270774439,22.427,122.2,0.06646,0.56,4.54799072
1559270774502,22.49,122.2,0.06616,0.561,4.535545872
1559270774548,22.536,122.2,0.06616,0.561,4.535545872
1559270774594,22.582,122.2,0.06616,0.561,4.535545872
1559270774640,22.628,122.2,0.06616,0.561,4.535545872
1559270774701,22.689,122.2,0.06599,0.561,4.523891658
1559270774747,22.735,122.2,0.06599,0.561,4.523891658
1559270774794,22.782,122.2,0.06599,0.561,4.523891658
1559270774840,22.828,122.2,0.06599,0.561,4.523891658
1559270774901,22.889,122.2,0.06618,0.56,4.52882976
1559270774947,22.935,122.2,0.06618,0.56,4.52882976
1559270774993,22.981,122.2,0.06618,0.56,4.52882976
1559270775039,23.027,122.2,0.06618,0.56,4.52882976
1559270775101,23.089,122.1,0.06602,0.561,4.522244562
1559270775147,23.135,122.1,0.06602,0.561,4.522244562
1559270775193,23.181,122.1,0.06602,0.561,4.522244562
1559270775239,23.227,122.1,0.06602,0.561,4.522244562
1559270775300,23.288,122.1,0.0661,0.561,4.52772441
1559270775346,23.334,122.1,0.0661,0.561,4.52772441
1559270775392,23.38,122.1,0.0661,0.561,4.52772441
1559270775438,23.426,122.1,0.0661,0.561,4.52772441
1559270775501,23.489,122.2,0.06642,0.56,4.54525344
1559270775547,23.535,122.2,0.06642,0.56,4.54525344
1559270775593,23.581,122.2,0.06642,0.56,4.54525344
1559270775639,23.627,122.2,0.06642,0.56,4.54525344
1559270775700,23.688,122.2,0.0663,0.559,4.52893974
1559270775746,23.734,122.2,0.0663,0.559,4.52893974
1559270775793,23.781,122.2,0.0663,0.559,4.52893974
1559270775839,23.827,122.2,0.0663,0.559,4.52893974
1559270775901,23.889,122.2,0.06621,0.56,4.53088272
1559270775947,23.935,122.2,0.06621,0.56,4.53088272
1559270775993,23.981,122.2,0.06621,0.56,4.53088272
1559270776039,24.027,122.2,0.06621,0.56,4.53088272
1559270776100,24.088,122.1,0.06634,0.562,4.552264068
1559270776147,24.135,122.1,0.06634,0.562,4.552264068
1559270776193,24.181,122.1,0.06634,0.562,4.552264068
1559270776239,24.227,122.1,0.06634,0.562,4.552264068
1559270776300,24.288,122.1,0.06626,0.561,4.538684106
1559270776346,24.334,122.1,0.06626,0.561,4.538684106
1559270776392,24.38,122.1,0.06626,0.561,4.538684106
1559270776438,24.426,122.1,0.06626,0.561,4.538684106
1559270776500,24.488,122.1,0.06659,0.561,4.561288479
1559270776546,24.534,122.1,0.06659,0.561,4.561288479
1559270776593,24.581,122.1,0.06659,0.561,4.561288479
1559270776639,24.627,122.1,0.06659,0.561,4.561288479
1559270776700,24.688,122.1,0.06641,0.562,4.557067482
1559270776746,24.734,122.1,0.06641,0.562,4.557067482
1559270776792,24.78,122.1,0.06641,0.562,4.557067482
1559270776838,24.826,122.1,0.06641,0.562,4.557067482
1559270776900,24.888,122.2,0.06636,0.562,4.557365904
1559270776947,24.935,122.2,0.06636,0.562,4.557365904
1559270776993,24.981,122.2,0.06636,0.562,4.557365904
1559270777039,25.027,122.2,0.06636,0.562,4.557365904
1559270777100,25.088,122.1,0.06664,0.562,4.572850128
1559270777146,25.134,122.1,0.06664,0.562,4.572850128
1559270777192,25.18,122.1,0.06664,0.562,4.572850128
1559270777238,25.226,122.1,0.06664,0.562,4.572850128
1559270777301,25.289,122.1,0.06624,0.562,4.545402048
1559270777347,25.335,122.1,0.06624,0.562,4.545402048
1559270777393,25.381,122.1,0.06624,0.562,4.545402048
1559270777439,25.427,122.1,0.06624,0.562,4.545402048
1559270777500,25.488,122.1,0.06664,0.561,4.564713384
1559270777546,25.534,122.1,0.06664,0.561,4.564713384
1559270777592,25.58,122.1,0.06664,0.561,4.564713384
1559270777639,25.627,122.1,0.06664,0.561,4.564713384
1559270777701,25.689,122.2,0.06642,0.561,4.553369964
1559270777747,25.735,122.2,0.06642,0.561,4.553369964
1559270777793,25.781,122.2,0.06642,0.561,4.553369964
1559270777839,25.827,122.2,0.06642,0.561,4.553369964
1559270777900,25.888,122.2,0.06648,0.56,4.54935936
1559270777946,25.934,122.2,0.06648,0.56,4.54935936
1559270777992,25.98,122.2,0.06648,0.56,4.54935936
1559270778038,26.026,122.2,0.06648,0.56,4.54935936
1559270778101,26.089,122.1,0.06611,0.562,4.536481422
1559270778147,26.135,122.1,0.06611,0.562,4.536481422
1559270778193,26.181,122.1,0.06611,0.562,4.536481422
1559270778239,26.227,122.1,0.06611,0.562,4.536481422
1559270778300,26.288,122.1,0.06625,0.561,4.537999125
1559270778346,26.334,122.1,0.06625,0.561,4.537999125
1559270778392,26.38,122.1,0.06625,0.561,4.537999125
1559270778438,26.426,122.1,0.06625,0.561,4.537999125
1559270778500,26.488,122.1,0.0667,0.561,4.56882327
1559270778546,26.534,122.1,0.0667,0.561,4.56882327
1559270778592,26.58,122.1,0.0667,0.561,4.56882327
1559270778638,26.626,122.1,0.0667,0.561,4.56882327
1559270778700,26.688,122.2,0.06607,0.562,4.537449748
1559270778746,26.734,122.2,0.06607,0.562,4.537449748
1559270778792,26.78,122.2,0.06607,0.562,4.537449748
1559270778839,26.827,122.2,0.06607,0.562,4.537449748
1559270778900,26.888,122.2,0.06613,0.561,4.533489246
1559270778946,26.934,122.2,0.06613,0.561,4.533489246
1559270778992,26.98,122.2,0.06613,0.561,4.533489246
1559270779038,27.026,122.2,0.06613,0.561,4.533489246
1559270779100,27.088,122.2,0.06597,0.561,4.522520574
1559270779146,27.134,122.2,0.06597,0.561,4.522520574
1559270779192,27.18,122.2,0.06597,0.561,4.522520574
1559270779239,27.227,122.2,0.06597,0.561,4.522520574
1559270779300,27.288,122.1,0.06637,0.563,4.562426451
1559270779345,27.333,122.1,0.06637,0.563,4.562426451
1559270779392,27.38,122.1,0.06637,0.563,4.562426451
1559270779438,27.426,122.1,0.06637,0.563,4.562426451
1559270779500,27.488,122.2,0.06646,0.562,4.564233544
1559270779546,27.534,122.2,0.06646,0.562,4.564233544
1559270779592,27.58,122.2,0.06646,0.562,4.564233544
1559270779638,27.626,122.2,0.06646,0.562,4.564233544
1559270779700,27.688,122.2,0.06653,0.562,4.569040892
1559270779746,27.734,122.2,0.06653,0.562,4.569040892
1559270779792,27.78,122.2,0.06653,0.562,4.569040892
1559270779838,27.826,122.2,0.06653,0.562,4.569040892
1559270779900,27.888,122.2,0.06652,0.561,4.560225384
1559270779946,27.934,122.2,0.06652,0.561,4.560225384
1559270779992,27.98,122.2,0.06652,0.561,4.560225384
1559270780038,28.026,122.2,0.06652,0.561,4.560225384
1559270780099,28.087,122.1,0.06645,0.56,4.5435852
1559270780146,28.134,122.1,0.06645,0.56,4.5435852
1559270780192,28.18,122.1,0.06645,0.56,4.5435852
1559270780238,28.226,122.1,0.06645,0.56,4.5435852
1559270780300,28.288,122.1,0.06638,0.561,4.546903878
1559270780346,28.334,122.1,0.06638,0.561,4.546903878
1559270780392,28.38,122.1,0.06638,0.561,4.546903878
1559270780438,28.426,122.1,0.06638,0.561,4.546903878
1559270780499,28.487,122.1,0.06639,0.561,4.547588859
1559270780546,28.534,122.1,0.06639,0.561,4.547588859
1559270780592,28.58,122.1,0.06639,0.561,4.547588859
1559270780638,28.626,122.1,0.06639,0.561,4.547588859
1559270780700,28.688,122.1,0.06631,0.56,4.53401256
1559270780746,28.734,122.1,0.06631,0.56,4.53401256
1559270780792,28.78,122.1,0.06631,0.56,4.53401256
1559270780839,28.827,122.1,0.06631,0.56,4.53401256
1559270780899,28.887,122.2,0.06626,0.562,4.550498264
1559270780946,28.934,122.2,0.06626,0.562,4.550498264
1559270780992,28.98,122.2,0.06626,0.562,4.550498264
1559270781038,29.026,122.2,0.06626,0.562,4.550498264
1559270781100,29.088,122.1,0.0665,0.56,4.547004
1559270781146,29.134,122.1,0.0665,0.56,4.547004
1559270781192,29.18,122.1,0.0665,0.56,4.547004
1559270781238,29.226,122.1,0.0665,0.56,4.547004
1559270781299,29.287,122.1,0.06649,0.559,4.538201811
1559270781345,29.333,122.1,0.06649,0.559,4.538201811
1559270781391,29.379,122.1,0.06649,0.559,4.538201811
1559270781437,29.425,122.1,0.06649,0.559,4.538201811
1559270781500,29.488,122.1,0.06636,0.559,4.529328804
1559270781546,29.534,122.1,0.06636,0.559,4.529328804
1559270781592,29.58,122.1,0.06636,0.559,4.529328804
1559270781638,29.626,122.1,0.06636,0.559,4.529328804
1559270781699,29.687,122.2,0.0665,0.559,4.5426017
1559270781745,29.733,122.2,0.0665,0.559,4.5426017
1559270781791,29.779,122.2,0.0665,0.559,4.5426017
1559270781837,29.825,122.2,0.0665,0.559,4.5426017
1559270781900,29.888,122.2,0.06638,0.561,4.550627796
1559270781946,29.934,122.2,0.06638,0.561,4.550627796
1559270781992,29.98,122.2,0.06638,0.561,4.550627796
1559270782038,30.026,122.2,0.06638,0.561,4.550627796
