# Fri May 31 17:08:46 2019
abstime,time_stamp,volt,curr,pf,mul
1559347726993,0.08,122.1,0.0508,0.513,3.18197484
1559347727040,0.127,122.1,0.0508,0.513,3.18197484
1559347727086,0.173,122.1,0.05248,0.518,3.319244544
1559347727132,0.219,122.1,0.05248,0.518,3.319244544
1559347727177,0.264,122.1,0.05248,0.518,3.319244544
1559347727223,0.31,122.1,0.05248,0.518,3.319244544
1559347727268,0.355,122.1,0.05253,0.517,3.315993021
1559347727314,0.401,122.1,0.05253,0.517,3.315993021
1559347727360,0.447,122.1,0.05253,0.517,3.315993021
1559347727406,0.493,122.1,0.05253,0.517,3.315993021
1559347727467,0.554,122.0,0.05105,0.514,3.2012434
1559347727513,0.6,122.0,0.05105,0.514,3.2012434
1559347727559,0.646,122.0,0.05105,0.514,3.2012434
1559347727605,0.692,122.0,0.05105,0.514,3.2012434
1559347727667,0.754,122.0,0.05249,0.519,3.32356182
1559347727713,0.8,122.0,0.05249,0.519,3.32356182
1559347727759,0.846,122.0,0.05249,0.519,3.32356182
1559347727805,0.892,122.0,0.05249,0.519,3.32356182
1559347727867,0.954,122.0,0.05421,0.518,3.42585516
1559347727913,1.0,122.0,0.05421,0.518,3.42585516
1559347727959,1.046,122.0,0.05421,0.518,3.42585516
1559347728005,1.092,122.0,0.05421,0.518,3.42585516
1559347728067,1.154,122.0,0.05475,0.52,3.47334
1559347728114,1.201,122.0,0.05475,0.52,3.47334
1559347728160,1.247,122.0,0.05475,0.52,3.47334
1559347728206,1.293,122.0,0.05475,0.52,3.47334
1559347728267,1.354,122.0,0.05636,0.526,3.61673392
1559347728313,1.4,122.0,0.05636,0.526,3.61673392
1559347728359,1.446,122.0,0.05636,0.526,3.61673392
1559347728405,1.492,122.0,0.05636,0.526,3.61673392
1559347728466,1.553,122.0,0.05627,0.525,3.6040935
1559347728512,1.599,122.0,0.05627,0.525,3.6040935
1559347728558,1.645,122.0,0.05627,0.525,3.6040935
1559347728604,1.691,122.0,0.05627,0.525,3.6040935
1559347728666,1.753,122.0,0.05661,0.525,3.6258705
1559347728712,1.799,122.0,0.05661,0.525,3.6258705
1559347728758,1.845,122.0,0.05661,0.525,3.6258705
1559347728805,1.892,122.0,0.05661,0.525,3.6258705
1559347728867,1.954,122.0,0.05612,0.528,3.61502592
1559347728913,2.0,122.0,0.05612,0.528,3.61502592
1559347728959,2.046,122.0,0.05612,0.528,3.61502592
1559347729005,2.092,122.0,0.05612,0.528,3.61502592
1559347729066,2.153,122.1,0.05601,0.53,3.62457513
1559347729113,2.2,122.1,0.05601,0.53,3.62457513
1559347729158,2.245,122.1,0.05601,0.53,3.62457513
1559347729204,2.291,122.1,0.05601,0.53,3.62457513
1559347729267,2.354,122.0,0.05634,0.526,3.61545048
1559347729313,2.4,122.0,0.05634,0.526,3.61545048
1559347729359,2.446,122.0,0.05634,0.526,3.61545048
1559347729405,2.492,122.0,0.05634,0.526,3.61545048
1559347729466,2.553,122.0,0.05609,0.528,3.61309344
1559347729512,2.599,122.0,0.05609,0.528,3.61309344
1559347729559,2.647,122.0,0.05609,0.528,3.61309344
1559347729605,2.692,122.0,0.05609,0.528,3.61309344
1559347729666,2.753,122.1,0.05628,0.526,3.614560488
1559347729713,2.8,122.1,0.05628,0.526,3.614560488
1559347729759,2.846,122.1,0.05628,0.526,3.614560488
1559347729805,2.892,122.1,0.05628,0.526,3.614560488
1559347729867,2.954,122.1,0.0564,0.525,3.615381
1559347729913,3.0,122.1,0.0564,0.525,3.615381
1559347729959,3.046,122.1,0.0564,0.525,3.615381
1559347730005,3.092,122.1,0.0564,0.525,3.615381
1559347730066,3.153,122.1,0.05592,0.529,3.611923128
1559347730113,3.2,122.1,0.05592,0.529,3.611923128
1559347730159,3.246,122.1,0.05592,0.529,3.611923128
1559347730205,3.292,122.1,0.05592,0.529,3.611923128
1559347730267,3.354,122.1,0.05563,0.535,3.633946305
1559347730313,3.4,122.1,0.05563,0.535,3.633946305
1559347730359,3.446,122.1,0.05563,0.535,3.633946305
1559347730404,3.491,122.1,0.05563,0.535,3.633946305
1559347730466,3.553,122.1,0.05634,0.527,3.625293078
1559347730512,3.599,122.1,0.05634,0.527,3.625293078
1559347730557,3.644,122.1,0.05634,0.527,3.625293078
1559347730603,3.69,122.1,0.05634,0.527,3.625293078
1559347730666,3.753,122.1,0.05612,0.527,3.611136804
1559347730711,3.798,122.1,0.05612,0.527,3.611136804
1559347730757,3.844,122.1,0.05612,0.527,3.611136804
1559347730802,3.889,122.1,0.05612,0.527,3.611136804
1559347730867,3.954,122.1,0.05572,0.532,3.619415184
1559347730912,3.999,122.1,0.05572,0.532,3.619415184
1559347730958,4.045,122.1,0.05572,0.532,3.619415184
1559347731005,4.092,122.1,0.05572,0.532,3.619415184
1559347731067,4.154,122.1,0.05641,0.529,3.643572669
1559347731113,4.2,122.1,0.05641,0.529,3.643572669
1559347731159,4.246,122.1,0.05641,0.529,3.643572669
1559347731203,4.291,122.1,0.05641,0.529,3.643572669
1559347731266,4.353,122.0,0.05628,0.532,3.65279712
1559347731311,4.398,122.0,0.05628,0.532,3.65279712
1559347731356,4.443,122.0,0.05628,0.532,3.65279712
1559347731402,4.489,122.0,0.05628,0.532,3.65279712
1559347731467,4.554,122.0,0.056,0.532,3.634624
1559347731511,4.599,122.0,0.056,0.532,3.634624
1559347731557,4.644,122.0,0.056,0.532,3.634624
1559347731603,4.69,122.0,0.056,0.532,3.634624
1559347731667,4.754,122.0,0.05596,0.533,3.63885496
1559347731712,4.799,122.0,0.05596,0.533,3.63885496
1559347731758,4.845,122.0,0.05596,0.533,3.63885496
1559347731804,4.891,122.0,0.05596,0.533,3.63885496
1559347731866,4.953,122.0,0.05587,0.531,3.61937034
1559347731912,4.999,122.0,0.05587,0.531,3.61937034
1559347731958,5.045,122.0,0.05587,0.531,3.61937034
1559347732004,5.091,122.0,0.05587,0.531,3.61937034
1559347732067,5.154,122.0,0.05581,0.531,3.61548342
1559347732113,5.2,122.0,0.05581,0.531,3.61548342
1559347732159,5.246,122.0,0.05581,0.531,3.61548342
1559347732205,5.292,122.0,0.05581,0.531,3.61548342
1559347732266,5.353,122.0,0.05593,0.53,3.6164338
1559347732312,5.399,122.0,0.05593,0.53,3.6164338
1559347732359,5.446,122.0,0.05593,0.53,3.6164338
1559347732405,5.492,122.0,0.05593,0.53,3.6164338
1559347732466,5.553,122.0,0.05616,0.528,3.61760256
1559347732512,5.599,122.0,0.05616,0.528,3.61760256
1559347732558,5.645,122.0,0.05616,0.528,3.61760256
1559347732604,5.691,122.0,0.05616,0.528,3.61760256
1559347732666,5.753,122.0,0.0562,0.529,3.6270356
1559347732712,5.799,122.0,0.0562,0.529,3.6270356
1559347732758,5.845,122.0,0.0562,0.529,3.6270356
1559347732805,5.892,122.0,0.0562,0.529,3.6270356
1559347732866,5.953,122.0,0.05574,0.533,3.62454924
1559347732912,5.999,122.0,0.05574,0.533,3.62454924
1559347732958,6.045,122.0,0.05574,0.533,3.62454924
1559347733004,6.091,122.0,0.05574,0.533,3.62454924
1559347733066,6.153,122.1,0.05494,0.54,3.62241396
1559347733112,6.199,122.1,0.05494,0.54,3.62241396
1559347733158,6.245,122.1,0.05494,0.54,3.62241396
1559347733204,6.291,122.1,0.05494,0.54,3.62241396
1559347733267,6.354,122.1,0.05594,0.536,3.661026864
1559347733313,6.4,122.1,0.05594,0.536,3.661026864
1559347733359,6.446,122.1,0.05594,0.536,3.661026864
1559347733406,6.493,122.1,0.05594,0.536,3.661026864
1559347733466,6.553,122.0,0.05706,0.533,3.71038356
1559347733513,6.6,122.0,0.05706,0.533,3.71038356
1559347733559,6.646,122.0,0.05706,0.533,3.71038356
1559347733605,6.692,122.0,0.05706,0.533,3.71038356
1559347733666,6.753,122.0,0.05707,0.529,3.68318366
1559347733712,6.799,122.0,0.05707,0.529,3.68318366
1559347733758,6.845,122.0,0.05707,0.529,3.68318366
1559347733804,6.891,122.0,0.05707,0.529,3.68318366
1559347733866,6.953,122.1,0.05607,0.529,3.621611763
1559347733912,6.999,122.1,0.05607,0.529,3.621611763
1559347733958,7.045,122.1,0.05607,0.529,3.621611763
1559347734004,7.091,122.1,0.05607,0.529,3.621611763
1559347734067,7.154,122.1,0.05624,0.528,3.625725312
1559347734113,7.2,122.1,0.05624,0.528,3.625725312
1559347734159,7.246,122.1,0.05624,0.528,3.625725312
1559347734205,7.292,122.1,0.05624,0.528,3.625725312
1559347734266,7.353,122.1,0.05639,0.526,3.621625194
1559347734312,7.399,122.1,0.05639,0.526,3.621625194
1559347734358,7.445,122.1,0.05639,0.526,3.621625194
1559347734404,7.491,122.1,0.05639,0.526,3.621625194
1559347734466,7.553,122.1,0.05621,0.528,3.623791248
1559347734512,7.599,122.1,0.05621,0.528,3.623791248
1559347734558,7.645,122.1,0.05621,0.528,3.623791248
1559347734605,7.692,122.1,0.05621,0.528,3.623791248
1559347734666,7.753,122.1,0.05584,0.532,3.627210048
1559347734712,7.799,122.1,0.05584,0.532,3.627210048
1559347734758,7.845,122.1,0.05584,0.532,3.627210048
1559347734804,7.891,122.1,0.05584,0.532,3.627210048
1559347734866,7.953,122.1,0.05611,0.528,3.617344368
1559347734912,7.999,122.1,0.05611,0.528,3.617344368
1559347734958,8.045,122.1,0.05611,0.528,3.617344368
1559347735004,8.091,122.1,0.05611,0.528,3.617344368
1559347735066,8.153,122.1,0.05624,0.527,3.618858408
1559347735112,8.199,122.1,0.05624,0.527,3.618858408
1559347735157,8.244,122.1,0.05624,0.527,3.618858408
1559347735203,8.29,122.1,0.05624,0.527,3.618858408
1559347735266,8.353,122.1,0.0566,0.526,3.63511236
1559347735310,8.398,122.1,0.0566,0.526,3.63511236
1559347735356,8.443,122.1,0.0566,0.526,3.63511236
1559347735402,8.489,122.1,0.0566,0.526,3.63511236
1559347735466,8.553,122.0,0.05618,0.528,3.61889088
1559347735512,8.599,122.0,0.05618,0.528,3.61889088
1559347735557,8.644,122.0,0.05618,0.528,3.61889088
1559347735602,8.689,122.0,0.05618,0.528,3.61889088
1559347735666,8.753,122.0,0.05644,0.526,3.62186768
1559347735712,8.799,122.0,0.05644,0.526,3.62186768
1559347735757,8.844,122.0,0.05644,0.526,3.62186768
1559347735803,8.89,122.0,0.05644,0.526,3.62186768
1559347735866,8.953,122.0,0.05594,0.531,3.62390508
1559347735912,8.999,122.0,0.05594,0.531,3.62390508
1559347735958,9.045,122.0,0.05594,0.531,3.62390508
1559347736004,9.091,122.0,0.05594,0.531,3.62390508
1559347736066,9.153,122.0,0.05678,0.523,3.62290468
1559347736112,9.2,122.0,0.05678,0.523,3.62290468
1559347736159,9.246,122.0,0.05678,0.523,3.62290468
1559347736205,9.292,122.0,0.05678,0.523,3.62290468
1559347736266,9.353,122.0,0.05676,0.522,3.61470384
1559347736312,9.399,122.0,0.05676,0.522,3.61470384
1559347736358,9.445,122.0,0.05676,0.522,3.61470384
1559347736404,9.491,122.0,0.05676,0.522,3.61470384
1559347736466,9.553,122.0,0.05716,0.521,3.63320392
1559347736512,9.599,122.0,0.05716,0.521,3.63320392
1559347736559,9.646,122.0,0.05716,0.521,3.63320392
1559347736605,9.692,122.0,0.05716,0.521,3.63320392
1559347736666,9.753,122.0,0.05706,0.522,3.63380904
1559347736712,9.799,122.0,0.05706,0.522,3.63380904
1559347736758,9.845,122.0,0.05706,0.522,3.63380904
1559347736804,9.891,122.0,0.05706,0.522,3.63380904
1559347736866,9.953,122.0,0.05707,0.522,3.63444588
1559347736912,9.999,122.0,0.05707,0.522,3.63444588
