# Fri May 31 17:03:52 2019
abstime,time_stamp,volt,curr,pf,mul
1559347432768,0.08,122.0,0.0503,0.521,3.1971686
1559347432815,0.127,122.0,0.0503,0.521,3.1971686
1559347432861,0.173,122.0,0.0503,0.521,3.1971686
1559347432907,0.219,122.1,0.052,0.525,3.33333
1559347432953,0.265,122.1,0.052,0.525,3.33333
1559347432999,0.311,122.1,0.052,0.525,3.33333
1559347433045,0.357,122.1,0.052,0.525,3.33333
1559347433097,0.409,122.1,0.05158,0.524,3.300109032
1559347433143,0.455,122.1,0.05158,0.524,3.300109032
1559347433189,0.501,122.1,0.05158,0.524,3.300109032
1559347433235,0.547,122.1,0.05158,0.524,3.300109032
1559347433297,0.609,122.1,0.05236,0.525,3.3564069
1559347433343,0.655,122.1,0.05236,0.525,3.3564069
1559347433388,0.7,122.1,0.05236,0.525,3.3564069
1559347433434,0.746,122.1,0.05236,0.525,3.3564069
1559347433498,0.81,122.1,0.05258,0.528,3.389769504
1559347433544,0.856,122.1,0.05258,0.528,3.389769504
1559347433590,0.902,122.1,0.05258,0.528,3.389769504
1559347433636,0.948,122.1,0.05258,0.528,3.389769504
1559347433698,1.01,122.1,0.05526,0.536,3.616523856
1559347433744,1.056,122.1,0.05526,0.536,3.616523856
1559347433790,1.102,122.1,0.05526,0.536,3.616523856
1559347433836,1.148,122.1,0.05526,0.536,3.616523856
1559347433897,1.209,122.1,0.05529,0.536,3.618487224
1559347433943,1.255,122.1,0.05529,0.536,3.618487224
1559347433989,1.301,122.1,0.05529,0.536,3.618487224
1559347434035,1.347,122.1,0.05529,0.536,3.618487224
1559347434097,1.409,122.1,0.05549,0.534,3.618025686
1559347434143,1.455,122.1,0.05549,0.534,3.618025686
1559347434190,1.502,122.1,0.05549,0.534,3.618025686
1559347434236,1.548,122.1,0.05549,0.534,3.618025686
1559347434297,1.609,122.1,0.05495,0.539,3.616363905
1559347434343,1.655,122.1,0.05495,0.539,3.616363905
1559347434389,1.701,122.1,0.05495,0.539,3.616363905
1559347434435,1.747,122.1,0.05495,0.539,3.616363905
1559347434497,1.809,122.0,0.05496,0.54,3.6207648
1559347434543,1.855,122.0,0.05496,0.54,3.6207648
1559347434589,1.901,122.0,0.05496,0.54,3.6207648
1559347434635,1.947,122.0,0.05496,0.54,3.6207648
1559347434698,2.01,122.0,0.05491,0.54,3.6174708
1559347434744,2.056,122.0,0.05491,0.54,3.6174708
1559347434790,2.102,122.0,0.05491,0.54,3.6174708
1559347434836,2.148,122.0,0.05491,0.54,3.6174708
1559347434897,2.209,122.0,0.05443,0.544,3.61241024
1559347434943,2.255,122.0,0.05443,0.544,3.61241024
1559347434989,2.301,122.0,0.05443,0.544,3.61241024
1559347435035,2.347,122.0,0.05443,0.544,3.61241024
1559347435098,2.41,122.0,0.05441,0.545,3.6177209
1559347435144,2.456,122.0,0.05441,0.545,3.6177209
1559347435190,2.502,122.0,0.05441,0.545,3.6177209
1559347435236,2.548,122.0,0.05441,0.545,3.6177209
1559347435297,2.609,122.0,0.05484,0.542,3.62624016
1559347435343,2.655,122.0,0.05484,0.542,3.62624016
1559347435389,2.701,122.0,0.05484,0.542,3.62624016
1559347435435,2.747,122.0,0.05484,0.542,3.62624016
1559347435498,2.81,121.9,0.05496,0.54,3.61779696
1559347435544,2.856,121.9,0.05496,0.54,3.61779696
1559347435590,2.902,121.9,0.05496,0.54,3.61779696
1559347435636,2.948,121.9,0.05496,0.54,3.61779696
1559347435697,3.009,122.0,0.05487,0.541,3.62152974
1559347435743,3.055,122.0,0.05487,0.541,3.62152974
1559347435789,3.101,122.0,0.05487,0.541,3.62152974
1559347435835,3.147,122.0,0.05487,0.541,3.62152974
1559347435897,3.209,122.0,0.05518,0.537,3.61506252
1559347435943,3.255,122.0,0.05518,0.537,3.61506252
1559347435990,3.302,122.0,0.05518,0.537,3.61506252
1559347436036,3.348,122.0,0.05518,0.537,3.61506252
1559347436098,3.41,122.0,0.0552,0.538,3.6231072
1559347436144,3.456,122.0,0.0552,0.538,3.6231072
1559347436190,3.502,122.0,0.0552,0.538,3.6231072
1559347436236,3.548,122.0,0.0552,0.538,3.6231072
1559347436297,3.609,121.9,0.05512,0.538,3.614890864
1559347436344,3.656,121.9,0.05512,0.538,3.614890864
1559347436390,3.702,121.9,0.05512,0.538,3.614890864
1559347436436,3.748,121.9,0.05512,0.538,3.614890864
1559347436497,3.809,121.9,0.05556,0.535,3.62342874
1559347436543,3.855,121.9,0.05556,0.535,3.62342874
1559347436589,3.901,121.9,0.05556,0.535,3.62342874
1559347436635,3.947,121.9,0.05556,0.535,3.62342874
1559347436697,4.009,122.0,0.05596,0.535,3.6525092
1559347436743,4.056,122.0,0.05596,0.535,3.6525092
1559347436790,4.102,122.0,0.05596,0.535,3.6525092
1559347436835,4.147,122.0,0.05596,0.535,3.6525092
1559347436897,4.209,122.0,0.05555,0.539,3.6528569
1559347436943,4.255,122.0,0.05555,0.539,3.6528569
1559347436988,4.3,122.0,0.05555,0.539,3.6528569
1559347437033,4.346,122.0,0.05555,0.539,3.6528569
1559347437097,4.409,122.0,0.05445,0.545,3.6203805
1559347437143,4.455,122.0,0.05445,0.545,3.6203805
1559347437188,4.5,122.0,0.05445,0.545,3.6203805
1559347437234,4.546,122.0,0.05445,0.545,3.6203805
1559347437297,4.609,122.0,0.0544,0.545,3.617056
1559347437343,4.655,122.0,0.0544,0.545,3.617056
1559347437388,4.7,122.0,0.0544,0.545,3.617056
1559347437434,4.746,122.0,0.0544,0.545,3.617056
1559347437498,4.81,122.0,0.05446,0.544,3.61440128
1559347437544,4.856,122.0,0.05446,0.544,3.61440128
1559347437590,4.902,122.0,0.05446,0.544,3.61440128
1559347437636,4.948,122.0,0.05446,0.544,3.61440128
1559347437697,5.009,122.0,0.05466,0.543,3.62100636
1559347437743,5.055,122.0,0.05466,0.543,3.62100636
1559347437789,5.101,122.0,0.05466,0.543,3.62100636
1559347437835,5.147,122.0,0.05466,0.543,3.62100636
1559347437897,5.209,122.1,0.05483,0.542,3.628550706
1559347437943,5.255,122.1,0.05483,0.542,3.628550706
1559347437990,5.302,122.1,0.05483,0.542,3.628550706
1559347438036,5.348,122.1,0.05483,0.542,3.628550706
1559347438097,5.409,122.1,0.05496,0.539,3.617022024
1559347438143,5.455,122.1,0.05496,0.539,3.617022024
1559347438189,5.501,122.1,0.05496,0.539,3.617022024
1559347438235,5.547,122.1,0.05496,0.539,3.617022024
1559347438297,5.609,122.0,0.05506,0.539,3.62063548
1559347438343,5.655,122.0,0.05506,0.539,3.62063548
1559347438389,5.701,122.0,0.05506,0.539,3.62063548
1559347438435,5.747,122.0,0.05506,0.539,3.62063548
1559347438497,5.809,122.0,0.05509,0.54,3.6293292
1559347438544,5.856,122.0,0.05509,0.54,3.6293292
1559347438590,5.902,122.0,0.05509,0.54,3.6293292
1559347438636,5.948,122.0,0.05509,0.54,3.6293292
1559347438697,6.009,122.0,0.05509,0.539,3.62260822
1559347438743,6.055,122.0,0.05509,0.539,3.62260822
1559347438790,6.102,122.0,0.05509,0.539,3.62260822
1559347438836,6.148,122.0,0.05509,0.539,3.62260822
1559347438897,6.209,122.1,0.05523,0.539,3.634791237
1559347438943,6.255,122.1,0.05523,0.539,3.634791237
1559347438989,6.301,122.1,0.05523,0.539,3.634791237
1559347439035,6.347,122.1,0.05523,0.539,3.634791237
1559347439097,6.409,122.0,0.0561,0.535,3.661647
1559347439144,6.456,122.0,0.0561,0.535,3.661647
1559347439190,6.502,122.0,0.0561,0.535,3.661647
1559347439236,6.548,122.0,0.0561,0.535,3.661647
1559347439297,6.609,122.0,0.05615,0.535,3.6649105
1559347439343,6.655,122.0,0.05615,0.535,3.6649105
1559347439389,6.701,122.0,0.05615,0.535,3.6649105
1559347439435,6.747,122.0,0.05615,0.535,3.6649105
1559347439496,6.808,122.0,0.05614,0.538,3.68480504
1559347439542,6.854,122.0,0.05614,0.538,3.68480504
1559347439588,6.9,122.0,0.05614,0.538,3.68480504
1559347439635,6.947,122.0,0.05614,0.538,3.68480504
1559347439697,7.009,122.0,0.0564,0.536,3.6881088
1559347439743,7.055,122.0,0.0564,0.536,3.6881088
1559347439789,7.101,122.0,0.0564,0.536,3.6881088
1559347439835,7.147,122.0,0.0564,0.536,3.6881088
1559347439896,7.208,122.0,0.05725,0.538,3.757661
1559347439942,7.254,122.0,0.05725,0.538,3.757661
1559347439988,7.3,122.0,0.05725,0.538,3.757661
1559347440034,7.346,122.0,0.05725,0.538,3.757661
1559347440097,7.409,122.0,0.05599,0.532,3.63397496
1559347440143,7.455,122.0,0.05599,0.532,3.63397496
1559347440189,7.501,122.0,0.05599,0.532,3.63397496
1559347440235,7.547,122.0,0.05599,0.532,3.63397496
1559347440297,7.609,121.9,0.05581,0.531,3.612519909
1559347440344,7.656,121.9,0.05581,0.531,3.612519909
1559347440390,7.702,121.9,0.05581,0.531,3.612519909
1559347440436,7.748,121.9,0.05581,0.531,3.612519909
1559347440497,7.809,121.9,0.05583,0.532,3.620620164
1559347440543,7.855,121.9,0.05583,0.532,3.620620164
1559347440589,7.901,121.9,0.05583,0.532,3.620620164
1559347440636,7.948,121.9,0.05583,0.532,3.620620164
1559347440697,8.009,122.0,0.05563,0.534,3.62418324
1559347440743,8.055,122.0,0.05563,0.534,3.62418324
1559347440789,8.101,122.0,0.05563,0.534,3.62418324
1559347440837,8.149,122.0,0.05563,0.534,3.62418324
1559347440897,8.209,122.0,0.05555,0.536,3.6325256
1559347440944,8.256,122.0,0.05555,0.536,3.6325256
1559347440990,8.302,122.0,0.05555,0.536,3.6325256
1559347441036,8.348,122.0,0.05555,0.536,3.6325256
1559347441097,8.409,122.0,0.05521,0.538,3.62376356
1559347441143,8.455,122.0,0.05521,0.538,3.62376356
1559347441188,8.5,122.0,0.05521,0.538,3.62376356
1559347441234,8.546,122.0,0.05521,0.538,3.62376356
1559347441296,8.608,121.9,0.05527,0.537,3.617990781
1559347441342,8.654,121.9,0.05527,0.537,3.617990781
1559347441388,8.7,121.9,0.05527,0.537,3.617990781
1559347441434,8.746,121.9,0.05527,0.537,3.617990781
1559347441496,8.809,121.9,0.05504,0.539,3.616353664
1559347441542,8.854,121.9,0.05504,0.539,3.616353664
1559347441587,8.899,121.9,0.05504,0.539,3.616353664
1559347441633,8.945,121.9,0.05504,0.539,3.616353664
1559347441697,9.009,122.0,0.05574,0.533,3.62454924
1559347441743,9.055,122.0,0.05574,0.533,3.62454924
1559347441790,9.102,122.0,0.05574,0.533,3.62454924
1559347441836,9.148,122.0,0.05574,0.533,3.62454924
1559347441897,9.209,122.0,0.05597,0.531,3.62584854
1559347441943,9.255,122.0,0.05597,0.531,3.62584854
1559347441989,9.301,122.0,0.05597,0.531,3.62584854
1559347442035,9.347,122.0,0.05597,0.531,3.62584854
1559347442096,9.408,122.0,0.05603,0.53,3.6228998
1559347442143,9.455,122.0,0.05603,0.53,3.6228998
1559347442189,9.501,122.0,0.05603,0.53,3.6228998
1559347442235,9.547,122.0,0.05603,0.53,3.6228998
1559347442297,9.609,122.0,0.0559,0.532,3.6281336
1559347442343,9.655,122.0,0.0559,0.532,3.6281336
1559347442389,9.701,122.0,0.0559,0.532,3.6281336
1559347442435,9.747,122.0,0.0559,0.532,3.6281336
1559347442496,9.808,122.0,0.05568,0.533,3.62064768
1559347442542,9.854,122.0,0.05568,0.533,3.62064768
1559347442588,9.9,122.0,0.05568,0.533,3.62064768
1559347442634,9.946,122.0,0.05568,0.533,3.62064768
1559347442697,10.009,122.0,0.05566,0.533,3.61934716
