# Fri May 31 17:04:45 2019
abstime,time_stamp,volt,curr,pf,mul
1559347485371,0.074,121.9,0.05059,0.516,3.182131236
1559347485419,0.121,121.9,0.05059,0.516,3.182131236
1559347485465,0.167,121.9,0.05059,0.516,3.182131236
1559347485510,0.212,121.9,0.05238,0.521,3.326648562
1559347485556,0.258,121.9,0.05238,0.521,3.326648562
1559347485602,0.304,121.9,0.05238,0.521,3.326648562
1559347485648,0.35,121.9,0.05238,0.521,3.326648562
1559347485694,0.396,121.9,0.05209,0.521,3.308230691
1559347485740,0.442,121.9,0.05209,0.521,3.308230691
1559347485786,0.488,121.9,0.05209,0.521,3.308230691
1559347485832,0.534,121.9,0.05209,0.521,3.308230691
1559347485891,0.593,121.9,0.05229,0.525,3.346429275
1559347485937,0.639,121.9,0.05229,0.525,3.346429275
1559347485984,0.686,121.9,0.05229,0.525,3.346429275
1559347486030,0.732,121.9,0.05229,0.525,3.346429275
1559347486092,0.794,121.9,0.05354,0.521,3.400320046
1559347486138,0.84,121.9,0.05354,0.521,3.400320046
1559347486184,0.886,121.9,0.05354,0.521,3.400320046
1559347486231,0.933,121.9,0.05354,0.521,3.400320046
1559347486292,0.994,121.9,0.05555,0.527,3.568604215
1559347486338,1.04,121.9,0.05555,0.527,3.568604215
1559347486384,1.086,121.9,0.05555,0.527,3.568604215
1559347486430,1.132,121.9,0.05555,0.527,3.568604215
1559347486492,1.194,121.9,0.05564,0.533,3.615081028
1559347486538,1.24,121.9,0.05564,0.533,3.615081028
1559347486584,1.286,121.9,0.05564,0.533,3.615081028
1559347486631,1.333,121.9,0.05564,0.533,3.615081028
1559347486692,1.394,121.9,0.0557,0.533,3.61897939
1559347486738,1.44,121.9,0.0557,0.533,3.61897939
1559347486784,1.486,121.9,0.0557,0.533,3.61897939
1559347486830,1.532,121.9,0.0557,0.533,3.61897939
1559347486892,1.594,121.9,0.05546,0.535,3.61690709
1559347486938,1.64,121.9,0.05546,0.535,3.61690709
1559347486985,1.687,121.9,0.05546,0.535,3.61690709
1559347487031,1.733,121.9,0.05546,0.535,3.61690709
1559347487092,1.794,121.9,0.05589,0.532,3.624511212
1559347487138,1.84,121.9,0.05589,0.532,3.624511212
1559347487184,1.886,121.9,0.05589,0.532,3.624511212
1559347487230,1.932,121.9,0.05589,0.532,3.624511212
1559347487292,1.994,122.0,0.05605,0.529,3.6173549
1559347487339,2.041,122.0,0.05605,0.529,3.6173549
1559347487385,2.087,122.0,0.05605,0.529,3.6173549
1559347487431,2.133,122.0,0.05605,0.529,3.6173549
1559347487492,2.194,122.0,0.05603,0.529,3.61606414
1559347487538,2.24,122.0,0.05603,0.529,3.61606414
1559347487584,2.286,122.0,0.05603,0.529,3.61606414
1559347487630,2.332,122.0,0.05603,0.529,3.61606414
1559347487691,2.393,122.0,0.0558,0.531,3.6148356
1559347487738,2.44,122.0,0.0558,0.531,3.6148356
1559347487784,2.486,122.0,0.0558,0.531,3.6148356
1559347487830,2.532,122.0,0.0558,0.531,3.6148356
1559347487892,2.594,122.0,0.0559,0.532,3.6281336
1559347487939,2.641,122.0,0.0559,0.532,3.6281336
1559347487985,2.687,122.0,0.0559,0.532,3.6281336
1559347488031,2.733,122.0,0.0559,0.532,3.6281336
1559347488092,2.794,122.0,0.05577,0.532,3.61969608
1559347488138,2.84,122.0,0.05577,0.532,3.61969608
1559347488184,2.886,122.0,0.05577,0.532,3.61969608
1559347488230,2.932,122.0,0.05577,0.532,3.61969608
1559347488291,2.993,122.0,0.05587,0.533,3.63300262
1559347488337,3.039,122.0,0.05587,0.533,3.63300262
1559347488384,3.086,122.0,0.05587,0.533,3.63300262
1559347488430,3.132,122.0,0.05587,0.533,3.63300262
1559347488492,3.194,122.0,0.05589,0.53,3.6138474
1559347488538,3.24,122.0,0.05589,0.53,3.6138474
1559347488584,3.286,122.0,0.05589,0.53,3.6138474
1559347488630,3.332,122.0,0.05589,0.53,3.6138474
1559347488691,3.393,122.0,0.05554,0.534,3.61831992
1559347488737,3.439,122.0,0.05554,0.534,3.61831992
1559347488783,3.485,122.0,0.05554,0.534,3.61831992
1559347488829,3.531,122.0,0.05554,0.534,3.61831992
1559347488892,3.594,122.0,0.05664,0.536,3.70380288
1559347488938,3.64,122.0,0.05664,0.536,3.70380288
1559347488984,3.686,122.0,0.05664,0.536,3.70380288
1559347489030,3.732,122.0,0.05664,0.536,3.70380288
1559347489092,3.794,122.0,0.05684,0.534,3.70301232
1559347489138,3.84,122.0,0.05684,0.534,3.70301232
1559347489184,3.886,122.0,0.05684,0.534,3.70301232
1559347489231,3.933,122.0,0.05684,0.534,3.70301232
1559347489292,3.994,121.9,0.057,0.529,3.6756507
1559347489338,4.04,121.9,0.057,0.529,3.6756507
1559347489384,4.086,121.9,0.057,0.529,3.6756507
1559347489430,4.132,121.9,0.057,0.529,3.6756507
1559347489492,4.194,121.9,0.05684,0.53,3.67226188
1559347489537,4.239,121.9,0.05684,0.53,3.67226188
1559347489583,4.285,121.9,0.05684,0.53,3.67226188
1559347489628,4.33,121.9,0.05684,0.53,3.67226188
1559347489691,4.393,121.9,0.05615,0.529,3.620838365
1559347489736,4.438,121.9,0.05615,0.529,3.620838365
1559347489781,4.483,121.9,0.05615,0.529,3.620838365
1559347489827,4.529,121.9,0.05615,0.529,3.620838365
1559347489892,4.594,121.9,0.05624,0.528,3.619786368
1559347489938,4.64,121.9,0.05624,0.528,3.619786368
1559347489984,4.686,121.9,0.05624,0.528,3.619786368
1559347490030,4.732,121.9,0.05624,0.528,3.619786368
1559347490092,4.794,121.9,0.05637,0.528,3.628153584
1559347490138,4.84,121.9,0.05637,0.528,3.628153584
1559347490184,4.886,121.9,0.05637,0.528,3.628153584
1559347490230,4.932,121.9,0.05637,0.528,3.628153584
1559347490291,4.993,121.9,0.05618,0.529,3.622772918
1559347490337,5.039,121.9,0.05618,0.529,3.622772918
1559347490384,5.086,121.9,0.05618,0.529,3.622772918
1559347490430,5.132,121.9,0.05618,0.529,3.622772918
1559347490492,5.194,121.9,0.05584,0.532,3.621268672
1559347490538,5.24,121.9,0.05584,0.532,3.621268672
1559347490584,5.286,121.9,0.05584,0.532,3.621268672
1559347490630,5.332,121.9,0.05584,0.532,3.621268672
1559347490691,5.393,121.9,0.05583,0.533,3.627425841
1559347490737,5.439,121.9,0.05583,0.533,3.627425841
1559347490783,5.485,121.9,0.05583,0.533,3.627425841
1559347490830,5.532,121.9,0.05583,0.533,3.627425841
1559347490892,5.594,121.8,0.05595,0.532,3.62542572
1559347490938,5.64,121.8,0.05595,0.532,3.62542572
1559347490984,5.686,121.8,0.05595,0.532,3.62542572
1559347491030,5.732,121.8,0.05595,0.532,3.62542572
1559347491091,5.793,121.9,0.05642,0.529,3.638249342
1559347491137,5.839,121.9,0.05642,0.529,3.638249342
1559347491184,5.886,121.9,0.05642,0.529,3.638249342
1559347491230,5.932,121.9,0.05642,0.529,3.638249342
1559347491292,5.994,121.9,0.05616,0.529,3.621483216
1559347491338,6.04,121.9,0.05616,0.529,3.621483216
1559347491384,6.086,121.9,0.05616,0.529,3.621483216
1559347491430,6.132,121.9,0.05616,0.529,3.621483216
1559347491491,6.193,121.9,0.0563,0.529,3.63051113
1559347491537,6.239,121.9,0.0563,0.529,3.63051113
1559347491583,6.285,121.9,0.0563,0.529,3.63051113
1559347491629,6.331,121.9,0.0563,0.529,3.63051113
1559347491691,6.393,121.9,0.05619,0.53,3.63026733
1559347491737,6.439,121.9,0.05619,0.53,3.63026733
1559347491784,6.486,121.9,0.05619,0.53,3.63026733
1559347491830,6.532,121.9,0.05619,0.53,3.63026733
1559347491892,6.594,121.9,0.05606,0.531,3.628702134
1559347491938,6.64,121.9,0.05606,0.531,3.628702134
1559347491984,6.686,121.9,0.05606,0.531,3.628702134
1559347492030,6.732,121.9,0.05606,0.531,3.628702134
1559347492091,6.793,122.0,0.05596,0.53,3.6183736
1559347492137,6.839,122.0,0.05596,0.53,3.6183736
1559347492183,6.885,122.0,0.05596,0.53,3.6183736
1559347492229,6.931,122.0,0.05596,0.53,3.6183736
1559347492292,6.994,122.0,0.05588,0.531,3.62001816
1559347492338,7.04,122.0,0.05588,0.531,3.62001816
1559347492384,7.086,122.0,0.05588,0.531,3.62001816
1559347492430,7.132,122.0,0.05588,0.531,3.62001816
1559347492491,7.193,122.0,0.05566,0.532,3.61255664
1559347492537,7.239,122.0,0.05566,0.532,3.61255664
1559347492583,7.285,122.0,0.05566,0.532,3.61255664
1559347492629,7.331,122.0,0.05566,0.532,3.61255664
1559347492691,7.393,122.0,0.05579,0.532,3.62099416
1559347492737,7.439,122.0,0.05579,0.532,3.62099416
1559347492784,7.486,122.0,0.05579,0.532,3.62099416
1559347492830,7.532,122.0,0.05579,0.532,3.62099416
1559347492892,7.594,121.9,0.05567,0.533,3.617030209
1559347492938,7.64,121.9,0.05567,0.533,3.617030209
1559347492984,7.686,121.9,0.05567,0.533,3.617030209
1559347493030,7.732,121.9,0.05567,0.533,3.617030209
1559347493091,7.793,121.9,0.05525,0.54,3.6368865
1559347493137,7.839,121.9,0.05525,0.54,3.6368865
1559347493183,7.885,121.9,0.05525,0.54,3.6368865
1559347493229,7.931,121.9,0.05525,0.54,3.6368865
1559347493291,7.993,122.0,0.05546,0.535,3.6198742
1559347493337,8.039,122.0,0.05546,0.535,3.6198742
1559347493384,8.086,122.0,0.05546,0.535,3.6198742
1559347493430,8.132,122.0,0.05546,0.535,3.6198742
1559347493492,8.194,122.0,0.05577,0.533,3.62650002
1559347493538,8.24,122.0,0.05577,0.533,3.62650002
1559347493584,8.286,122.0,0.05577,0.533,3.62650002
1559347493630,8.332,122.0,0.05577,0.533,3.62650002
1559347493691,8.393,121.9,0.05518,0.537,3.612099354
1559347493737,8.439,121.9,0.05518,0.537,3.612099354
1559347493783,8.485,121.9,0.05518,0.537,3.612099354
1559347493829,8.531,121.9,0.05518,0.537,3.612099354
1559347493891,8.593,121.9,0.05528,0.539,3.632122648
1559347493937,8.639,121.9,0.05528,0.539,3.632122648
1559347493982,8.684,121.9,0.05528,0.539,3.632122648
1559347494028,8.73,121.9,0.05528,0.539,3.632122648
1559347494092,8.794,121.9,0.05521,0.539,3.627523361
1559347494138,8.84,121.9,0.05521,0.539,3.627523361
1559347494184,8.886,121.9,0.05521,0.539,3.627523361
1559347494230,8.932,121.9,0.05521,0.539,3.627523361
1559347494291,8.993,121.9,0.05554,0.536,3.628894736
1559347494337,9.039,121.9,0.05554,0.536,3.628894736
1559347494383,9.085,121.9,0.05554,0.536,3.628894736
1559347494429,9.131,121.9,0.05554,0.536,3.628894736
1559347494491,9.193,121.9,0.05474,0.542,3.616660852
1559347494537,9.239,121.9,0.05474,0.542,3.616660852
1559347494583,9.285,121.9,0.05474,0.542,3.616660852
1559347494630,9.332,121.9,0.05474,0.542,3.616660852
1559347494691,9.393,121.9,0.05485,0.542,3.62392853
1559347494736,9.439,121.9,0.05485,0.542,3.62392853
1559347494783,9.485,121.9,0.05485,0.542,3.62392853
1559347494829,9.531,121.9,0.05485,0.542,3.62392853
1559347494891,9.593,121.8,0.05492,0.54,3.61219824
1559347494937,9.639,121.8,0.05492,0.54,3.61219824
1559347494983,9.685,121.8,0.05492,0.54,3.61219824
1559347495029,9.731,121.8,0.05492,0.54,3.61219824
1559347495092,9.794,121.8,0.05526,0.539,3.627830052
1559347495138,9.84,121.8,0.05526,0.539,3.627830052
1559347495184,9.886,121.8,0.05526,0.539,3.627830052
1559347495230,9.932,121.8,0.05526,0.539,3.627830052
1559347495291,9.993,121.9,0.05523,0.539,3.628837443
1559347495337,10.039,121.9,0.05523,0.539,3.628837443
