# Fri May 31 17:35:47 2019
abstime,time_stamp,volt,curr,pf,mul
1559349347863,0.08,122.0,0.05174,0.517,3.26344876
1559349347910,0.127,122.0,0.05873,0.537,3.84763722
1559349347956,0.173,122.0,0.05873,0.537,3.84763722
1559349348001,0.218,122.0,0.05873,0.537,3.84763722
1559349348046,0.263,122.0,0.05873,0.537,3.84763722
1559349348098,0.315,122.0,0.05609,0.538,3.68152324
1559349348144,0.361,122.0,0.05609,0.538,3.68152324
1559349348190,0.407,122.0,0.05609,0.538,3.68152324
1559349348235,0.452,122.0,0.05609,0.538,3.68152324
1559349348297,0.514,122.0,0.05591,0.54,3.6833508
1559349348343,0.56,122.0,0.05591,0.54,3.6833508
1559349348389,0.606,122.0,0.05591,0.54,3.6833508
1559349348434,0.651,122.0,0.05591,0.54,3.6833508
1559349348497,0.714,122.0,0.05622,0.535,3.6694794
1559349348544,0.761,122.0,0.05622,0.535,3.6694794
1559349348590,0.807,122.0,0.05622,0.535,3.6694794
1559349348636,0.853,122.0,0.05622,0.535,3.6694794
1559349348697,0.914,122.0,0.0562,0.537,3.6818868
1559349348743,0.96,122.0,0.0562,0.537,3.6818868
1559349348789,1.006,122.0,0.0562,0.537,3.6818868
1559349348835,1.052,122.0,0.0562,0.537,3.6818868
1559349348897,1.114,122.0,0.0559,0.539,3.6758722
1559349348944,1.161,122.0,0.0559,0.539,3.6758722
1559349348990,1.207,122.0,0.0559,0.539,3.6758722
1559349349036,1.253,122.0,0.0559,0.539,3.6758722
1559349349097,1.314,122.0,0.05583,0.54,3.6780804
1559349349143,1.36,122.0,0.05583,0.54,3.6780804
1559349349189,1.406,122.0,0.05583,0.54,3.6780804
1559349349235,1.452,122.0,0.05583,0.54,3.6780804
1559349349298,1.515,122.0,0.05636,0.535,3.6786172
1559349349344,1.561,122.0,0.05636,0.535,3.6786172
1559349349390,1.607,122.0,0.05636,0.535,3.6786172
1559349349436,1.653,122.0,0.05636,0.535,3.6786172
1559349349497,1.714,122.0,0.05605,0.539,3.6857359
1559349349543,1.76,122.0,0.05605,0.539,3.6857359
1559349349589,1.806,122.0,0.05605,0.539,3.6857359
1559349349636,1.853,122.0,0.05605,0.539,3.6857359
1559349349697,1.914,122.1,0.05605,0.537,3.675069585
1559349349743,1.96,122.1,0.05605,0.537,3.675069585
1559349349789,2.006,122.1,0.05605,0.537,3.675069585
1559349349835,2.052,122.1,0.05605,0.537,3.675069585
1559349349897,2.114,122.1,0.056,0.539,3.6854664
1559349349943,2.16,122.1,0.056,0.539,3.6854664
1559349349990,2.207,122.1,0.056,0.539,3.6854664
1559349350036,2.253,122.1,0.056,0.539,3.6854664
1559349350097,2.314,122.0,0.05604,0.538,3.67824144
1559349350143,2.36,122.0,0.05604,0.538,3.67824144
1559349350189,2.406,122.0,0.05604,0.538,3.67824144
1559349350235,2.452,122.0,0.05604,0.538,3.67824144
1559349350298,2.515,122.0,0.05605,0.538,3.6788978
1559349350344,2.561,122.0,0.05605,0.538,3.6788978
1559349350390,2.607,122.0,0.05605,0.538,3.6788978
1559349350436,2.653,122.0,0.05605,0.538,3.6788978
1559349350497,2.714,122.0,0.05566,0.542,3.68046184
1559349350543,2.76,122.0,0.05566,0.542,3.68046184
1559349350589,2.806,122.0,0.05566,0.542,3.68046184
1559349350635,2.852,122.0,0.05566,0.542,3.68046184
1559349350697,2.914,122.0,0.05579,0.54,3.6754452
1559349350743,2.96,122.0,0.05579,0.54,3.6754452
1559349350788,3.005,122.0,0.05579,0.54,3.6754452
1559349350833,3.05,122.0,0.05579,0.54,3.6754452
1559349350897,3.114,122.0,0.05689,0.543,3.76873494
1559349350942,3.159,122.0,0.05689,0.543,3.76873494
1559349350987,3.204,122.0,0.05689,0.543,3.76873494
1559349351034,3.251,122.0,0.05689,0.543,3.76873494
1559349351097,3.314,122.0,0.05703,0.541,3.76409406
1559349351143,3.36,122.0,0.05703,0.541,3.76409406
1559349351189,3.406,122.0,0.05703,0.541,3.76409406
1559349351235,3.452,122.0,0.05703,0.541,3.76409406
1559349351297,3.514,122.0,0.05649,0.542,3.73534476
1559349351343,3.561,122.0,0.05649,0.542,3.73534476
1559349351390,3.607,122.0,0.05649,0.542,3.73534476
1559349351436,3.653,122.0,0.05649,0.542,3.73534476
1559349351497,3.714,122.0,0.05593,0.539,3.67784494
1559349351543,3.76,122.0,0.05593,0.539,3.67784494
1559349351589,3.806,122.0,0.05593,0.539,3.67784494
1559349351635,3.852,122.0,0.05593,0.539,3.67784494
1559349351697,3.914,122.0,0.05602,0.539,3.68376316
1559349351743,3.96,122.0,0.05602,0.539,3.68376316
1559349351789,4.007,122.0,0.05602,0.539,3.68376316
1559349351836,4.053,122.0,0.05602,0.539,3.68376316
1559349351897,4.114,122.0,0.05568,0.542,3.68178432
1559349351943,4.16,122.0,0.05568,0.542,3.68178432
1559349351989,4.206,122.0,0.05568,0.542,3.68178432
1559349352035,4.252,122.0,0.05568,0.542,3.68178432
1559349352097,4.314,122.0,0.0562,0.537,3.6818868
1559349352143,4.36,122.0,0.0562,0.537,3.6818868
1559349352189,4.406,122.0,0.0562,0.537,3.6818868
1559349352235,4.452,122.0,0.0562,0.537,3.6818868
1559349352297,4.514,122.0,0.05621,0.538,3.68939956
1559349352343,4.56,122.0,0.05621,0.538,3.68939956
1559349352389,4.606,122.0,0.05621,0.538,3.68939956
1559349352436,4.653,122.0,0.05621,0.538,3.68939956
1559349352497,4.714,122.0,0.05596,0.54,3.6866448
1559349352543,4.76,122.0,0.05596,0.54,3.6866448
1559349352589,4.806,122.0,0.05596,0.54,3.6866448
1559349352635,4.852,122.0,0.05596,0.54,3.6866448
1559349352697,4.914,122.0,0.05571,0.543,3.69056466
1559349352744,4.961,122.0,0.05571,0.543,3.69056466
1559349352790,5.007,122.0,0.05571,0.543,3.69056466
1559349352836,5.053,122.0,0.05571,0.543,3.69056466
1559349352897,5.114,122.0,0.05894,0.545,3.9189206
1559349352943,5.16,122.0,0.05894,0.545,3.9189206
1559349352989,5.206,122.0,0.05894,0.545,3.9189206
1559349353035,5.252,122.0,0.05894,0.545,3.9189206
1559349353097,5.314,122.0,0.05624,0.538,3.69136864
1559349353143,5.36,122.0,0.05624,0.538,3.69136864
1559349353190,5.407,122.0,0.05624,0.538,3.69136864
1559349353236,5.453,122.0,0.05624,0.538,3.69136864
1559349353297,5.514,122.0,0.0557,0.542,3.6831068
1559349353343,5.56,122.0,0.0557,0.542,3.6831068
1559349353389,5.606,122.0,0.0557,0.542,3.6831068
1559349353435,5.652,122.0,0.0557,0.542,3.6831068
1559349353496,5.713,122.0,0.05582,0.541,3.68423164
1559349353542,5.759,122.0,0.05582,0.541,3.68423164
1559349353589,5.806,122.0,0.05582,0.541,3.68423164
1559349353635,5.852,122.0,0.05582,0.541,3.68423164
1559349353697,5.914,122.1,0.0559,0.54,3.6857106
1559349353743,5.96,122.1,0.0559,0.54,3.6857106
1559349353789,6.006,122.1,0.0559,0.54,3.6857106
1559349353836,6.053,122.1,0.0559,0.54,3.6857106
1559349353897,6.114,122.0,0.05597,0.539,3.68047526
1559349353943,6.16,122.0,0.05597,0.539,3.68047526
1559349353989,6.206,122.0,0.05597,0.539,3.68047526
1559349354035,6.252,122.0,0.05597,0.539,3.68047526
1559349354097,6.314,122.0,0.05598,0.541,3.69479196
1559349354143,6.36,122.0,0.05598,0.541,3.69479196
1559349354190,6.407,122.0,0.05598,0.541,3.69479196
1559349354236,6.453,122.0,0.05598,0.541,3.69479196
1559349354297,6.514,122.0,0.05574,0.542,3.68575176
1559349354343,6.56,122.0,0.05574,0.542,3.68575176
1559349354389,6.606,122.0,0.05574,0.542,3.68575176
1559349354435,6.652,122.0,0.05574,0.542,3.68575176
1559349354498,6.715,122.0,0.0557,0.542,3.6831068
1559349354543,6.761,122.0,0.0557,0.542,3.6831068
1559349354590,6.807,122.0,0.0557,0.542,3.6831068
1559349354636,6.853,122.0,0.0557,0.542,3.6831068
1559349354697,6.914,122.0,0.05579,0.541,3.68225158
1559349354743,6.96,122.0,0.05579,0.541,3.68225158
1559349354789,7.006,122.0,0.05579,0.541,3.68225158
1559349354835,7.052,122.0,0.05579,0.541,3.68225158
1559349354896,7.113,122.0,0.05608,0.54,3.6945504
1559349354942,7.159,122.0,0.05608,0.54,3.6945504
1559349354988,7.206,122.0,0.05608,0.54,3.6945504
1559349355035,7.252,122.0,0.05608,0.54,3.6945504
1559349355097,7.314,122.0,0.05575,0.541,3.6796115
1559349355143,7.36,122.0,0.05575,0.541,3.6796115
1559349355189,7.406,122.0,0.05575,0.541,3.6796115
1559349355235,7.452,122.0,0.05575,0.541,3.6796115
1559349355296,7.513,121.9,0.05631,0.537,3.686069493
1559349355342,7.559,121.9,0.05631,0.537,3.686069493
1559349355388,7.605,121.9,0.05631,0.537,3.686069493
1559349355434,7.652,121.9,0.05631,0.537,3.686069493
1559349355497,7.714,121.9,0.05683,0.533,3.692398541
1559349355543,7.76,121.9,0.05683,0.533,3.692398541
1559349355589,7.806,121.9,0.05683,0.533,3.692398541
1559349355635,7.852,121.9,0.05683,0.533,3.692398541
1559349355696,7.913,122.0,0.05662,0.535,3.6955874
1559349355742,7.959,122.0,0.05662,0.535,3.6955874
1559349355788,8.006,122.0,0.05662,0.535,3.6955874
1559349355835,8.052,122.0,0.05662,0.535,3.6955874
1559349355897,8.114,122.0,0.05667,0.532,3.67810968
1559349355943,8.16,122.0,0.05667,0.532,3.67810968
1559349355989,8.206,122.0,0.05667,0.532,3.67810968
1559349356035,8.252,122.0,0.05667,0.532,3.67810968
1559349356097,8.314,122.0,0.05649,0.535,3.6871023
1559349356143,8.36,122.0,0.05649,0.535,3.6871023
1559349356189,8.407,122.0,0.05649,0.535,3.6871023
1559349356236,8.453,122.0,0.05649,0.535,3.6871023
1559349356297,8.514,122.0,0.05687,0.531,3.68415234
1559349356343,8.56,122.0,0.05687,0.531,3.68415234
1559349356389,8.606,122.0,0.05687,0.531,3.68415234
1559349356435,8.652,122.0,0.05687,0.531,3.68415234
1559349356496,8.713,122.0,0.05643,0.535,3.6831861
1559349356542,8.759,122.0,0.05643,0.535,3.6831861
1559349356588,8.805,122.0,0.05643,0.535,3.6831861
1559349356634,8.851,122.0,0.05643,0.535,3.6831861
1559349356697,8.914,122.0,0.05648,0.535,3.6864496
1559349356743,8.96,122.0,0.05648,0.535,3.6864496
1559349356789,9.006,122.0,0.05648,0.535,3.6864496
1559349356835,9.052,122.0,0.05648,0.535,3.6864496
1559349356896,9.113,122.1,0.05654,0.534,3.686487156
1559349356942,9.159,122.1,0.05654,0.534,3.686487156
1559349356988,9.205,122.1,0.05654,0.534,3.686487156
1559349357034,9.251,122.1,0.05654,0.534,3.686487156
1559349357096,9.313,122.1,0.0569,0.53,3.6821697
1559349357142,9.359,122.1,0.0569,0.53,3.6821697
1559349357189,9.406,122.1,0.0569,0.53,3.6821697
1559349357235,9.452,122.1,0.0569,0.53,3.6821697
1559349357297,9.514,122.1,0.05663,0.534,3.692355282
1559349357343,9.56,122.1,0.05663,0.534,3.692355282
1559349357389,9.606,122.1,0.05663,0.534,3.692355282
1559349357435,9.652,122.1,0.05663,0.534,3.692355282
1559349357496,9.713,122.1,0.05664,0.534,3.693007296
1559349357542,9.759,122.1,0.05664,0.534,3.693007296
1559349357588,9.805,122.1,0.05664,0.534,3.693007296
1559349357634,9.851,122.1,0.05664,0.534,3.693007296
1559349357697,9.914,122.1,0.0567,0.533,3.68999631
1559349357743,9.96,122.1,0.0567,0.533,3.68999631
1559349357789,10.006,122.1,0.0567,0.533,3.68999631
