# Fri May 31 17:11:21 2019
abstime,time_stamp,volt,curr,pf,mul
1559347881459,0.08,122.0,0.05093,0.53,3.2931338
1559347881506,0.127,122.0,0.05093,0.53,3.2931338
1559347881552,0.173,122.0,0.05093,0.53,3.2931338
1559347881597,0.218,122.0,0.05093,0.53,3.2931338
1559347881651,0.272,122.1,0.05145,0.527,3.310637715
1559347881697,0.318,122.1,0.05145,0.527,3.310637715
1559347881743,0.364,122.1,0.05145,0.527,3.310637715
1559347881789,0.41,122.1,0.05145,0.527,3.310637715
1559347881851,0.472,122.1,0.05099,0.525,3.268586475
1559347881897,0.518,122.1,0.05099,0.525,3.268586475
1559347881943,0.564,122.1,0.05099,0.525,3.268586475
1559347881989,0.61,122.1,0.05099,0.525,3.268586475
1559347882051,0.672,122.1,0.05344,0.533,3.477837792
1559347882097,0.718,122.1,0.05344,0.533,3.477837792
1559347882144,0.765,122.1,0.05344,0.533,3.477837792
1559347882190,0.811,122.1,0.05344,0.533,3.477837792
1559347882251,0.872,122.1,0.05275,0.53,3.41361075
1559347882297,0.918,122.1,0.05275,0.53,3.41361075
1559347882343,0.964,122.1,0.05275,0.53,3.41361075
1559347882389,1.01,122.1,0.05275,0.53,3.41361075
1559347882450,1.071,122.1,0.05554,0.534,3.621285756
1559347882496,1.117,122.1,0.05554,0.534,3.621285756
1559347882542,1.163,122.1,0.05554,0.534,3.621285756
1559347882588,1.21,122.1,0.05554,0.534,3.621285756
1559347882651,1.272,122.1,0.05558,0.533,3.617107494
1559347882697,1.318,122.1,0.05558,0.533,3.617107494
1559347882743,1.364,122.1,0.05558,0.533,3.617107494
1559347882789,1.41,122.1,0.05558,0.533,3.617107494
1559347882850,1.471,122.1,0.0553,0.535,3.61238955
1559347882896,1.517,122.1,0.0553,0.535,3.61238955
1559347882942,1.563,122.1,0.0553,0.535,3.61238955
1559347882988,1.61,122.1,0.0553,0.535,3.61238955
1559347883051,1.672,122.1,0.05467,0.541,3.611286987
1559347883097,1.718,122.1,0.05467,0.541,3.611286987
1559347883143,1.764,122.1,0.05467,0.541,3.611286987
1559347883189,1.81,122.1,0.05467,0.541,3.611286987
1559347883250,1.871,122.1,0.05582,0.532,3.625910904
1559347883296,1.917,122.1,0.05582,0.532,3.625910904
1559347883342,1.963,122.1,0.05582,0.532,3.625910904
1559347883388,2.009,122.1,0.05582,0.532,3.625910904
1559347883451,2.072,122.1,0.0559,0.531,3.62428209
1559347883497,2.118,122.1,0.0559,0.531,3.62428209
1559347883543,2.164,122.1,0.0559,0.531,3.62428209
1559347883589,2.21,122.1,0.0559,0.531,3.62428209
1559347883650,2.271,122.1,0.056,0.53,3.623928
1559347883696,2.317,122.1,0.056,0.53,3.623928
1559347883742,2.363,122.1,0.056,0.53,3.623928
1559347883788,2.409,122.1,0.056,0.53,3.623928
1559347883851,2.472,122.1,0.05558,0.534,3.623893812
1559347883897,2.518,122.1,0.05558,0.534,3.623893812
1559347883943,2.564,122.1,0.05558,0.534,3.623893812
1559347883989,2.61,122.1,0.05558,0.534,3.623893812
1559347884050,2.671,122.1,0.05553,0.535,3.627413955
1559347884096,2.717,122.1,0.05553,0.535,3.627413955
1559347884142,2.763,122.1,0.05553,0.535,3.627413955
1559347884188,2.809,122.1,0.05553,0.535,3.627413955
1559347884250,2.872,122.0,0.05556,0.534,3.61962288
1559347884297,2.918,122.0,0.05556,0.534,3.61962288
1559347884343,2.964,122.0,0.05556,0.534,3.61962288
1559347884389,3.01,122.0,0.05556,0.534,3.61962288
1559347884450,3.071,122.1,0.05566,0.533,3.622313838
1559347884496,3.117,122.1,0.05566,0.533,3.622313838
1559347884542,3.163,122.1,0.05566,0.533,3.622313838
1559347884589,3.21,122.1,0.05566,0.533,3.622313838
1559347884651,3.272,122.1,0.0561,0.53,3.6303993
1559347884697,3.318,122.1,0.0561,0.53,3.6303993
1559347884743,3.364,122.1,0.0561,0.53,3.6303993
1559347884789,3.41,122.1,0.0561,0.53,3.6303993
1559347884850,3.471,122.1,0.05648,0.527,3.634301616
1559347884896,3.517,122.1,0.05648,0.527,3.634301616
1559347884942,3.563,122.1,0.05648,0.527,3.634301616
1559347884988,3.609,122.1,0.05648,0.527,3.634301616
1559347885051,3.672,122.0,0.05624,0.528,3.62275584
1559347885097,3.718,122.0,0.05624,0.528,3.62275584
1559347885143,3.764,122.0,0.05624,0.528,3.62275584
1559347885189,3.81,122.0,0.05624,0.528,3.62275584
1559347885251,3.872,122.0,0.05647,0.529,3.64446086
1559347885297,3.918,122.0,0.05647,0.529,3.64446086
1559347885343,3.964,122.0,0.05647,0.529,3.64446086
1559347885389,4.01,122.0,0.05647,0.529,3.64446086
1559347885451,4.072,122.0,0.05693,0.529,3.67414834
1559347885497,4.118,122.0,0.05693,0.529,3.67414834
1559347885543,4.164,122.0,0.05693,0.529,3.67414834
1559347885589,4.21,122.0,0.05693,0.529,3.67414834
1559347885651,4.272,122.1,0.05625,0.527,3.619501875
1559347885696,4.317,122.1,0.05625,0.527,3.619501875
1559347885742,4.363,122.1,0.05625,0.527,3.619501875
1559347885788,4.409,122.1,0.05625,0.527,3.619501875
1559347885850,4.471,122.1,0.05579,0.533,3.630774147
1559347885895,4.516,122.1,0.05579,0.533,3.630774147
1559347885941,4.562,122.1,0.05579,0.533,3.630774147
1559347885987,4.608,122.1,0.05579,0.533,3.630774147
1559347886050,4.671,122.1,0.05587,0.531,3.622337037
1559347886096,4.717,122.1,0.05587,0.531,3.622337037
1559347886141,4.762,122.1,0.05587,0.531,3.622337037
1559347886187,4.808,122.1,0.05587,0.531,3.622337037
1559347886251,4.872,122.0,0.05633,0.528,3.62855328
1559347886297,4.918,122.0,0.05633,0.528,3.62855328
1559347886343,4.964,122.0,0.05633,0.528,3.62855328
1559347886389,5.01,122.0,0.05633,0.528,3.62855328
1559347886450,5.071,122.1,0.05635,0.527,3.625936545
1559347886496,5.117,122.1,0.05635,0.527,3.625936545
1559347886542,5.163,122.1,0.05635,0.527,3.625936545
1559347886588,5.209,122.1,0.05635,0.527,3.625936545
1559347886651,5.272,122.1,0.05616,0.528,3.620567808
1559347886697,5.318,122.1,0.05616,0.528,3.620567808
1559347886743,5.364,122.1,0.05616,0.528,3.620567808
1559347886789,5.41,122.1,0.05616,0.528,3.620567808
1559347886850,5.471,122.1,0.05643,0.525,3.617304075
1559347886896,5.517,122.1,0.05643,0.525,3.617304075
1559347886942,5.563,122.1,0.05643,0.525,3.617304075
1559347886989,5.61,122.1,0.05643,0.525,3.617304075
1559347887050,5.671,122.1,0.05669,0.526,3.640892574
1559347887096,5.717,122.1,0.05669,0.526,3.640892574
1559347887142,5.763,122.1,0.05669,0.526,3.640892574
1559347887188,5.809,122.1,0.05669,0.526,3.640892574
1559347887250,5.871,122.1,0.05665,0.525,3.631406625
1559347887296,5.917,122.1,0.05665,0.525,3.631406625
1559347887342,5.963,122.1,0.05665,0.525,3.631406625
1559347887389,6.01,122.1,0.05665,0.525,3.631406625
1559347887450,6.071,122.1,0.05668,0.526,3.640250328
1559347887496,6.117,122.1,0.05668,0.526,3.640250328
1559347887542,6.163,122.1,0.05668,0.526,3.640250328
1559347887588,6.209,122.1,0.05668,0.526,3.640250328
1559347887650,6.271,122.1,0.0563,0.527,3.62271921
1559347887696,6.317,122.1,0.0563,0.527,3.62271921
1559347887742,6.363,122.1,0.0563,0.527,3.62271921
1559347887788,6.409,122.1,0.0563,0.527,3.62271921
1559347887851,6.472,122.1,0.05649,0.526,3.628047654
1559347887897,6.518,122.1,0.05649,0.526,3.628047654
1559347887943,6.564,122.1,0.05649,0.526,3.628047654
1559347887989,6.61,122.1,0.05649,0.526,3.628047654
1559347888050,6.671,122.0,0.05635,0.525,3.6092175
1559347888096,6.717,122.0,0.05635,0.525,3.6092175
1559347888142,6.763,122.0,0.05635,0.525,3.6092175
1559347888188,6.809,122.0,0.05635,0.525,3.6092175
1559347888251,6.872,122.0,0.05665,0.525,3.6284325
1559347888297,6.918,122.0,0.05665,0.525,3.6284325
1559347888343,6.964,122.0,0.05665,0.525,3.6284325
1559347888389,7.01,122.0,0.05665,0.525,3.6284325
1559347888450,7.071,122.0,0.05678,0.524,3.62983184
1559347888496,7.117,122.0,0.05678,0.524,3.62983184
1559347888542,7.163,122.0,0.05678,0.524,3.62983184
1559347888588,7.209,122.0,0.05678,0.524,3.62983184
1559347888650,7.271,122.1,0.05704,0.522,3.635512848
1559347888696,7.317,122.1,0.05704,0.522,3.635512848
1559347888742,7.363,122.1,0.05704,0.522,3.635512848
1559347888788,7.409,122.1,0.05704,0.522,3.635512848
1559347888850,7.471,122.1,0.05697,0.521,3.624095277
1559347888896,7.517,122.1,0.05697,0.521,3.624095277
1559347888943,7.564,122.1,0.05697,0.521,3.624095277
1559347888989,7.61,122.1,0.05697,0.521,3.624095277
1559347889050,7.671,122.0,0.05691,0.522,3.62425644
1559347889096,7.717,122.0,0.05691,0.522,3.62425644
1559347889142,7.763,122.0,0.05691,0.522,3.62425644
1559347889188,7.809,122.0,0.05691,0.522,3.62425644
1559347889251,7.872,122.0,0.05648,0.525,3.617544
1559347889297,7.918,122.0,0.05648,0.525,3.617544
1559347889343,7.964,122.0,0.05648,0.525,3.617544
1559347889389,8.01,122.0,0.05648,0.525,3.617544
1559347889451,8.072,122.0,0.05664,0.526,3.63470208
1559347889496,8.117,122.0,0.05664,0.526,3.63470208
1559347889542,8.163,122.0,0.05664,0.526,3.63470208
1559347889588,8.209,122.0,0.05664,0.526,3.63470208
1559347889650,8.271,122.1,0.05642,0.527,3.630440814
1559347889696,8.317,122.1,0.05642,0.527,3.630440814
1559347889742,8.363,122.1,0.05642,0.527,3.630440814
1559347889787,8.408,122.1,0.05642,0.527,3.630440814
1559347889849,8.47,122.1,0.05645,0.527,3.632371215
1559347889895,8.516,122.1,0.05645,0.527,3.632371215
1559347889940,8.561,122.1,0.05645,0.527,3.632371215
1559347889986,8.607,122.1,0.05645,0.527,3.632371215
1559347890050,8.671,122.1,0.05643,0.527,3.631084281
1559347890096,8.717,122.1,0.05643,0.527,3.631084281
1559347890142,8.763,122.1,0.05643,0.527,3.631084281
1559347890187,8.808,122.1,0.05643,0.527,3.631084281
1559347890250,8.871,122.1,0.05636,0.527,3.626580012
1559347890296,8.917,122.1,0.05636,0.527,3.626580012
1559347890342,8.963,122.1,0.05636,0.527,3.626580012
1559347890388,9.009,122.1,0.05636,0.527,3.626580012
1559347890450,9.071,122.1,0.05629,0.527,3.622075743
1559347890497,9.118,122.1,0.05629,0.527,3.622075743
1559347890543,9.164,122.1,0.05629,0.527,3.622075743
1559347890589,9.21,122.1,0.05629,0.527,3.622075743
1559347890650,9.271,122.1,0.05655,0.525,3.624996375
1559347890696,9.317,122.1,0.05655,0.525,3.624996375
1559347890743,9.364,122.1,0.05655,0.525,3.624996375
1559347890789,9.41,122.1,0.05655,0.525,3.624996375
1559347890850,9.471,122.1,0.05627,0.527,3.620788809
1559347890896,9.517,122.1,0.05627,0.527,3.620788809
1559347890942,9.563,122.1,0.05627,0.527,3.620788809
1559347890988,9.609,122.1,0.05627,0.527,3.620788809
1559347891050,9.671,122.1,0.05642,0.526,3.623551932
1559347891096,9.717,122.1,0.05642,0.526,3.623551932
1559347891142,9.763,122.1,0.05642,0.526,3.623551932
1559347891189,9.81,122.1,0.05642,0.526,3.623551932
1559347891250,9.871,122.1,0.0564,0.526,3.62226744
1559347891296,9.917,122.1,0.0564,0.526,3.62226744
1559347891342,9.963,122.1,0.0564,0.526,3.62226744
1559347891388,10.009,122.1,0.0564,0.526,3.62226744
