# Fri May 31 16:56:58 2019
abstime,time_stamp,volt,curr,pf,mul
1559347018781,0.079,122.0,0.05237,0.524,3.34790936
1559347018828,0.126,122.0,0.05237,0.524,3.34790936
1559347018874,0.172,122.0,0.05237,0.524,3.34790936
1559347018920,0.218,122.0,0.05237,0.524,3.34790936
1559347018966,0.264,122.0,0.0525,0.524,3.35622
1559347019011,0.309,122.0,0.0525,0.524,3.35622
1559347019057,0.355,122.0,0.0525,0.524,3.35622
1559347019103,0.401,122.0,0.0525,0.524,3.35622
1559347019149,0.447,122.0,0.05294,0.526,3.39726568
1559347019195,0.493,122.0,0.05294,0.526,3.39726568
1559347019241,0.539,122.0,0.05294,0.526,3.39726568
1559347019286,0.584,122.0,0.05294,0.526,3.39726568
1559347019341,0.639,122.0,0.05426,0.53,3.5084516
1559347019387,0.685,122.0,0.05426,0.53,3.5084516
1559347019433,0.731,122.0,0.05426,0.53,3.5084516
1559347019479,0.777,122.0,0.05426,0.53,3.5084516
1559347019540,0.838,121.9,0.05429,0.532,3.520749932
1559347019586,0.884,121.9,0.05429,0.532,3.520749932
1559347019632,0.93,121.9,0.05429,0.532,3.520749932
1559347019679,0.977,121.9,0.05429,0.532,3.520749932
1559347019741,1.039,121.9,0.05367,0.53,3.46745769
1559347019787,1.085,121.9,0.05367,0.53,3.46745769
1559347019833,1.131,121.9,0.05367,0.53,3.46745769
1559347019879,1.177,121.9,0.05367,0.53,3.46745769
1559347019940,1.238,121.9,0.05783,0.54,3.80671758
1559347019986,1.284,121.9,0.05783,0.54,3.80671758
1559347020032,1.33,121.9,0.05783,0.54,3.80671758
1559347020078,1.376,121.9,0.05783,0.54,3.80671758
1559347020140,1.438,121.9,0.05646,0.535,3.68212359
1559347020187,1.485,121.9,0.05646,0.535,3.68212359
1559347020233,1.531,121.9,0.05646,0.535,3.68212359
1559347020279,1.577,121.9,0.05646,0.535,3.68212359
1559347020341,1.639,122.0,0.05647,0.536,3.69268624
1559347020387,1.685,122.0,0.05647,0.536,3.69268624
1559347020433,1.731,122.0,0.05647,0.536,3.69268624
1559347020479,1.777,122.0,0.05647,0.536,3.69268624
1559347020540,1.838,122.0,0.05655,0.535,3.6910185
1559347020586,1.884,122.0,0.05655,0.535,3.6910185
1559347020633,1.931,122.0,0.05655,0.535,3.6910185
1559347020680,1.978,122.0,0.05655,0.535,3.6910185
1559347020741,2.039,121.9,0.05633,0.537,3.687378699
1559347020787,2.085,121.9,0.05633,0.537,3.687378699
1559347020833,2.131,121.9,0.05633,0.537,3.687378699
1559347020879,2.177,121.9,0.05633,0.537,3.687378699
1559347020941,2.239,122.0,0.05638,0.537,3.69367932
1559347020987,2.285,122.0,0.05638,0.537,3.69367932
1559347021034,2.332,122.0,0.05638,0.537,3.69367932
1559347021080,2.378,122.0,0.05638,0.537,3.69367932
1559347021141,2.439,122.0,0.05661,0.533,3.68112186
1559347021187,2.485,122.0,0.05661,0.533,3.68112186
1559347021233,2.531,122.0,0.05661,0.533,3.68112186
1559347021279,2.577,122.0,0.05661,0.533,3.68112186
1559347021340,2.638,122.0,0.05577,0.542,3.68773548
1559347021386,2.684,122.0,0.05577,0.542,3.68773548
1559347021432,2.73,122.0,0.05577,0.542,3.68773548
1559347021478,2.776,122.0,0.05577,0.542,3.68773548
1559347021540,2.838,122.0,0.05595,0.541,3.6928119
1559347021586,2.884,122.0,0.05595,0.541,3.6928119
1559347021633,2.931,122.0,0.05595,0.541,3.6928119
1559347021679,2.977,122.0,0.05595,0.541,3.6928119
1559347021741,3.039,122.0,0.05594,0.541,3.69215188
1559347021787,3.085,122.0,0.05594,0.541,3.69215188
1559347021833,3.131,122.0,0.05594,0.541,3.69215188
1559347021879,3.177,122.0,0.05594,0.541,3.69215188
1559347021940,3.238,122.0,0.05591,0.541,3.69017182
1559347021986,3.284,122.0,0.05591,0.541,3.69017182
1559347022032,3.33,122.0,0.05591,0.541,3.69017182
1559347022080,3.378,122.0,0.05591,0.541,3.69017182
1559347022141,3.439,122.0,0.05612,0.539,3.69033896
1559347022187,3.485,122.0,0.05612,0.539,3.69033896
1559347022233,3.531,122.0,0.05612,0.539,3.69033896
1559347022279,3.577,122.0,0.05612,0.539,3.69033896
1559347022340,3.638,122.0,0.05615,0.538,3.6854614
1559347022387,3.685,122.0,0.05615,0.538,3.6854614
1559347022433,3.731,122.0,0.05615,0.538,3.6854614
1559347022479,3.777,122.0,0.05615,0.538,3.6854614
1559347022541,3.839,122.0,0.056,0.539,3.682448
1559347022587,3.885,122.0,0.056,0.539,3.682448
1559347022633,3.931,122.0,0.056,0.539,3.682448
1559347022679,3.977,122.0,0.056,0.539,3.682448
1559347022740,4.038,122.0,0.0562,0.541,3.7093124
1559347022786,4.084,122.0,0.0562,0.541,3.7093124
1559347022832,4.13,122.0,0.0562,0.541,3.7093124
1559347022878,4.176,122.0,0.0562,0.541,3.7093124
1559347022940,4.238,122.0,0.05627,0.541,3.71393254
1559347022986,4.284,122.0,0.05627,0.541,3.71393254
1559347023032,4.33,122.0,0.05627,0.541,3.71393254
1559347023077,4.375,122.0,0.05627,0.541,3.71393254
1559347023141,4.439,122.0,0.05564,0.543,3.68592744
1559347023186,4.484,122.0,0.05564,0.543,3.68592744
1559347023232,4.53,122.0,0.05564,0.543,3.68592744
1559347023277,4.575,122.0,0.05564,0.543,3.68592744
1559347023340,4.638,122.0,0.05694,0.533,3.70258044
1559347023386,4.684,122.0,0.05694,0.533,3.70258044
1559347023431,4.729,122.0,0.05694,0.533,3.70258044
1559347023477,4.775,122.0,0.05694,0.533,3.70258044
1559347023540,4.838,122.0,0.05711,0.53,3.6927326
1559347023586,4.884,122.0,0.05711,0.53,3.6927326
1559347023633,4.931,122.0,0.05711,0.53,3.6927326
1559347023679,4.977,122.0,0.05711,0.53,3.6927326
1559347023741,5.039,121.9,0.0571,0.53,3.6890597
1559347023787,5.085,121.9,0.0571,0.53,3.6890597
1559347023833,5.131,121.9,0.0571,0.53,3.6890597
1559347023879,5.177,121.9,0.0571,0.53,3.6890597
1559347023940,5.238,121.9,0.05715,0.53,3.69229005
1559347023986,5.284,121.9,0.05715,0.53,3.69229005
1559347024032,5.33,121.9,0.05715,0.53,3.69229005
1559347024078,5.376,121.9,0.05715,0.53,3.69229005
1559347024140,5.439,121.9,0.05776,0.524,3.689454656
1559347024187,5.485,121.9,0.05776,0.524,3.689454656
1559347024233,5.531,121.9,0.05776,0.524,3.689454656
1559347024279,5.577,121.9,0.05776,0.524,3.689454656
1559347024340,5.638,121.9,0.05746,0.527,3.691305098
1559347024386,5.684,121.9,0.05746,0.527,3.691305098
1559347024432,5.73,121.9,0.05746,0.527,3.691305098
1559347024478,5.776,121.9,0.05746,0.527,3.691305098
1559347024540,5.838,121.9,0.05698,0.53,3.68130686
1559347024586,5.884,121.9,0.05698,0.53,3.68130686
1559347024632,5.93,121.9,0.05698,0.53,3.68130686
1559347024679,5.978,121.9,0.05698,0.53,3.68130686
1559347024741,6.039,121.9,0.05721,0.53,3.69616647
1559347024787,6.085,121.9,0.05721,0.53,3.69616647
1559347024833,6.131,121.9,0.05721,0.53,3.69616647
1559347024879,6.177,121.9,0.05721,0.53,3.69616647
1559347024940,6.238,121.9,0.05731,0.531,3.709613259
1559347024986,6.284,121.9,0.05731,0.531,3.709613259
1559347025032,6.331,121.9,0.05731,0.531,3.709613259
1559347025079,6.377,121.9,0.05731,0.531,3.709613259
1559347025141,6.439,121.9,0.05684,0.532,3.686119472
1559347025187,6.485,121.9,0.05684,0.532,3.686119472
1559347025233,6.531,121.9,0.05684,0.532,3.686119472
1559347025279,6.578,121.9,0.05684,0.532,3.686119472
1559347025341,6.639,122.0,0.05686,0.532,3.69044144
1559347025387,6.685,122.0,0.05686,0.532,3.69044144
1559347025433,6.731,122.0,0.05686,0.532,3.69044144
1559347025479,6.777,122.0,0.05686,0.532,3.69044144
1559347025540,6.838,122.0,0.05671,0.532,3.68070584
1559347025586,6.884,122.0,0.05671,0.532,3.68070584
1559347025632,6.93,122.0,0.05671,0.532,3.68070584
1559347025679,6.978,122.0,0.05671,0.532,3.68070584
1559347025741,7.039,122.0,0.05696,0.53,3.6830336
1559347025787,7.085,122.0,0.05696,0.53,3.6830336
1559347025833,7.131,122.0,0.05696,0.53,3.6830336
1559347025879,7.177,122.0,0.05696,0.53,3.6830336
1559347025940,7.238,122.0,0.05703,0.531,3.69451746
1559347025986,7.284,122.0,0.05703,0.531,3.69451746
1559347026032,7.33,122.0,0.05703,0.531,3.69451746
1559347026079,7.377,122.0,0.05703,0.531,3.69451746
1559347026140,7.438,122.0,0.057,0.53,3.68562
1559347026186,7.484,122.0,0.057,0.53,3.68562
1559347026232,7.53,122.0,0.057,0.53,3.68562
1559347026278,7.576,122.0,0.057,0.53,3.68562
1559347026340,7.638,122.0,0.05695,0.531,3.6893349
1559347026386,7.685,122.0,0.05695,0.531,3.6893349
1559347026433,7.731,122.0,0.05695,0.531,3.6893349
1559347026479,7.777,122.0,0.05695,0.531,3.6893349
1559347026540,7.838,122.0,0.05677,0.533,3.69152602
1559347026586,7.884,122.0,0.05677,0.533,3.69152602
1559347026632,7.93,122.0,0.05677,0.533,3.69152602
1559347026678,7.976,122.0,0.05677,0.533,3.69152602
1559347026740,8.038,122.0,0.05691,0.531,3.68674362
1559347026786,8.084,122.0,0.05691,0.531,3.68674362
1559347026833,8.131,122.0,0.05691,0.531,3.68674362
1559347026879,8.177,122.0,0.05691,0.531,3.68674362
1559347026940,8.238,121.9,0.05677,0.534,3.695420442
1559347026986,8.284,121.9,0.05677,0.534,3.695420442
1559347027032,8.33,121.9,0.05677,0.534,3.695420442
1559347027078,8.376,121.9,0.05677,0.534,3.695420442
1559347027140,8.438,121.9,0.0571,0.53,3.6890597
1559347027186,8.485,121.9,0.0571,0.53,3.6890597
1559347027233,8.531,121.9,0.0571,0.53,3.6890597
1559347027279,8.577,121.9,0.0571,0.53,3.6890597
1559347027340,8.638,121.9,0.05691,0.531,3.683721699
1559347027386,8.684,121.9,0.05691,0.531,3.683721699
1559347027432,8.73,121.9,0.05691,0.531,3.683721699
1559347027478,8.776,121.9,0.05691,0.531,3.683721699
1559347027540,8.838,121.9,0.05701,0.53,3.68324507
1559347027586,8.884,121.9,0.05701,0.53,3.68324507
1559347027632,8.93,121.9,0.05701,0.53,3.68324507
1559347027678,8.977,121.9,0.05701,0.53,3.68324507
1559347027740,9.038,121.9,0.05731,0.528,3.688654992
1559347027785,9.084,121.9,0.05731,0.528,3.688654992
1559347027831,9.129,121.9,0.05731,0.528,3.688654992
1559347027878,9.176,121.9,0.05731,0.528,3.688654992
1559347027940,9.238,121.9,0.05743,0.529,3.703379293
1559347027986,9.284,121.9,0.05743,0.529,3.703379293
1559347028032,9.33,121.9,0.05743,0.529,3.703379293
1559347028078,9.377,121.9,0.05743,0.529,3.703379293
1559347028139,9.438,121.9,0.05742,0.528,3.695734944
1559347028185,9.483,121.9,0.05742,0.528,3.695734944
1559347028232,9.53,121.9,0.05742,0.528,3.695734944
1559347028278,9.576,121.9,0.05742,0.528,3.695734944
1559347028340,9.638,121.9,0.05727,0.528,3.686080464
1559347028386,9.684,121.9,0.05727,0.528,3.686080464
1559347028432,9.73,121.9,0.05727,0.528,3.686080464
1559347028478,9.776,121.9,0.05727,0.528,3.686080464
1559347028539,9.838,122.0,0.05723,0.529,3.69350974
1559347028585,9.883,122.0,0.05723,0.529,3.69350974
1559347028631,9.929,122.0,0.05723,0.529,3.69350974
1559347028678,9.976,122.0,0.05723,0.529,3.69350974
1559347028740,10.038,122.0,0.05703,0.531,3.69451746
