# Fri May 31 17:06:45 2019
abstime,time_stamp,volt,curr,pf,mul
1559347605987,0.081,121.9,0.05108,0.511,3.181819172
1559347606034,0.128,121.9,0.05108,0.511,3.181819172
1559347606080,0.174,121.9,0.05296,0.515,3.32474936
1559347606126,0.22,121.9,0.05296,0.515,3.32474936
1559347606171,0.265,121.9,0.05296,0.515,3.32474936
1559347606217,0.311,121.9,0.05296,0.515,3.32474936
1559347606279,0.373,121.9,0.05124,0.511,3.191785716
1559347606325,0.419,121.9,0.05124,0.511,3.191785716
1559347606371,0.465,121.9,0.05124,0.511,3.191785716
1559347606416,0.51,121.9,0.05124,0.511,3.191785716
1559347606479,0.573,121.9,0.05245,0.517,3.305519635
1559347606525,0.619,121.9,0.05245,0.517,3.305519635
1559347606571,0.665,121.9,0.05245,0.517,3.305519635
1559347606617,0.711,121.9,0.05245,0.517,3.305519635
1559347606680,0.774,122.0,0.05306,0.519,3.35965308
1559347606726,0.82,122.0,0.05306,0.519,3.35965308
1559347606772,0.866,122.0,0.05306,0.519,3.35965308
1559347606818,0.912,122.0,0.05306,0.519,3.35965308
1559347606880,0.974,122.0,0.05337,0.522,3.39881508
1559347606926,1.02,122.0,0.05337,0.522,3.39881508
1559347606972,1.066,122.0,0.05337,0.522,3.39881508
1559347607018,1.113,122.0,0.05337,0.522,3.39881508
1559347607080,1.174,122.0,0.05352,0.519,3.38877936
1559347607126,1.22,122.0,0.05352,0.519,3.38877936
1559347607172,1.266,122.0,0.05352,0.519,3.38877936
1559347607218,1.312,122.0,0.05352,0.519,3.38877936
1559347607279,1.373,122.0,0.05649,0.526,3.62507628
1559347607325,1.419,122.0,0.05649,0.526,3.62507628
1559347607371,1.465,122.0,0.05649,0.526,3.62507628
1559347607417,1.511,122.0,0.05649,0.526,3.62507628
1559347607479,1.573,122.0,0.05634,0.526,3.61545048
1559347607525,1.619,122.0,0.05634,0.526,3.61545048
1559347607571,1.666,122.0,0.05634,0.526,3.61545048
1559347607618,1.712,122.0,0.05634,0.526,3.61545048
1559347607680,1.774,122.0,0.05641,0.526,3.61994252
1559347607726,1.82,122.0,0.05641,0.526,3.61994252
1559347607772,1.866,122.0,0.05641,0.526,3.61994252
1559347607818,1.912,122.0,0.05641,0.526,3.61994252
1559347607879,1.973,122.1,0.05595,0.528,3.60702936
1559347607925,2.019,122.1,0.05595,0.528,3.60702936
1559347607971,2.065,122.1,0.05595,0.528,3.60702936
1559347608017,2.112,122.1,0.05595,0.528,3.60702936
1559347608080,2.174,122.0,0.05654,0.525,3.621387
1559347608126,2.22,122.0,0.05654,0.525,3.621387
1559347608172,2.266,122.0,0.05654,0.525,3.621387
1559347608218,2.312,122.0,0.05654,0.525,3.621387
1559347608280,2.374,122.0,0.05621,0.529,3.62768098
1559347608327,2.421,122.0,0.05621,0.529,3.62768098
1559347608373,2.467,122.0,0.05621,0.529,3.62768098
1559347608419,2.513,122.0,0.05621,0.529,3.62768098
1559347608480,2.574,122.1,0.05597,0.53,3.62198661
1559347608526,2.62,122.1,0.05597,0.53,3.62198661
1559347608572,2.666,122.1,0.05597,0.53,3.62198661
1559347608618,2.712,122.1,0.05597,0.53,3.62198661
1559347608680,2.774,122.1,0.05611,0.53,3.63104643
1559347608727,2.821,122.1,0.05611,0.53,3.63104643
1559347608773,2.867,122.1,0.05611,0.53,3.63104643
1559347608819,2.913,122.1,0.05611,0.53,3.63104643
1559347608880,2.974,122.1,0.05628,0.528,3.628304064
1559347608926,3.02,122.1,0.05628,0.528,3.628304064
1559347608972,3.066,122.1,0.05628,0.528,3.628304064
1559347609018,3.112,122.1,0.05628,0.528,3.628304064
1559347609080,3.174,122.0,0.05656,0.523,3.60886736
1559347609127,3.221,122.0,0.05656,0.523,3.60886736
1559347609173,3.267,122.0,0.05656,0.523,3.60886736
1559347609219,3.313,122.0,0.05656,0.523,3.60886736
1559347609280,3.374,122.0,0.05632,0.527,3.62103808
1559347609326,3.42,122.0,0.05632,0.527,3.62103808
1559347609372,3.466,122.0,0.05632,0.527,3.62103808
1559347609418,3.513,122.0,0.05632,0.527,3.62103808
1559347609480,3.574,122.0,0.05668,0.524,3.62343904
1559347609525,3.619,122.0,0.05668,0.524,3.62343904
1559347609571,3.666,122.0,0.05668,0.524,3.62343904
1559347609618,3.712,122.0,0.05668,0.524,3.62343904
1559347609680,3.774,122.0,0.05651,0.526,3.62635972
1559347609726,3.82,122.0,0.05651,0.526,3.62635972
1559347609772,3.866,122.0,0.05651,0.526,3.62635972
1559347609818,3.912,122.0,0.05651,0.526,3.62635972
1559347609880,3.974,122.0,0.05645,0.525,3.6156225
1559347609925,4.019,122.0,0.05645,0.525,3.6156225
1559347609979,4.073,122.0,0.05645,0.525,3.6156225
1559347610026,4.12,122.0,0.05645,0.525,3.6156225
1559347610081,4.175,122.0,0.05665,0.528,3.6491664
1559347610127,4.221,122.0,0.05665,0.528,3.6491664
1559347610173,4.267,122.0,0.05665,0.528,3.6491664
1559347610219,4.313,122.0,0.05665,0.528,3.6491664
1559347610280,4.374,121.9,0.05607,0.534,3.649854222
1559347610326,4.42,121.9,0.05607,0.534,3.649854222
1559347610372,4.466,121.9,0.05607,0.534,3.649854222
1559347610418,4.512,121.9,0.05607,0.534,3.649854222
1559347610479,4.573,121.9,0.05622,0.53,3.63220554
1559347610525,4.619,121.9,0.05622,0.53,3.63220554
1559347610570,4.664,121.9,0.05622,0.53,3.63220554
1559347610616,4.71,121.9,0.05622,0.53,3.63220554
1559347610679,4.773,122.0,0.05633,0.53,3.6422978
1559347610724,4.818,122.0,0.05633,0.53,3.6422978
1559347610769,4.863,122.0,0.05633,0.53,3.6422978
1559347610815,4.909,122.0,0.05633,0.53,3.6422978
1559347610879,4.973,122.0,0.05613,0.529,3.62251794
1559347610925,5.019,122.0,0.05613,0.529,3.62251794
1559347610971,5.065,122.0,0.05613,0.529,3.62251794
1559347611017,5.111,122.0,0.05613,0.529,3.62251794
1559347611079,5.173,122.0,0.05684,0.529,3.66833992
1559347611126,5.22,122.0,0.05684,0.529,3.66833992
1559347611172,5.266,122.0,0.05684,0.529,3.66833992
1559347611218,5.312,122.0,0.05684,0.529,3.66833992
1559347611279,5.373,121.9,0.05766,0.53,3.72523962
1559347611325,5.419,121.9,0.05766,0.53,3.72523962
1559347611371,5.465,121.9,0.05766,0.53,3.72523962
1559347611417,5.511,121.9,0.05766,0.53,3.72523962
1559347611479,5.574,122.0,0.05719,0.526,3.66999668
1559347611526,5.62,122.0,0.05719,0.526,3.66999668
1559347611572,5.666,122.0,0.05719,0.526,3.66999668
1559347611618,5.712,122.0,0.05719,0.526,3.66999668
1559347611679,5.773,122.1,0.05663,0.525,3.630124575
1559347611725,5.819,122.1,0.05663,0.525,3.630124575
1559347611771,5.865,122.1,0.05663,0.525,3.630124575
1559347611817,5.911,122.1,0.05663,0.525,3.630124575
1559347611879,5.973,122.1,0.0566,0.523,3.61437978
1559347611925,6.019,122.1,0.0566,0.523,3.61437978
1559347611971,6.065,122.1,0.0566,0.523,3.61437978
1559347612017,6.112,122.1,0.0566,0.523,3.61437978
1559347612078,6.172,122.1,0.05643,0.527,3.631084281
1559347612124,6.219,122.1,0.05643,0.527,3.631084281
1559347612170,6.265,122.1,0.05643,0.527,3.631084281
1559347612216,6.311,122.1,0.05643,0.527,3.631084281
1559347612279,6.373,122.0,0.05634,0.528,3.62919744
1559347612325,6.419,122.0,0.05634,0.528,3.62919744
1559347612371,6.465,122.0,0.05634,0.528,3.62919744
1559347612417,6.511,122.0,0.05634,0.528,3.62919744
1559347612478,6.572,122.0,0.05552,0.535,3.6237904
1559347612524,6.619,122.0,0.05552,0.535,3.6237904
1559347612570,6.665,122.0,0.05552,0.535,3.6237904
1559347612616,6.711,122.0,0.05552,0.535,3.6237904
1559347612679,6.773,122.0,0.05581,0.532,3.62229224
1559347612725,6.819,122.0,0.05581,0.532,3.62229224
1559347612771,6.865,122.0,0.05581,0.532,3.62229224
1559347612817,6.911,122.0,0.05581,0.532,3.62229224
1559347612879,6.973,122.0,0.05564,0.533,3.61804664
1559347612925,7.02,122.0,0.05564,0.533,3.61804664
1559347612972,7.066,122.0,0.05564,0.533,3.61804664
1559347613018,7.112,122.0,0.05564,0.533,3.61804664
1559347613079,7.173,122.0,0.05521,0.537,3.61702794
1559347613125,7.219,122.0,0.05521,0.537,3.61702794
1559347613171,7.265,122.0,0.05521,0.537,3.61702794
1559347613217,7.311,122.0,0.05521,0.537,3.61702794
1559347613278,7.372,122.0,0.05592,0.532,3.62943168
1559347613324,7.418,122.0,0.05592,0.532,3.62943168
1559347613370,7.464,122.0,0.05592,0.532,3.62943168
1559347613416,7.511,122.0,0.05592,0.532,3.62943168
1559347613479,7.573,122.0,0.05563,0.534,3.62418324
1559347613525,7.619,122.0,0.05563,0.534,3.62418324
1559347613571,7.665,122.0,0.05563,0.534,3.62418324
1559347613617,7.711,122.0,0.05563,0.534,3.62418324
1559347613678,7.772,122.0,0.05559,0.535,3.6283593
1559347613724,7.818,122.0,0.05559,0.535,3.6283593
1559347613770,7.864,122.0,0.05559,0.535,3.6283593
1559347613816,7.91,122.0,0.05559,0.535,3.6283593
1559347613879,7.973,122.0,0.05605,0.53,3.624193
1559347613925,8.019,122.0,0.05605,0.53,3.624193
1559347613971,8.065,122.0,0.05605,0.53,3.624193
1559347614017,8.111,122.0,0.05605,0.53,3.624193
1559347614079,8.173,122.0,0.05553,0.535,3.6244431
1559347614125,8.219,122.0,0.05553,0.535,3.6244431
1559347614171,8.265,122.0,0.05553,0.535,3.6244431
1559347614217,8.311,122.0,0.05553,0.535,3.6244431
1559347614278,8.372,121.9,0.05578,0.532,3.617377624
1559347614324,8.418,121.9,0.05578,0.532,3.617377624
1559347614370,8.464,121.9,0.05578,0.532,3.617377624
1559347614416,8.51,121.9,0.05578,0.532,3.617377624
1559347614479,8.573,121.9,0.0558,0.533,3.62547666
1559347614525,8.619,121.9,0.0558,0.533,3.62547666
1559347614571,8.665,121.9,0.0558,0.533,3.62547666
1559347614617,8.711,121.9,0.0558,0.533,3.62547666
1559347614678,8.772,121.9,0.05605,0.532,3.63488734
1559347614725,8.819,121.9,0.05605,0.532,3.63488734
1559347614771,8.865,121.9,0.05605,0.532,3.63488734
1559347614817,8.911,121.9,0.05605,0.532,3.63488734
1559347614879,8.973,121.9,0.05623,0.529,3.625997173
1559347614925,9.019,121.9,0.05623,0.529,3.625997173
1559347614971,9.065,121.9,0.05623,0.529,3.625997173
1559347615017,9.111,121.9,0.05623,0.529,3.625997173
1559347615078,9.172,121.9,0.05609,0.53,3.62380663
1559347615125,9.219,121.9,0.05609,0.53,3.62380663
1559347615171,9.265,121.9,0.05609,0.53,3.62380663
1559347615217,9.311,121.9,0.05609,0.53,3.62380663
1559347615279,9.373,121.9,0.05592,0.53,3.61282344
1559347615325,9.419,121.9,0.05592,0.53,3.61282344
1559347615371,9.465,121.9,0.05592,0.53,3.61282344
1559347615417,9.511,121.9,0.05592,0.53,3.61282344
1559347615478,9.572,121.9,0.05614,0.529,3.620193514
1559347615524,9.618,121.9,0.05614,0.529,3.620193514
1559347615571,9.665,121.9,0.05614,0.529,3.620193514
1559347615617,9.711,121.9,0.05614,0.529,3.620193514
1559347615679,9.773,121.9,0.05632,0.531,3.645531648
1559347615725,9.819,121.9,0.05632,0.531,3.645531648
1559347615771,9.865,121.9,0.05632,0.531,3.645531648
1559347615817,9.911,121.9,0.05632,0.531,3.645531648
1559347615879,9.973,121.9,0.05548,0.537,3.631737444
1559347615925,10.019,121.9,0.05548,0.537,3.631737444
