# Fri May 31 17:50:00 2019
abstime,time_stamp,volt,curr,pf,mul
1559350200756,0.08,122.1,0.05439,0.534,3.546304146
1559350200808,0.132,122.1,0.06377,0.559,4.352551203
1559350200853,0.177,122.1,0.06377,0.559,4.352551203
1559350200899,0.223,122.1,0.06377,0.559,4.352551203
1559350200945,0.269,122.1,0.06377,0.559,4.352551203
1559350201015,0.339,122.2,0.06369,0.557,4.335085326
1559350201061,0.385,122.2,0.06369,0.557,4.335085326
1559350201107,0.431,122.2,0.06369,0.557,4.335085326
1559350201153,0.477,122.2,0.06369,0.557,4.335085326
1559350201208,0.532,122.2,0.06364,0.557,4.331682056
1559350201254,0.578,122.2,0.06364,0.557,4.331682056
1559350201300,0.624,122.2,0.06364,0.557,4.331682056
1559350201345,0.669,122.2,0.06364,0.557,4.331682056
1559350201409,0.733,122.1,0.06377,0.558,4.344764886
1559350201455,0.779,122.1,0.06377,0.558,4.344764886
1559350201501,0.825,122.1,0.06377,0.558,4.344764886
1559350201548,0.872,122.1,0.06377,0.558,4.344764886
1559350201609,0.933,122.1,0.06363,0.559,4.342995657
1559350201655,0.979,122.1,0.06363,0.559,4.342995657
1559350201701,1.025,122.1,0.06363,0.559,4.342995657
1559350201747,1.071,122.1,0.06363,0.559,4.342995657
1559350201808,1.132,122.1,0.06353,0.561,4.351684293
1559350201854,1.178,122.1,0.06353,0.561,4.351684293
1559350201900,1.224,122.1,0.06353,0.561,4.351684293
1559350201946,1.27,122.1,0.06353,0.561,4.351684293
1559350202009,1.333,122.1,0.06352,0.56,4.34324352
1559350202055,1.379,122.1,0.06352,0.56,4.34324352
1559350202101,1.425,122.1,0.06352,0.56,4.34324352
1559350202147,1.471,122.1,0.06352,0.56,4.34324352
1559350202208,1.532,122.1,0.06352,0.561,4.350999312
1559350202254,1.578,122.1,0.06352,0.561,4.350999312
1559350202300,1.624,122.1,0.06352,0.561,4.350999312
1559350202346,1.67,122.1,0.06352,0.561,4.350999312
1559350202409,1.733,122.1,0.06347,0.561,4.347574407
1559350202455,1.779,122.1,0.06347,0.561,4.347574407
1559350202501,1.825,122.1,0.06347,0.561,4.347574407
1559350202547,1.871,122.1,0.06347,0.561,4.347574407
1559350202608,1.932,122.1,0.06355,0.559,4.337535345
1559350202654,1.978,122.1,0.06355,0.559,4.337535345
1559350202699,2.024,122.1,0.06355,0.559,4.337535345
1559350202746,2.07,122.1,0.06355,0.559,4.337535345
1559350202808,2.132,122.1,0.06358,0.56,4.34734608
1559350202854,2.178,122.1,0.06358,0.56,4.34734608
1559350202900,2.224,122.1,0.06358,0.56,4.34734608
1559350202946,2.27,122.1,0.06358,0.56,4.34734608
1559350203008,2.333,122.1,0.06366,0.559,4.345043274
1559350203054,2.379,122.1,0.06366,0.559,4.345043274
1559350203101,2.425,122.1,0.06366,0.559,4.345043274
1559350203147,2.471,122.1,0.06366,0.559,4.345043274
1559350203208,2.532,122.1,0.06321,0.562,4.337482842
1559350203254,2.578,122.1,0.06321,0.562,4.337482842
1559350203300,2.624,122.1,0.06321,0.562,4.337482842
1559350203346,2.67,122.1,0.06321,0.562,4.337482842
1559350203408,2.733,122.1,0.06321,0.563,4.345200783
1559350203455,2.779,122.1,0.06321,0.563,4.345200783
1559350203501,2.825,122.1,0.06321,0.563,4.345200783
1559350203547,2.871,122.1,0.06321,0.563,4.345200783
1559350203608,2.932,122.1,0.06369,0.559,4.347090891
1559350203654,2.978,122.1,0.06369,0.559,4.347090891
1559350203700,3.024,122.1,0.06369,0.559,4.347090891
1559350203746,3.07,122.1,0.06369,0.559,4.347090891
1559350203808,3.132,122.1,0.06459,0.561,4.424292279
1559350203855,3.179,122.1,0.06459,0.561,4.424292279
1559350203901,3.225,122.1,0.06459,0.561,4.424292279
1559350203947,3.271,122.1,0.06459,0.561,4.424292279
1559350204008,3.332,122.2,0.06355,0.56,4.3488536
1559350204054,3.378,122.2,0.06355,0.56,4.3488536
1559350204100,3.424,122.2,0.06355,0.56,4.3488536
1559350204146,3.47,122.2,0.06355,0.56,4.3488536
1559350204208,3.532,122.2,0.06349,0.56,4.34474768
1559350204254,3.578,122.2,0.06349,0.56,4.34474768
1559350204300,3.624,122.2,0.06349,0.56,4.34474768
1559350204346,3.67,122.2,0.06349,0.56,4.34474768
1559350204408,3.732,122.1,0.06366,0.559,4.345043274
1559350204454,3.778,122.1,0.06366,0.559,4.345043274
1559350204500,3.824,122.1,0.06366,0.559,4.345043274
1559350204546,3.87,122.1,0.06366,0.559,4.345043274
1559350204609,3.933,122.1,0.06371,0.558,4.340676978
1559350204655,3.979,122.1,0.06371,0.558,4.340676978
1559350204701,4.025,122.1,0.06371,0.558,4.340676978
1559350204747,4.071,122.1,0.06371,0.558,4.340676978
1559350204808,4.132,122.1,0.06397,0.557,4.350580509
1559350204853,4.177,122.1,0.06397,0.557,4.350580509
1559350204900,4.224,122.1,0.06397,0.557,4.350580509
1559350204946,4.27,122.1,0.06397,0.557,4.350580509
1559350205008,4.332,122.2,0.06382,0.558,4.351732632
1559350205054,4.378,122.2,0.06382,0.558,4.351732632
1559350205100,4.424,122.2,0.06382,0.558,4.351732632
1559350205146,4.47,122.2,0.06382,0.558,4.351732632
1559350205208,4.532,122.2,0.06374,0.558,4.346277624
1559350205254,4.578,122.2,0.06374,0.558,4.346277624
1559350205300,4.624,122.2,0.06374,0.558,4.346277624
1559350205346,4.67,122.2,0.06374,0.558,4.346277624
1559350205408,4.732,122.1,0.0637,0.56,4.3555512
1559350205454,4.778,122.1,0.0637,0.56,4.3555512
1559350205500,4.824,122.1,0.0637,0.56,4.3555512
1559350205546,4.87,122.1,0.0637,0.56,4.3555512
1559350205608,4.932,122.1,0.06368,0.56,4.35418368
1559350205655,4.979,122.1,0.06368,0.56,4.35418368
1559350205701,5.025,122.1,0.06368,0.56,4.35418368
1559350205747,5.071,122.1,0.06368,0.56,4.35418368
1559350205808,5.132,122.1,0.06384,0.56,4.36512384
1559350205859,5.183,122.1,0.06384,0.56,4.36512384
1559350205906,5.23,122.1,0.06384,0.56,4.36512384
1559350205952,5.276,122.1,0.06384,0.56,4.36512384
1559350206007,5.331,122.1,0.06343,0.562,4.352579286
1559350206053,5.377,122.1,0.06343,0.562,4.352579286
1559350206098,5.422,122.1,0.06343,0.562,4.352579286
1559350206143,5.467,122.1,0.06343,0.562,4.352579286
1559350206208,5.532,122.1,0.06363,0.56,4.35076488
1559350206253,5.577,122.1,0.06363,0.56,4.35076488
1559350206299,5.623,122.1,0.06363,0.56,4.35076488
1559350206345,5.669,122.1,0.06363,0.56,4.35076488
1559350206407,5.731,122.1,0.06374,0.559,4.350503586
1559350206453,5.777,122.1,0.06374,0.559,4.350503586
1559350206499,5.823,122.1,0.06374,0.559,4.350503586
1559350206545,5.869,122.1,0.06374,0.559,4.350503586
1559350206608,5.932,122.1,0.06409,0.558,4.366567062
1559350206654,5.978,122.1,0.06409,0.558,4.366567062
1559350206700,6.024,122.1,0.06409,0.558,4.366567062
1559350206746,6.07,122.1,0.06409,0.558,4.366567062
1559350206808,6.132,122.1,0.06372,0.559,4.349138508
1559350206854,6.178,122.1,0.06372,0.559,4.349138508
1559350206900,6.224,122.1,0.06372,0.559,4.349138508
1559350206947,6.271,122.1,0.06372,0.559,4.349138508
1559350207008,6.332,122.1,0.06388,0.558,4.352259384
1559350207054,6.378,122.1,0.06388,0.558,4.352259384
1559350207100,6.424,122.1,0.06388,0.558,4.352259384
1559350207146,6.47,122.1,0.06388,0.558,4.352259384
1559350207207,6.531,122.1,0.06364,0.56,4.35144864
1559350207253,6.577,122.1,0.06364,0.56,4.35144864
1559350207299,6.623,122.1,0.06364,0.56,4.35144864
1559350207345,6.669,122.1,0.06364,0.56,4.35144864
1559350207408,6.732,122.1,0.06364,0.561,4.359219084
1559350207454,6.778,122.1,0.06364,0.561,4.359219084
1559350207500,6.824,122.1,0.06364,0.561,4.359219084
1559350207546,6.87,122.1,0.06364,0.561,4.359219084
1559350207607,6.931,122.1,0.06381,0.562,4.378654962
1559350207654,6.978,122.1,0.06381,0.562,4.378654962
1559350207700,7.024,122.1,0.06381,0.562,4.378654962
1559350207746,7.07,122.1,0.06381,0.562,4.378654962
1559350207807,7.131,122.1,0.06438,0.563,4.425629274
1559350207853,7.177,122.1,0.06438,0.563,4.425629274
1559350207899,7.223,122.1,0.06438,0.563,4.425629274
1559350207945,7.269,122.1,0.06438,0.563,4.425629274
1559350208008,7.332,122.2,0.06358,0.561,4.358676036
1559350208054,7.378,122.2,0.06358,0.561,4.358676036
1559350208100,7.424,122.2,0.06358,0.561,4.358676036
1559350208146,7.47,122.2,0.06358,0.561,4.358676036
1559350208207,7.531,122.2,0.06365,0.559,4.34791877
1559350208254,7.578,122.2,0.06365,0.559,4.34791877
1559350208300,7.624,122.2,0.06365,0.559,4.34791877
1559350208346,7.67,122.2,0.06365,0.559,4.34791877
1559350208408,7.732,122.1,0.06371,0.56,4.35623496
1559350208454,7.778,122.1,0.06371,0.56,4.35623496
1559350208500,7.824,122.1,0.06371,0.56,4.35623496
1559350208547,7.871,122.1,0.06371,0.56,4.35623496
1559350208608,7.932,122.1,0.06371,0.56,4.35623496
1559350208654,7.978,122.1,0.06371,0.56,4.35623496
1559350208700,8.024,122.1,0.06371,0.56,4.35623496
1559350208746,8.07,122.1,0.06371,0.56,4.35623496
1559350208807,8.131,122.1,0.06373,0.56,4.35760248
1559350208853,8.177,122.1,0.06373,0.56,4.35760248
1559350208899,8.223,122.1,0.06373,0.56,4.35760248
1559350208945,8.269,122.1,0.06373,0.56,4.35760248
1559350209008,8.332,122.2,0.06382,0.559,4.359531436
1559350209054,8.378,122.2,0.06382,0.559,4.359531436
1559350209100,8.424,122.2,0.06382,0.559,4.359531436
1559350209146,8.47,122.2,0.06382,0.559,4.359531436
1559350209207,8.531,122.2,0.06383,0.559,4.360214534
1559350209254,8.578,122.2,0.06383,0.559,4.360214534
1559350209300,8.624,122.2,0.06383,0.559,4.360214534
1559350209346,8.67,122.2,0.06383,0.559,4.360214534
1559350209408,8.732,122.1,0.06416,0.556,4.355668416
1559350209454,8.778,122.1,0.06416,0.556,4.355668416
1559350209500,8.824,122.1,0.06416,0.556,4.355668416
1559350209547,8.871,122.1,0.06416,0.556,4.355668416
1559350209608,8.932,122.1,0.06362,0.562,4.365617124
1559350209654,8.978,122.1,0.06362,0.562,4.365617124
1559350209700,9.024,122.1,0.06362,0.562,4.365617124
1559350209746,9.07,122.1,0.06362,0.562,4.365617124
1559350209807,9.131,122.1,0.06368,0.562,4.369734336
1559350209853,9.177,122.1,0.06368,0.562,4.369734336
1559350209899,9.223,122.1,0.06368,0.562,4.369734336
1559350209946,9.27,122.1,0.06368,0.562,4.369734336
1559350210008,9.332,122.1,0.0637,0.56,4.3555512
1559350210054,9.378,122.1,0.0637,0.56,4.3555512
1559350210100,9.424,122.1,0.0637,0.56,4.3555512
1559350210146,9.47,122.1,0.0637,0.56,4.3555512
1559350210207,9.531,122.1,0.06384,0.559,4.357328976
1559350210254,9.578,122.1,0.06384,0.559,4.357328976
1559350210300,9.624,122.1,0.06384,0.559,4.357328976
1559350210346,9.67,122.1,0.06384,0.559,4.357328976
1559350210407,9.731,122.1,0.06385,0.559,4.358011515
1559350210453,9.777,122.1,0.06385,0.559,4.358011515
1559350210499,9.823,122.1,0.06385,0.559,4.358011515
1559350210545,9.869,122.1,0.06385,0.559,4.358011515
1559350210607,9.931,122.1,0.06378,0.561,4.368808818
1559350210653,9.977,122.1,0.06378,0.561,4.368808818
1559350210699,10.023,122.1,0.06378,0.561,4.368808818
