# Fri May 31 16:53:18 2019
abstime,time_stamp,volt,curr,pf,mul
1559346798446,0.08,121.9,0.05196,0.516,3.268304784
1559346798493,0.127,121.9,0.05196,0.516,3.268304784
1559346798539,0.173,121.9,0.05196,0.516,3.268304784
1559346798585,0.219,121.9,0.0544,0.527,3.49472672
1559346798631,0.265,121.9,0.0544,0.527,3.49472672
1559346798677,0.311,121.9,0.0544,0.527,3.49472672
1559346798723,0.357,121.9,0.0544,0.527,3.49472672
1559346798769,0.403,121.9,0.05237,0.52,3.31962956
1559346798815,0.449,121.9,0.05237,0.52,3.31962956
1559346798860,0.494,121.9,0.05237,0.52,3.31962956
1559346798906,0.54,121.9,0.05237,0.52,3.31962956
1559346798964,0.598,122.0,0.05522,0.531,3.57726204
1559346799010,0.644,122.0,0.05522,0.531,3.57726204
1559346799056,0.69,122.0,0.05522,0.531,3.57726204
1559346799102,0.736,122.0,0.05522,0.531,3.57726204
1559346799164,0.798,122.0,0.05487,0.528,3.53450592
1559346799210,0.844,122.0,0.05487,0.528,3.53450592
1559346799257,0.891,122.0,0.05487,0.528,3.53450592
1559346799303,0.937,122.0,0.05487,0.528,3.53450592
1559346799364,0.998,122.0,0.05684,0.533,3.69607784
1559346799410,1.044,122.0,0.05684,0.533,3.69607784
1559346799456,1.09,122.0,0.05684,0.533,3.69607784
1559346799502,1.136,122.0,0.05684,0.533,3.69607784
1559346799564,1.198,122.0,0.05668,0.532,3.67875872
1559346799610,1.244,122.0,0.05668,0.532,3.67875872
1559346799656,1.29,122.0,0.05668,0.532,3.67875872
1559346799702,1.336,122.0,0.05668,0.532,3.67875872
1559346799763,1.397,122.0,0.05685,0.533,3.6967281
1559346799810,1.444,122.0,0.05685,0.533,3.6967281
1559346799856,1.49,122.0,0.05685,0.533,3.6967281
1559346799902,1.536,122.0,0.05685,0.533,3.6967281
1559346799964,1.598,122.0,0.05658,0.533,3.67917108
1559346800010,1.644,122.0,0.05658,0.533,3.67917108
1559346800055,1.69,122.0,0.05658,0.533,3.67917108
1559346800101,1.735,122.0,0.05658,0.533,3.67917108
1559346800164,1.798,122.0,0.05659,0.532,3.67291736
1559346800210,1.844,122.0,0.05659,0.532,3.67291736
1559346800256,1.89,122.0,0.05659,0.532,3.67291736
1559346800302,1.936,122.0,0.05659,0.532,3.67291736
1559346800364,1.998,122.0,0.05676,0.532,3.68395104
1559346800410,2.044,122.0,0.05676,0.532,3.68395104
1559346800456,2.09,122.0,0.05676,0.532,3.68395104
1559346800502,2.136,122.0,0.05676,0.532,3.68395104
1559346800563,2.197,122.0,0.05715,0.529,3.6883467
1559346800609,2.243,122.0,0.05715,0.529,3.6883467
1559346800655,2.289,122.0,0.05715,0.529,3.6883467
1559346800701,2.335,122.0,0.05715,0.529,3.6883467
1559346800763,2.397,121.9,0.05713,0.528,3.677069616
1559346800809,2.443,121.9,0.05713,0.528,3.677069616
1559346800856,2.49,121.9,0.05713,0.528,3.677069616
1559346800902,2.536,121.9,0.05713,0.528,3.677069616
1559346800964,2.598,121.9,0.05722,0.529,3.689837422
1559346801010,2.644,121.9,0.05722,0.529,3.689837422
1559346801056,2.69,121.9,0.05722,0.529,3.689837422
1559346801102,2.736,121.9,0.05722,0.529,3.689837422
1559346801163,2.797,121.9,0.0574,0.528,3.69444768
1559346801209,2.843,121.9,0.0574,0.528,3.69444768
1559346801255,2.889,121.9,0.0574,0.528,3.69444768
1559346801301,2.935,121.9,0.0574,0.528,3.69444768
1559346801363,2.997,121.9,0.05714,0.528,3.677713248
1559346801409,3.043,121.9,0.05714,0.528,3.677713248
1559346801456,3.09,121.9,0.05714,0.528,3.677713248
1559346801502,3.136,121.9,0.05714,0.528,3.677713248
1559346801564,3.198,121.9,0.05718,0.528,3.680287776
1559346801610,3.244,121.9,0.05718,0.528,3.680287776
1559346801656,3.29,121.9,0.05718,0.528,3.680287776
1559346801703,3.337,121.9,0.05718,0.528,3.680287776
1559346801764,3.398,121.9,0.05751,0.526,3.687506694
1559346801810,3.444,121.9,0.05751,0.526,3.687506694
1559346801856,3.49,121.9,0.05751,0.526,3.687506694
1559346801902,3.536,121.9,0.05751,0.526,3.687506694
1559346801963,3.597,121.9,0.05756,0.525,3.6836961
1559346802009,3.643,121.9,0.05756,0.525,3.6836961
1559346802055,3.689,121.9,0.05756,0.525,3.6836961
1559346802101,3.735,121.9,0.05756,0.525,3.6836961
1559346802164,3.798,121.9,0.05817,0.524,3.715643652
1559346802210,3.844,121.9,0.05817,0.524,3.715643652
1559346802256,3.89,121.9,0.05817,0.524,3.715643652
1559346802302,3.936,121.9,0.05817,0.524,3.715643652
1559346802363,3.997,121.9,0.05818,0.525,3.72337455
1559346802412,4.046,121.9,0.05818,0.525,3.72337455
1559346802457,4.091,121.9,0.05818,0.525,3.72337455
1559346802503,4.137,121.9,0.05818,0.525,3.72337455
1559346802563,4.197,121.9,0.05762,0.526,3.694559828
1559346802609,4.243,121.9,0.05762,0.526,3.694559828
1559346802655,4.289,121.9,0.05762,0.526,3.694559828
1559346802701,4.335,121.9,0.05762,0.526,3.694559828
1559346802764,4.398,121.9,0.05751,0.527,3.694517163
1559346802810,4.444,121.9,0.05751,0.527,3.694517163
1559346802856,4.49,121.9,0.05751,0.527,3.694517163
1559346802902,4.536,121.9,0.05751,0.527,3.694517163
1559346802964,4.598,121.9,0.05765,0.525,3.689455875
1559346803010,4.644,121.9,0.05765,0.525,3.689455875
1559346803056,4.69,121.9,0.05765,0.525,3.689455875
1559346803102,4.736,121.9,0.05765,0.525,3.689455875
1559346803164,4.798,121.9,0.05739,0.527,3.686808207
1559346803210,4.844,121.9,0.05739,0.527,3.686808207
1559346803256,4.89,121.9,0.05739,0.527,3.686808207
1559346803302,4.936,121.9,0.05739,0.527,3.686808207
1559346803363,4.997,121.9,0.05761,0.526,3.693918634
1559346803409,5.043,121.9,0.05761,0.526,3.693918634
1559346803455,5.089,121.9,0.05761,0.526,3.693918634
1559346803501,5.135,121.9,0.05761,0.526,3.693918634
1559346803563,5.197,121.9,0.05743,0.526,3.682377142
1559346803610,5.244,121.9,0.05743,0.526,3.682377142
1559346803656,5.29,121.9,0.05743,0.526,3.682377142
1559346803702,5.336,121.9,0.05743,0.526,3.682377142
1559346803763,5.397,122.0,0.05738,0.527,3.68918972
1559346803809,5.443,122.0,0.05738,0.527,3.68918972
1559346803855,5.489,122.0,0.05738,0.527,3.68918972
1559346803901,5.535,122.0,0.05738,0.527,3.68918972
1559346803964,5.598,122.0,0.0576,0.525,3.68928
1559346804010,5.644,122.0,0.0576,0.525,3.68928
1559346804056,5.69,122.0,0.0576,0.525,3.68928
1559346804104,5.738,122.0,0.0576,0.525,3.68928
1559346804163,5.797,122.0,0.05772,0.526,3.70400784
1559346804209,5.843,122.0,0.05772,0.526,3.70400784
1559346804255,5.889,122.0,0.05772,0.526,3.70400784
1559346804301,5.935,122.0,0.05772,0.526,3.70400784
1559346804364,5.998,122.0,0.05764,0.525,3.691842
1559346804410,6.044,122.0,0.05764,0.525,3.691842
1559346804456,6.09,122.0,0.05764,0.525,3.691842
1559346804502,6.136,122.0,0.05764,0.525,3.691842
1559346804563,6.197,121.9,0.05729,0.528,3.687367728
1559346804609,6.243,121.9,0.05729,0.528,3.687367728
1559346804655,6.289,121.9,0.05729,0.528,3.687367728
1559346804701,6.335,121.9,0.05729,0.528,3.687367728
1559346804763,6.397,122.0,0.05726,0.529,3.69544588
1559346804809,6.443,122.0,0.05726,0.529,3.69544588
1559346804855,6.489,122.0,0.05726,0.529,3.69544588
1559346804901,6.535,122.0,0.05726,0.529,3.69544588
1559346804963,6.597,122.0,0.05727,0.528,3.68910432
1559346805009,6.643,122.0,0.05727,0.528,3.68910432
1559346805055,6.689,122.0,0.05727,0.528,3.68910432
1559346805101,6.735,122.0,0.05727,0.528,3.68910432
1559346805164,6.798,121.9,0.05773,0.523,3.680501101
1559346805210,6.844,121.9,0.05773,0.523,3.680501101
1559346805256,6.89,121.9,0.05773,0.523,3.680501101
1559346805302,6.936,121.9,0.05773,0.523,3.680501101
1559346805363,6.997,121.9,0.05769,0.524,3.684983364
1559346805409,7.043,121.9,0.05769,0.524,3.684983364
1559346805455,7.089,121.9,0.05769,0.524,3.684983364
1559346805502,7.136,121.9,0.05769,0.524,3.684983364
1559346805563,7.197,121.9,0.05788,0.521,3.675953012
1559346805609,7.243,121.9,0.05788,0.521,3.675953012
1559346805655,7.289,121.9,0.05788,0.521,3.675953012
1559346805701,7.335,121.9,0.05788,0.521,3.675953012
1559346805763,7.397,121.9,0.05808,0.523,3.702814896
1559346805809,7.443,121.9,0.05808,0.523,3.702814896
1559346805855,7.489,121.9,0.05808,0.523,3.702814896
1559346805901,7.535,121.9,0.05808,0.523,3.702814896
1559346805963,7.597,121.9,0.05781,0.522,3.678554358
1559346806009,7.643,121.9,0.05781,0.522,3.678554358
1559346806055,7.689,121.9,0.05781,0.522,3.678554358
1559346806101,7.735,121.9,0.05781,0.522,3.678554358
1559346806163,7.797,121.9,0.05773,0.524,3.687538388
1559346806209,7.843,121.9,0.05773,0.524,3.687538388
1559346806255,7.889,121.9,0.05773,0.524,3.687538388
1559346806301,7.935,121.9,0.05773,0.524,3.687538388
1559346806364,7.998,121.9,0.05757,0.527,3.698371641
1559346806413,8.047,121.9,0.05757,0.527,3.698371641
1559346806459,8.093,121.9,0.05757,0.527,3.698371641
1559346806505,8.139,121.9,0.05757,0.527,3.698371641
1559346806563,8.197,121.9,0.05749,0.527,3.693232337
1559346806608,8.242,121.9,0.05749,0.527,3.693232337
1559346806654,8.288,121.9,0.05749,0.527,3.693232337
1559346806701,8.335,121.9,0.05749,0.527,3.693232337
1559346806763,8.397,121.9,0.05719,0.529,3.687902869
1559346806809,8.443,121.9,0.05719,0.529,3.687902869
1559346806855,8.489,121.9,0.05719,0.529,3.687902869
1559346806901,8.535,121.9,0.05719,0.529,3.687902869
1559346806963,8.597,121.9,0.05771,0.524,3.686260876
1559346807009,8.643,121.9,0.05771,0.524,3.686260876
1559346807055,8.689,121.9,0.05771,0.524,3.686260876
1559346807101,8.735,121.9,0.05771,0.524,3.686260876
1559346807163,8.797,122.0,0.05801,0.523,3.70138606
1559346807209,8.843,122.0,0.05801,0.523,3.70138606
1559346807256,8.89,122.0,0.05801,0.523,3.70138606
1559346807302,8.936,122.0,0.05801,0.523,3.70138606
1559346807363,8.997,121.9,0.05755,0.525,3.683056125
1559346807409,9.043,121.9,0.05755,0.525,3.683056125
1559346807455,9.089,121.9,0.05755,0.525,3.683056125
1559346807501,9.135,121.9,0.05755,0.525,3.683056125
1559346807562,9.196,121.9,0.05757,0.525,3.684336075
1559346807608,9.242,121.9,0.05757,0.525,3.684336075
1559346807654,9.288,121.9,0.05757,0.525,3.684336075
1559346807701,9.335,121.9,0.05757,0.525,3.684336075
1559346807763,9.397,122.0,0.05771,0.524,3.68928488
1559346807809,9.443,122.0,0.05771,0.524,3.68928488
1559346807855,9.489,122.0,0.05771,0.524,3.68928488
1559346807901,9.535,122.0,0.05771,0.524,3.68928488
1559346807963,9.597,122.0,0.05761,0.527,3.70397734
1559346808009,9.643,122.0,0.05761,0.527,3.70397734
1559346808055,9.689,122.0,0.05761,0.527,3.70397734
1559346808101,9.735,122.0,0.05761,0.527,3.70397734
1559346808163,9.797,122.0,0.05734,0.528,3.69361344
1559346808209,9.843,122.0,0.05734,0.528,3.69361344
1559346808256,9.89,122.0,0.05734,0.528,3.69361344
1559346808302,9.936,122.0,0.05734,0.528,3.69361344
1559346808363,9.997,122.0,0.05755,0.527,3.7001197
1559346808409,10.043,122.0,0.05755,0.527,3.7001197
