# Fri May 31 16:55:35 2019
abstime,time_stamp,volt,curr,pf,mul
1559346935379,0.08,121.9,0.05281,0.525,3.379707975
1559346935426,0.127,121.9,0.05281,0.525,3.379707975
1559346935472,0.173,121.9,0.05281,0.525,3.379707975
1559346935518,0.219,121.9,0.05281,0.525,3.379707975
1559346935563,0.264,121.9,0.05291,0.527,3.399007183
1559346935610,0.311,121.9,0.05291,0.527,3.399007183
1559346935656,0.357,121.9,0.05291,0.527,3.399007183
1559346935702,0.403,121.9,0.05291,0.527,3.399007183
1559346935750,0.451,121.9,0.05156,0.526,3.305996264
1559346935796,0.497,121.9,0.05156,0.526,3.305996264
1559346935842,0.543,121.9,0.05156,0.526,3.305996264
1559346935888,0.589,121.9,0.05156,0.526,3.305996264
1559346935950,0.651,121.9,0.05506,0.534,3.584108676
1559346935996,0.697,121.9,0.05506,0.534,3.584108676
1559346936042,0.743,121.9,0.05506,0.534,3.584108676
1559346936088,0.789,121.9,0.05506,0.534,3.584108676
1559346936149,0.85,121.9,0.05351,0.525,3.424506225
1559346936195,0.896,121.9,0.05351,0.525,3.424506225
1559346936241,0.942,121.9,0.05351,0.525,3.424506225
1559346936287,0.988,121.9,0.05351,0.525,3.424506225
1559346936350,1.051,122.0,0.057,0.532,3.699528
1559346936396,1.097,122.0,0.057,0.532,3.699528
1559346936442,1.143,122.0,0.057,0.532,3.699528
1559346936488,1.189,122.0,0.057,0.532,3.699528
1559346936549,1.25,122.0,0.05664,0.534,3.68998272
1559346936595,1.296,122.0,0.05664,0.534,3.68998272
1559346936641,1.342,122.0,0.05664,0.534,3.68998272
1559346936688,1.389,122.0,0.05664,0.534,3.68998272
1559346936750,1.451,121.9,0.05636,0.537,3.689342508
1559346936796,1.497,121.9,0.05636,0.537,3.689342508
1559346936842,1.543,121.9,0.05636,0.537,3.689342508
1559346936888,1.589,121.9,0.05636,0.537,3.689342508
1559346936950,1.651,122.0,0.05673,0.532,3.68200392
1559346936996,1.697,122.0,0.05673,0.532,3.68200392
1559346937042,1.743,122.0,0.05673,0.532,3.68200392
1559346937088,1.789,122.0,0.05673,0.532,3.68200392
1559346937149,1.85,122.0,0.05685,0.531,3.6828567
1559346937195,1.896,122.0,0.05685,0.531,3.6828567
1559346937241,1.942,122.0,0.05685,0.531,3.6828567
1559346937287,1.988,122.0,0.05685,0.531,3.6828567
1559346937349,2.05,122.0,0.05666,0.533,3.68437316
1559346937395,2.096,122.0,0.05666,0.533,3.68437316
1559346937442,2.143,122.0,0.05666,0.533,3.68437316
1559346937488,2.189,122.0,0.05666,0.533,3.68437316
1559346937549,2.25,122.0,0.05654,0.534,3.68346792
1559346937595,2.296,122.0,0.05654,0.534,3.68346792
1559346937641,2.342,122.0,0.05654,0.534,3.68346792
1559346937687,2.388,122.0,0.05654,0.534,3.68346792
1559346937749,2.45,122.0,0.05696,0.532,3.69693184
1559346937795,2.496,122.0,0.05696,0.532,3.69693184
1559346937841,2.542,122.0,0.05696,0.532,3.69693184
1559346937887,2.588,122.0,0.05696,0.532,3.69693184
1559346937950,2.651,121.9,0.05645,0.536,3.68835268
1559346937996,2.697,121.9,0.05645,0.536,3.68835268
1559346938042,2.743,121.9,0.05645,0.536,3.68835268
1559346938088,2.789,121.9,0.05645,0.536,3.68835268
1559346938149,2.85,121.9,0.05658,0.534,3.683052468
1559346938195,2.896,121.9,0.05658,0.534,3.683052468
1559346938241,2.942,121.9,0.05658,0.534,3.683052468
1559346938287,2.988,121.9,0.05658,0.534,3.683052468
1559346938350,3.051,122.0,0.05685,0.532,3.6897924
1559346938396,3.097,122.0,0.05685,0.532,3.6897924
1559346938442,3.143,122.0,0.05685,0.532,3.6897924
1559346938488,3.189,122.0,0.05685,0.532,3.6897924
1559346938549,3.25,121.9,0.05711,0.529,3.682744061
1559346938595,3.296,121.9,0.05711,0.529,3.682744061
1559346938641,3.342,121.9,0.05711,0.529,3.682744061
1559346938687,3.388,121.9,0.05711,0.529,3.682744061
1559346938749,3.45,121.9,0.05689,0.532,3.689362012
1559346938795,3.496,121.9,0.05689,0.532,3.689362012
1559346938841,3.542,121.9,0.05689,0.532,3.689362012
1559346938887,3.588,121.9,0.05689,0.532,3.689362012
1559346938949,3.65,121.9,0.05666,0.533,3.681353182
1559346938996,3.697,121.9,0.05666,0.533,3.681353182
1559346939042,3.743,121.9,0.05666,0.533,3.681353182
1559346939088,3.789,121.9,0.05666,0.533,3.681353182
1559346939149,3.85,121.9,0.05739,0.531,3.714791571
1559346939195,3.896,121.9,0.05739,0.531,3.714791571
1559346939241,3.942,121.9,0.05739,0.531,3.714791571
1559346939290,3.991,121.9,0.05739,0.531,3.714791571
1559346939349,4.05,121.9,0.05759,0.53,3.72071713
1559346939395,4.096,121.9,0.05759,0.53,3.72071713
1559346939441,4.142,121.9,0.05759,0.53,3.72071713
1559346939486,4.187,121.9,0.05759,0.53,3.72071713
1559346939549,4.25,121.9,0.05788,0.533,3.760619876
1559346939594,4.295,121.9,0.05788,0.533,3.760619876
1559346939640,4.341,121.9,0.05788,0.533,3.760619876
1559346939685,4.386,121.9,0.05788,0.533,3.760619876
1559346939749,4.45,121.9,0.05809,0.534,3.781345314
1559346939795,4.496,121.9,0.05809,0.534,3.781345314
1559346939840,4.542,121.9,0.05809,0.534,3.781345314
1559346939885,4.586,121.9,0.05809,0.534,3.781345314
1559346939949,4.65,121.9,0.0574,0.532,3.72243592
1559346939994,4.695,121.9,0.0574,0.532,3.72243592
1559346940040,4.741,121.9,0.0574,0.532,3.72243592
1559346940086,4.787,121.9,0.0574,0.532,3.72243592
1559346940149,4.85,121.9,0.05721,0.529,3.689192571
1559346940195,4.896,121.9,0.05721,0.529,3.689192571
1559346940241,4.942,121.9,0.05721,0.529,3.689192571
1559346940287,4.988,121.9,0.05721,0.529,3.689192571
1559346940349,5.05,121.9,0.05736,0.528,3.691873152
1559346940395,5.096,121.9,0.05736,0.528,3.691873152
1559346940441,5.142,121.9,0.05736,0.528,3.691873152
1559346940488,5.189,121.9,0.05736,0.528,3.691873152
1559346940549,5.25,122.0,0.05707,0.53,3.6901462
1559346940594,5.295,122.0,0.05707,0.53,3.6901462
1559346940641,5.342,122.0,0.05707,0.53,3.6901462
1559346940687,5.388,122.0,0.05707,0.53,3.6901462
1559346940749,5.45,122.0,0.05682,0.532,3.68784528
1559346940795,5.496,122.0,0.05682,0.532,3.68784528
1559346940841,5.542,122.0,0.05682,0.532,3.68784528
1559346940888,5.589,122.0,0.05682,0.532,3.68784528
1559346940949,5.65,121.9,0.05684,0.532,3.686119472
1559346940994,5.695,121.9,0.05684,0.532,3.686119472
1559346941041,5.742,121.9,0.05684,0.532,3.686119472
1559346941087,5.788,121.9,0.05684,0.532,3.686119472
1559346941149,5.85,122.0,0.05694,0.531,3.68868708
1559346941195,5.896,122.0,0.05694,0.531,3.68868708
1559346941241,5.942,122.0,0.05694,0.531,3.68868708
1559346941287,5.988,122.0,0.05694,0.531,3.68868708
1559346941349,6.05,122.0,0.05709,0.53,3.6914394
1559346941395,6.097,122.0,0.05709,0.53,3.6914394
1559346941442,6.143,122.0,0.05709,0.53,3.6914394
1559346941488,6.189,122.0,0.05709,0.53,3.6914394
1559346941549,6.25,122.0,0.05712,0.531,3.70034784
1559346941595,6.296,122.0,0.05712,0.531,3.70034784
1559346941641,6.342,122.0,0.05712,0.531,3.70034784
1559346941687,6.388,122.0,0.05712,0.531,3.70034784
1559346941749,6.451,122.0,0.05704,0.53,3.6882064
1559346941796,6.497,122.0,0.05704,0.53,3.6882064
1559346941842,6.543,122.0,0.05704,0.53,3.6882064
1559346941888,6.589,122.0,0.05704,0.53,3.6882064
1559346941949,6.65,122.0,0.05731,0.527,3.68468914
1559346941995,6.696,122.0,0.05731,0.527,3.68468914
1559346942041,6.742,122.0,0.05731,0.527,3.68468914
1559346942087,6.788,122.0,0.05731,0.527,3.68468914
1559346942149,6.85,122.0,0.0576,0.526,3.6963072
1559346942194,6.895,122.0,0.0576,0.526,3.6963072
1559346942240,6.942,122.0,0.0576,0.526,3.6963072
1559346942287,6.988,122.0,0.0576,0.526,3.6963072
1559346942349,7.05,122.0,0.05758,0.525,3.687999
1559346942395,7.096,122.0,0.05758,0.525,3.687999
1559346942441,7.142,122.0,0.05758,0.525,3.687999
1559346942487,7.189,122.0,0.05758,0.525,3.687999
1559346942549,7.25,122.0,0.05753,0.526,3.69181516
1559346942595,7.296,122.0,0.05753,0.526,3.69181516
1559346942641,7.342,122.0,0.05753,0.526,3.69181516
1559346942687,7.388,122.0,0.05753,0.526,3.69181516
1559346942749,7.45,121.9,0.05761,0.526,3.693918634
1559346942795,7.496,121.9,0.05761,0.526,3.693918634
1559346942841,7.542,121.9,0.05761,0.526,3.693918634
1559346942887,7.589,121.9,0.05761,0.526,3.693918634
1559346942949,7.65,121.9,0.05745,0.527,3.690662685
1559346942994,7.695,121.9,0.05745,0.527,3.690662685
1559346943040,7.742,121.9,0.05745,0.527,3.690662685
1559346943087,7.788,121.9,0.05745,0.527,3.690662685
1559346943149,7.85,121.9,0.05759,0.526,3.692636246
1559346943195,7.896,121.9,0.05759,0.526,3.692636246
1559346943241,7.942,121.9,0.05759,0.526,3.692636246
1559346943287,7.988,121.9,0.05759,0.526,3.692636246
1559346943349,8.05,121.9,0.05735,0.528,3.69122952
1559346943396,8.097,121.9,0.05735,0.528,3.69122952
1559346943442,8.143,121.9,0.05735,0.528,3.69122952
1559346943488,8.189,121.9,0.05735,0.528,3.69122952
1559346943549,8.25,121.9,0.05736,0.529,3.698865336
1559346943595,8.296,121.9,0.05736,0.529,3.698865336
1559346943639,8.341,121.9,0.05736,0.529,3.698865336
1559346943684,8.386,121.9,0.05736,0.529,3.698865336
1559346943749,8.45,121.9,0.05746,0.527,3.691305098
1559346943795,8.496,121.9,0.05746,0.527,3.691305098
1559346943840,8.541,121.9,0.05746,0.527,3.691305098
1559346943886,8.587,121.9,0.05746,0.527,3.691305098
1559346943948,8.649,121.9,0.05739,0.527,3.686808207
1559346943993,8.694,121.9,0.05739,0.527,3.686808207
1559346944038,8.739,121.9,0.05739,0.527,3.686808207
1559346944084,8.785,121.9,0.05739,0.527,3.686808207
1559346944149,8.85,121.9,0.05722,0.529,3.689837422
1559346944195,8.896,121.9,0.05722,0.529,3.689837422
1559346944241,8.942,121.9,0.05722,0.529,3.689837422
1559346944287,8.988,121.9,0.05722,0.529,3.689837422
1559346944348,9.049,121.9,0.05668,0.534,3.689561928
1559346944394,9.095,121.9,0.05668,0.534,3.689561928
1559346944440,9.141,121.9,0.05668,0.534,3.689561928
1559346944486,9.187,121.9,0.05668,0.534,3.689561928
1559346944549,9.25,122.0,0.05666,0.534,3.69128568
1559346944595,9.296,122.0,0.05666,0.534,3.69128568
1559346944641,9.342,122.0,0.05666,0.534,3.69128568
1559346944687,9.388,122.0,0.05666,0.534,3.69128568
1559346944748,9.449,122.0,0.05677,0.534,3.69845196
1559346944794,9.495,122.0,0.05677,0.534,3.69845196
1559346944840,9.541,122.0,0.05677,0.534,3.69845196
1559346944887,9.588,122.0,0.05677,0.534,3.69845196
1559346944949,9.65,122.0,0.05673,0.534,3.69584604
1559346944995,9.696,122.0,0.05673,0.534,3.69584604
1559346945041,9.742,122.0,0.05673,0.534,3.69584604
1559346945087,9.788,122.0,0.05673,0.534,3.69584604
1559346945148,9.849,122.0,0.05664,0.535,3.6968928
1559346945194,9.895,122.0,0.05664,0.535,3.6968928
1559346945241,9.942,122.0,0.05664,0.535,3.6968928
1559346945287,9.988,122.0,0.05664,0.535,3.6968928
1559346945349,10.05,122.0,0.05652,0.535,3.6890604
