# Fri May 31 16:52:43 2019
abstime,time_stamp,volt,curr,pf,mul
1559346763612,0.08,121.9,0.05362,0.514,3.359646892
1559346763659,0.127,121.9,0.05362,0.514,3.359646892
1559346763705,0.173,121.9,0.05362,0.514,3.359646892
1559346763767,0.235,121.9,0.05361,0.514,3.359020326
1559346763813,0.281,121.9,0.05361,0.514,3.359020326
1559346763858,0.326,121.9,0.05361,0.514,3.359020326
1559346763904,0.372,121.9,0.05361,0.514,3.359020326
1559346763968,0.436,121.9,0.05321,0.514,3.333957686
1559346764014,0.482,121.9,0.05321,0.514,3.333957686
1559346764060,0.528,121.9,0.05321,0.514,3.333957686
1559346764106,0.574,121.9,0.05321,0.514,3.333957686
1559346764167,0.635,121.9,0.05505,0.521,3.496219995
1559346764213,0.681,121.9,0.05505,0.521,3.496219995
1559346764259,0.727,121.9,0.05505,0.521,3.496219995
1559346764305,0.773,121.9,0.05505,0.521,3.496219995
1559346764368,0.836,121.9,0.05401,0.517,3.403834423
1559346764414,0.882,121.9,0.05401,0.517,3.403834423
1559346764460,0.928,121.9,0.05401,0.517,3.403834423
1559346764506,0.974,121.9,0.05401,0.517,3.403834423
1559346764567,1.035,122.0,0.05421,0.514,3.39940068
1559346764613,1.081,122.0,0.05421,0.514,3.39940068
1559346764659,1.127,122.0,0.05421,0.514,3.39940068
1559346764705,1.173,122.0,0.05421,0.514,3.39940068
1559346764767,1.235,122.0,0.0572,0.528,3.6845952
1559346764814,1.282,122.0,0.0572,0.528,3.6845952
1559346764860,1.328,122.0,0.0572,0.528,3.6845952
1559346764906,1.374,122.0,0.0572,0.528,3.6845952
1559346764968,1.436,122.0,0.05709,0.529,3.68447442
1559346765014,1.482,122.0,0.05709,0.529,3.68447442
1559346765060,1.528,122.0,0.05709,0.529,3.68447442
1559346765106,1.574,122.0,0.05709,0.529,3.68447442
1559346765167,1.635,122.0,0.05746,0.527,3.69433324
1559346765213,1.681,122.0,0.05746,0.527,3.69433324
1559346765259,1.727,122.0,0.05746,0.527,3.69433324
1559346765305,1.773,122.0,0.05746,0.527,3.69433324
1559346765368,1.836,122.0,0.05745,0.525,3.6796725
1559346765414,1.882,122.0,0.05745,0.525,3.6796725
1559346765462,1.93,122.0,0.05745,0.525,3.6796725
1559346765508,1.976,122.0,0.05745,0.525,3.6796725
1559346765567,2.035,122.0,0.05776,0.522,3.67838784
1559346765613,2.081,122.0,0.05776,0.522,3.67838784
1559346765659,2.127,122.0,0.05776,0.522,3.67838784
1559346765705,2.173,122.0,0.05776,0.522,3.67838784
1559346765767,2.235,122.0,0.05751,0.525,3.6835155
1559346765814,2.282,122.0,0.05751,0.525,3.6835155
1559346765860,2.328,122.0,0.05751,0.525,3.6835155
1559346765906,2.374,122.0,0.05751,0.525,3.6835155
1559346765967,2.435,122.0,0.05728,0.526,3.67577216
1559346766013,2.481,122.0,0.05728,0.526,3.67577216
1559346766059,2.527,122.0,0.05728,0.526,3.67577216
1559346766105,2.573,122.0,0.05728,0.526,3.67577216
1559346766167,2.635,122.0,0.05701,0.53,3.6862666
1559346766214,2.682,122.0,0.05701,0.53,3.6862666
1559346766260,2.728,122.0,0.05701,0.53,3.6862666
1559346766306,2.774,122.0,0.05701,0.53,3.6862666
1559346766367,2.835,122.0,0.05677,0.531,3.67767414
1559346766413,2.881,122.0,0.05677,0.531,3.67767414
1559346766459,2.927,122.0,0.05677,0.531,3.67767414
1559346766505,2.973,122.0,0.05677,0.531,3.67767414
1559346766568,3.036,122.0,0.05682,0.531,3.68091324
1559346766614,3.082,122.0,0.05682,0.531,3.68091324
1559346766660,3.128,122.0,0.05682,0.531,3.68091324
1559346766706,3.174,122.0,0.05682,0.531,3.68091324
1559346766767,3.236,122.0,0.05698,0.531,3.69127836
1559346766814,3.282,122.0,0.05698,0.531,3.69127836
1559346766860,3.328,122.0,0.05698,0.531,3.69127836
1559346766906,3.374,122.0,0.05698,0.531,3.69127836
1559346766967,3.435,121.9,0.05695,0.529,3.672426445
1559346767013,3.482,121.9,0.05695,0.529,3.672426445
1559346767059,3.527,121.9,0.05695,0.529,3.672426445
1559346767106,3.574,121.9,0.05695,0.529,3.672426445
1559346767167,3.635,121.9,0.05714,0.529,3.684678614
1559346767213,3.681,121.9,0.05714,0.529,3.684678614
1559346767259,3.727,121.9,0.05714,0.529,3.684678614
1559346767305,3.773,121.9,0.05714,0.529,3.684678614
1559346767367,3.835,121.9,0.05697,0.531,3.687605433
1559346767413,3.882,121.9,0.05697,0.531,3.687605433
1559346767460,3.928,121.9,0.05697,0.531,3.687605433
1559346767506,3.974,121.9,0.05697,0.531,3.687605433
1559346767567,4.035,121.9,0.05744,0.529,3.704024144
1559346767613,4.081,121.9,0.05744,0.529,3.704024144
1559346767659,4.127,121.9,0.05744,0.529,3.704024144
1559346767705,4.173,121.9,0.05744,0.529,3.704024144
1559346767767,4.235,121.9,0.05716,0.533,3.713839532
1559346767813,4.281,121.9,0.05716,0.533,3.713839532
1559346767859,4.328,121.9,0.05716,0.533,3.713839532
1559346767906,4.374,121.9,0.05716,0.533,3.713839532
1559346767967,4.435,121.8,0.05686,0.531,3.677465988
1559346768012,4.481,121.8,0.05686,0.531,3.677465988
1559346768059,4.527,121.8,0.05686,0.531,3.677465988
1559346768105,4.573,121.8,0.05686,0.531,3.677465988
1559346768167,4.635,121.8,0.05682,0.533,3.688720308
1559346768213,4.682,121.8,0.05682,0.533,3.688720308
1559346768260,4.728,121.8,0.05682,0.533,3.688720308
1559346768306,4.774,121.8,0.05682,0.533,3.688720308
1559346768367,4.835,121.9,0.05661,0.534,3.685005306
1559346768413,4.882,121.9,0.05661,0.534,3.685005306
1559346768460,4.928,121.9,0.05661,0.534,3.685005306
1559346768506,4.974,121.9,0.05661,0.534,3.685005306
1559346768567,5.035,121.9,0.05664,0.535,3.69386256
1559346768613,5.081,121.9,0.05664,0.535,3.69386256
1559346768659,5.127,121.9,0.05664,0.535,3.69386256
1559346768705,5.173,121.9,0.05664,0.535,3.69386256
1559346768767,5.236,122.0,0.05659,0.534,3.68672532
1559346768813,5.282,122.0,0.05659,0.534,3.68672532
1559346768859,5.328,122.0,0.05659,0.534,3.68672532
1559346768906,5.374,122.0,0.05659,0.534,3.68672532
1559346768967,5.435,121.9,0.05653,0.534,3.679797738
1559346769013,5.481,121.9,0.05653,0.534,3.679797738
1559346769059,5.527,121.9,0.05653,0.534,3.679797738
1559346769105,5.573,121.9,0.05653,0.534,3.679797738
1559346769167,5.636,121.9,0.05721,0.529,3.689192571
1559346769213,5.682,121.9,0.05721,0.529,3.689192571
1559346769260,5.728,121.9,0.05721,0.529,3.689192571
1559346769319,5.787,121.9,0.05721,0.529,3.689192571
1559346769367,5.835,122.0,0.05669,0.534,3.69324012
1559346769413,5.881,122.0,0.05669,0.534,3.69324012
1559346769459,5.927,122.0,0.05669,0.534,3.69324012
1559346769505,5.973,122.0,0.05669,0.534,3.69324012
1559346769567,6.035,122.0,0.05663,0.533,3.68242238
1559346769612,6.08,122.0,0.05663,0.533,3.68242238
1559346769658,6.126,122.0,0.05663,0.533,3.68242238
1559346769703,6.171,122.0,0.05663,0.533,3.68242238
1559346769766,6.235,122.0,0.05674,0.535,3.7034198
1559346769812,6.28,122.0,0.05674,0.535,3.7034198
1559346769857,6.325,122.0,0.05674,0.535,3.7034198
1559346769903,6.371,122.0,0.05674,0.535,3.7034198
1559346769967,6.435,122.0,0.05661,0.533,3.68112186
1559346770013,6.481,122.0,0.05661,0.533,3.68112186
1559346770059,6.527,122.0,0.05661,0.533,3.68112186
1559346770104,6.572,122.0,0.05661,0.533,3.68112186
1559346770166,6.634,121.9,0.05701,0.53,3.68324507
1559346770212,6.68,121.9,0.05701,0.53,3.68324507
1559346770258,6.726,121.9,0.05701,0.53,3.68324507
1559346770304,6.773,121.9,0.05701,0.53,3.68324507
1559346770367,6.835,121.9,0.05662,0.534,3.685656252
1559346770413,6.881,121.9,0.05662,0.534,3.685656252
1559346770459,6.927,121.9,0.05662,0.534,3.685656252
1559346770505,6.973,121.9,0.05662,0.534,3.685656252
1559346770566,7.034,122.0,0.05696,0.53,3.6830336
1559346770612,7.08,122.0,0.05696,0.53,3.6830336
1559346770658,7.126,122.0,0.05696,0.53,3.6830336
1559346770705,7.173,122.0,0.05696,0.53,3.6830336
1559346770767,7.235,121.9,0.05669,0.533,3.683302363
1559346770813,7.281,121.9,0.05669,0.533,3.683302363
1559346770859,7.327,121.9,0.05669,0.533,3.683302363
1559346770905,7.373,121.9,0.05669,0.533,3.683302363
1559346770966,7.435,121.9,0.05721,0.529,3.689192571
1559346771012,7.48,121.9,0.05721,0.529,3.689192571
1559346771058,7.527,121.9,0.05721,0.529,3.689192571
1559346771105,7.573,121.9,0.05721,0.529,3.689192571
1559346771167,7.635,121.9,0.05724,0.529,3.691127124
1559346771213,7.681,121.9,0.05724,0.529,3.691127124
1559346771259,7.727,121.9,0.05724,0.529,3.691127124
1559346771305,7.773,121.9,0.05724,0.529,3.691127124
1559346771366,7.834,121.9,0.0577,0.524,3.68562212
1559346771412,7.88,121.9,0.0577,0.524,3.68562212
1559346771458,7.926,121.9,0.0577,0.524,3.68562212
1559346771504,7.972,121.9,0.0577,0.524,3.68562212
1559346771566,8.034,121.9,0.05776,0.524,3.689454656
1559346771612,8.08,121.9,0.05776,0.524,3.689454656
1559346771658,8.126,121.9,0.05776,0.524,3.689454656
1559346771704,8.173,121.9,0.05776,0.524,3.689454656
1559346771767,8.235,121.8,0.05757,0.526,3.688325676
1559346771813,8.281,121.8,0.05757,0.526,3.688325676
1559346771859,8.327,121.8,0.05757,0.526,3.688325676
1559346771905,8.373,121.8,0.05757,0.526,3.688325676
1559346771966,8.434,121.8,0.05769,0.524,3.681960408
1559346772012,8.48,121.8,0.05769,0.524,3.681960408
1559346772058,8.526,121.8,0.05769,0.524,3.681960408
1559346772104,8.573,121.8,0.05769,0.524,3.681960408
1559346772167,8.635,121.8,0.05762,0.526,3.691529016
1559346772213,8.681,121.8,0.05762,0.526,3.691529016
1559346772259,8.727,121.8,0.05762,0.526,3.691529016
1559346772305,8.773,121.8,0.05762,0.526,3.691529016
1559346772367,8.835,121.8,0.05744,0.526,3.679996992
1559346772413,8.882,121.8,0.05744,0.526,3.679996992
1559346772460,8.928,121.8,0.05744,0.526,3.679996992
1559346772506,8.974,121.8,0.05744,0.526,3.679996992
1559346772567,9.035,121.8,0.05753,0.526,3.685763004
1559346772613,9.081,121.8,0.05753,0.526,3.685763004
1559346772659,9.127,121.8,0.05753,0.526,3.685763004
1559346772706,9.174,121.8,0.05753,0.526,3.685763004
1559346772767,9.235,121.9,0.05777,0.525,3.697135575
1559346772813,9.281,121.9,0.05777,0.525,3.697135575
1559346772859,9.327,121.9,0.05777,0.525,3.697135575
1559346772905,9.373,121.9,0.05777,0.525,3.697135575
1559346772966,9.434,121.9,0.0576,0.525,3.686256
1559346773012,9.48,121.9,0.0576,0.525,3.686256
1559346773058,9.526,121.9,0.0576,0.525,3.686256
1559346773104,9.572,121.9,0.0576,0.525,3.686256
1559346773167,9.635,121.9,0.05776,0.524,3.689454656
1559346773213,9.681,121.9,0.05776,0.524,3.689454656
1559346773259,9.727,121.9,0.05776,0.524,3.689454656
1559346773305,9.773,121.9,0.05776,0.524,3.689454656
1559346773366,9.834,121.9,0.05802,0.522,3.691917036
1559346773412,9.88,121.9,0.05802,0.522,3.691917036
1559346773458,9.926,121.9,0.05802,0.522,3.691917036
1559346773504,9.972,121.9,0.05802,0.522,3.691917036
1559346773567,10.035,121.9,0.05793,0.522,3.686190174
