# Fri May 31 17:10:28 2019
abstime,time_stamp,volt,curr,pf,mul
1559347828404,0.08,122.0,0.05199,0.502,3.18407556
1559347828456,0.132,122.0,0.0535,0.509,3.322243
1559347828502,0.178,122.0,0.0535,0.509,3.322243
1559347828548,0.224,122.0,0.0535,0.509,3.322243
1559347828594,0.27,122.0,0.0535,0.509,3.322243
1559347828656,0.332,122.0,0.05328,0.508,3.30208128
1559347828702,0.378,122.0,0.05328,0.508,3.30208128
1559347828747,0.423,122.0,0.05328,0.508,3.30208128
1559347828793,0.469,122.0,0.05328,0.508,3.30208128
1559347828855,0.532,122.0,0.05186,0.505,3.1950946
1559347828901,0.577,122.0,0.05186,0.505,3.1950946
1559347828947,0.623,122.0,0.05186,0.505,3.1950946
1559347828995,0.671,122.0,0.05186,0.505,3.1950946
1559347829056,0.732,122.0,0.05233,0.506,3.23043556
1559347829102,0.778,122.0,0.05233,0.506,3.23043556
1559347829147,0.823,122.0,0.05233,0.506,3.23043556
1559347829193,0.869,122.0,0.05233,0.506,3.23043556
1559347829256,0.932,122.0,0.055,0.511,3.42881
1559347829302,0.978,122.0,0.055,0.511,3.42881
1559347829347,1.023,122.0,0.055,0.511,3.42881
1559347829393,1.069,122.0,0.055,0.511,3.42881
1559347829457,1.133,122.0,0.05334,0.507,3.29929236
1559347829501,1.177,122.0,0.05334,0.507,3.29929236
1559347829546,1.222,122.0,0.05334,0.507,3.29929236
1559347829592,1.268,122.0,0.05334,0.507,3.29929236
1559347829656,1.332,122.0,0.05748,0.516,3.61848096
1559347829702,1.378,122.0,0.05748,0.516,3.61848096
1559347829748,1.424,122.0,0.05748,0.516,3.61848096
1559347829794,1.47,122.0,0.05748,0.516,3.61848096
1559347829856,1.532,122.0,0.05756,0.516,3.62351712
1559347829902,1.578,122.0,0.05756,0.516,3.62351712
1559347829948,1.624,122.0,0.05756,0.516,3.62351712
1559347829995,1.671,122.0,0.05756,0.516,3.62351712
1559347830056,1.732,122.0,0.05758,0.516,3.62477616
1559347830102,1.778,122.0,0.05758,0.516,3.62477616
1559347830148,1.824,122.0,0.05758,0.516,3.62477616
1559347830194,1.87,122.0,0.05758,0.516,3.62477616
1559347830256,1.932,122.0,0.0577,0.514,3.6182516
1559347830302,1.978,122.0,0.0577,0.514,3.6182516
1559347830348,2.024,122.0,0.0577,0.514,3.6182516
1559347830394,2.07,122.0,0.0577,0.514,3.6182516
1559347830456,2.132,122.0,0.05741,0.518,3.62808236
1559347830503,2.179,122.0,0.05741,0.518,3.62808236
1559347830549,2.225,122.0,0.05741,0.518,3.62808236
1559347830595,2.271,122.0,0.05741,0.518,3.62808236
1559347830656,2.332,122.0,0.05815,0.519,3.6819417
1559347830702,2.378,122.0,0.05815,0.519,3.6819417
1559347830748,2.424,122.0,0.05815,0.519,3.6819417
1559347830794,2.47,122.0,0.05815,0.519,3.6819417
1559347830856,2.533,122.0,0.05784,0.52,3.6693696
1559347830903,2.579,122.0,0.05784,0.52,3.6693696
1559347830949,2.625,122.0,0.05784,0.52,3.6693696
1559347830995,2.671,122.0,0.05784,0.52,3.6693696
1559347831056,2.732,122.0,0.05802,0.519,3.67371036
1559347831102,2.778,122.0,0.05802,0.519,3.67371036
1559347831149,2.825,122.0,0.05802,0.519,3.67371036
1559347831194,2.871,122.0,0.05802,0.519,3.67371036
1559347831256,2.932,122.0,0.05787,0.518,3.65715252
1559347831301,2.978,122.0,0.05787,0.518,3.65715252
1559347831348,3.024,122.0,0.05787,0.518,3.65715252
1559347831394,3.07,122.0,0.05787,0.518,3.65715252
1559347831456,3.132,122.0,0.05766,0.515,3.6227778
1559347831502,3.178,122.0,0.05766,0.515,3.6227778
1559347831548,3.224,122.0,0.05766,0.515,3.6227778
1559347831594,3.27,122.0,0.05766,0.515,3.6227778
1559347831655,3.331,121.9,0.05772,0.517,3.637647156
1559347831701,3.377,121.9,0.05772,0.517,3.637647156
1559347831747,3.423,121.9,0.05772,0.517,3.637647156
1559347831794,3.47,121.9,0.05772,0.517,3.637647156
1559347831855,3.532,121.9,0.05761,0.516,3.623692044
1559347831902,3.578,121.9,0.05761,0.516,3.623692044
1559347831948,3.624,121.9,0.05761,0.516,3.623692044
1559347831994,3.67,121.9,0.05761,0.516,3.623692044
1559347832056,3.732,122.0,0.05767,0.516,3.63044184
1559347832102,3.778,122.0,0.05767,0.516,3.63044184
1559347832148,3.824,122.0,0.05767,0.516,3.63044184
1559347832194,3.87,122.0,0.05767,0.516,3.63044184
1559347832255,3.931,122.0,0.05792,0.516,3.64617984
1559347832301,3.977,122.0,0.05792,0.516,3.64617984
1559347832348,4.024,122.0,0.05792,0.516,3.64617984
1559347832394,4.07,122.0,0.05792,0.516,3.64617984
1559347832456,4.132,122.0,0.05758,0.518,3.63882568
1559347832502,4.178,122.0,0.05758,0.518,3.63882568
1559347832548,4.224,122.0,0.05758,0.518,3.63882568
1559347832594,4.27,122.0,0.05758,0.518,3.63882568
1559347832656,4.332,121.9,0.05744,0.523,3.662012528
1559347832702,4.378,121.9,0.05744,0.523,3.662012528
1559347832748,4.424,121.9,0.05744,0.523,3.662012528
1559347832795,4.471,121.9,0.05744,0.523,3.662012528
1559347832856,4.532,121.9,0.05789,0.521,3.676588111
1559347832902,4.578,121.9,0.05789,0.521,3.676588111
1559347832948,4.624,121.9,0.05789,0.521,3.676588111
1559347832994,4.67,121.9,0.05789,0.521,3.676588111
1559347833056,4.732,122.0,0.0569,0.523,3.6305614
1559347833101,4.777,122.0,0.0569,0.523,3.6305614
1559347833147,4.823,122.0,0.0569,0.523,3.6305614
1559347833192,4.868,122.0,0.0569,0.523,3.6305614
1559347833255,4.931,122.0,0.05721,0.519,3.62242278
1559347833301,4.977,122.0,0.05721,0.519,3.62242278
1559347833347,5.024,122.0,0.05721,0.519,3.62242278
1559347833393,5.07,122.0,0.05721,0.519,3.62242278
1559347833456,5.132,122.0,0.05759,0.516,3.62540568
1559347833502,5.178,122.0,0.05759,0.516,3.62540568
1559347833548,5.224,122.0,0.05759,0.516,3.62540568
1559347833594,5.27,122.0,0.05759,0.516,3.62540568
1559347833656,5.332,122.1,0.05661,0.525,3.628842525
1559347833702,5.378,122.1,0.05661,0.525,3.628842525
1559347833748,5.424,122.1,0.05661,0.525,3.628842525
1559347833794,5.47,122.1,0.05661,0.525,3.628842525
1559347833855,5.531,122.1,0.05699,0.522,3.632326038
1559347833902,5.578,122.1,0.05699,0.522,3.632326038
1559347833948,5.624,122.1,0.05699,0.522,3.632326038
1559347833994,5.67,122.1,0.05699,0.522,3.632326038
1559347834056,5.732,122.1,0.05723,0.52,3.63364716
1559347834102,5.778,122.1,0.05723,0.52,3.63364716
1559347834148,5.824,122.1,0.05723,0.52,3.63364716
1559347834195,5.871,122.1,0.05723,0.52,3.63364716
1559347834256,5.932,122.1,0.05738,0.517,3.622152666
1559347834302,5.978,122.1,0.05738,0.517,3.622152666
1559347834348,6.024,122.1,0.05738,0.517,3.622152666
1559347834394,6.07,122.1,0.05738,0.517,3.622152666
1559347834455,6.131,122.1,0.05696,0.52,3.61650432
1559347834501,6.177,122.1,0.05696,0.52,3.61650432
1559347834547,6.223,122.1,0.05696,0.52,3.61650432
1559347834593,6.269,122.1,0.05696,0.52,3.61650432
1559347834656,6.332,122.1,0.05697,0.522,3.631051314
1559347834702,6.378,122.1,0.05697,0.522,3.631051314
1559347834748,6.424,122.1,0.05697,0.522,3.631051314
1559347834794,6.47,122.1,0.05697,0.522,3.631051314
1559347834856,6.532,122.1,0.05678,0.524,3.632807112
1559347834902,6.578,122.1,0.05678,0.524,3.632807112
1559347834948,6.624,122.1,0.05678,0.524,3.632807112
1559347834994,6.67,122.1,0.05678,0.524,3.632807112
1559347835056,6.732,122.1,0.05708,0.521,3.631092828
1559347835102,6.778,122.1,0.05708,0.521,3.631092828
1559347835148,6.824,122.1,0.05708,0.521,3.631092828
1559347835194,6.87,122.1,0.05708,0.521,3.631092828
1559347835255,6.931,122.1,0.05634,0.528,3.632172192
1559347835301,6.977,122.1,0.05634,0.528,3.632172192
1559347835347,7.023,122.1,0.05634,0.528,3.632172192
1559347835394,7.07,122.1,0.05634,0.528,3.632172192
1559347835455,7.131,122.1,0.05629,0.528,3.628948752
1559347835501,7.177,122.1,0.05629,0.528,3.628948752
1559347835547,7.223,122.1,0.05629,0.528,3.628948752
1559347835594,7.27,122.1,0.05629,0.528,3.628948752
1559347835656,7.332,122.1,0.05629,0.528,3.628948752
1559347835702,7.378,122.1,0.05629,0.528,3.628948752
1559347835749,7.425,122.1,0.05629,0.528,3.628948752
1559347835794,7.47,122.1,0.05629,0.528,3.628948752
1559347835856,7.532,122.1,0.05577,0.532,3.622663044
1559347835902,7.578,122.1,0.05577,0.532,3.622663044
1559347835948,7.624,122.1,0.05577,0.532,3.622663044
1559347835994,7.67,122.1,0.05577,0.532,3.622663044
1559347836055,7.731,122.1,0.0562,0.528,3.62314656
1559347836101,7.777,122.1,0.0562,0.528,3.62314656
1559347836147,7.824,122.1,0.0562,0.528,3.62314656
1559347836194,7.87,122.1,0.0562,0.528,3.62314656
1559347836256,7.932,122.1,0.05692,0.528,3.669564096
1559347836302,7.978,122.1,0.05692,0.528,3.669564096
1559347836348,8.024,122.1,0.05692,0.528,3.669564096
1559347836394,8.07,122.1,0.05692,0.528,3.669564096
1559347836455,8.131,122.1,0.05588,0.532,3.629808336
1559347836502,8.178,122.1,0.05588,0.532,3.629808336
1559347836548,8.224,122.1,0.05588,0.532,3.629808336
1559347836594,8.27,122.1,0.05588,0.532,3.629808336
1559347836655,8.331,122.1,0.05565,0.534,3.62845791
1559347836700,8.376,122.1,0.05565,0.534,3.62845791
1559347836746,8.422,122.1,0.05565,0.534,3.62845791
1559347836791,8.467,122.1,0.05565,0.534,3.62845791
1559347836856,8.532,122.1,0.05594,0.533,3.640536042
1559347836901,8.577,122.1,0.05594,0.533,3.640536042
1559347836947,8.623,122.1,0.05594,0.533,3.640536042
1559347836993,8.669,122.1,0.05594,0.533,3.640536042
1559347837055,8.731,122.1,0.05569,0.533,3.624266217
1559347837101,8.777,122.1,0.05569,0.533,3.624266217
1559347837146,8.822,122.1,0.05569,0.533,3.624266217
1559347837192,8.868,122.1,0.05569,0.533,3.624266217
1559347837255,8.932,122.1,0.05589,0.533,3.637282077
1559347837301,8.978,122.1,0.05589,0.533,3.637282077
1559347837348,9.024,122.1,0.05589,0.533,3.637282077
1559347837394,9.07,122.1,0.05589,0.533,3.637282077
1559347837456,9.132,122.1,0.05539,0.537,3.631794903
1559347837502,9.178,122.1,0.05539,0.537,3.631794903
1559347837548,9.224,122.1,0.05539,0.537,3.631794903
1559347837594,9.27,122.1,0.05539,0.537,3.631794903
1559347837655,9.331,122.1,0.0564,0.527,3.62915388
1559347837701,9.377,122.1,0.0564,0.527,3.62915388
1559347837747,9.423,122.1,0.0564,0.527,3.62915388
1559347837793,9.469,122.1,0.0564,0.527,3.62915388
1559347837855,9.532,122.1,0.05617,0.529,3.628070853
1559347837902,9.578,122.1,0.05617,0.529,3.628070853
1559347837948,9.624,122.1,0.05617,0.529,3.628070853
1559347837994,9.67,122.1,0.05617,0.529,3.628070853
1559347838055,9.731,122.1,0.05625,0.528,3.62637
1559347838101,9.777,122.1,0.05625,0.528,3.62637
1559347838147,9.823,122.1,0.05625,0.528,3.62637
1559347838193,9.869,122.1,0.05625,0.528,3.62637
1559347838255,9.931,122.1,0.05599,0.531,3.630117249
1559347838301,9.977,122.1,0.05599,0.531,3.630117249
1559347838347,10.023,122.1,0.05599,0.531,3.630117249
